0 0.74267578125 0.5320056899004267 0.005859375 0.07539118065433854
0 0.7900390625 0.465149359886202 0.0048828125 0.02418207681365576
0 0.6796875 0.4701280227596017 0.0146484375 0.09957325746799431
0 0.51513671875 0.5078236130867709 0.005859375 0.05263157894736842
0 0.52734375 0.4487908961593172 0.0068359375 0.04551920341394026
0 0.56591796875 0.4274537695590327 0.005859375 0.04551920341394026
0 0.50634765625 0.4267425320056899 0.005859375 0.05547652916073969
0 0.48193359375 0.41607396870554764 0.005859375 0.04836415362731152
0 0.49267578125 0.5071123755334281 0.005859375 0.07965860597439545
0 0.46533203125 0.40540540540540543 0.005859375 0.1379800853485064
0 0.451171875 0.5064011379800853 0.0068359375 0.03840682788051209
0 0.41455078125 0.4644381223328592 0.005859375 0.04267425320056899
0 0.35498046875 0.4480796586059744 0.005859375 0.0953058321479374
0 0.20361328125 0.4274537695590327 0.005859375 0.04551920341394026
0 0.11376953125 0.3691322901849218 0.005859375 0.059743954480796585
0 0.1416015625 0.49786628733997157 0.0068359375 0.04694167852062589
0 0.3046875 0.48933143669985774 0.0048828125 0.03840682788051209
0 0.10205078125 0.4829302987197724 0.021484375 0.031294452347083924
