0 0.9267578125 0.46622516556291393 0.0048828125 0.04370860927152318
0 0.8984375 0.5105960264900662 0.0068359375 0.04768211920529802
0 0.75 0.5079470198675496 0.0068359375 0.07947019867549669
0 0.69482421875 0.5291390728476821 0.005859375 0.060927152317880796
0 0.60595703125 0.49933774834437084 0.005859375 0.054304635761589407
0 0.5078125 0.4423841059602649 0.0068359375 0.05695364238410596
0 0.41943359375 0.4543046357615894 0.005859375 0.10198675496688742
0 0.40576171875 0.39470198675496687 0.005859375 0.04370860927152318
0 0.3388671875 0.4390728476821192 0.0068359375 0.12185430463576159
0 0.19677734375 0.42582781456953644 0.005859375 0.015894039735099338
0 0.1298828125 0.47019867549668876 0.0517578125 0.12582781456953643
