0 0.87109375 0.43741109530583216 0.0087890625 0.1678520625889047
0 0.78857421875 0.4359886201991465 0.005859375 0.025604551920341393
0 0.68701171875 0.414651493598862 0.005859375 0.03982930298719772
0 0.6162109375 0.47297297297297297 0.0048828125 0.04836415362731152
0 0.65869140625 0.492176386913229 0.005859375 0.07254623044096728
0 0.5751953125 0.48577524893314367 0.0048828125 0.034139402560455195
0 0.5380859375 0.43029871977240397 0.0048828125 0.08534850640113797
0 0.47607421875 0.3961593172119488 0.005859375 0.09957325746799431
0 0.45556640625 0.48079658605974396 0.005859375 0.049786628733997154
0 0.40966796875 0.4466571834992888 0.005859375 0.02418207681365576
0 0.39794921875 0.4388335704125178 0.005859375 0.025604551920341393
0 0.1767578125 0.3783783783783784 0.0166015625 0.15789473684210525
0 0.1318359375 0.45803698435277385 0.0087890625 0.1891891891891892
0 0.23681640625 0.4046941678520626 0.005859375 0.05689900426742532
