0 0.8671875 0.5072847682119205 0.0068359375 0.011920529801324504
0 0.87841796875 0.447682119205298 0.005859375 0.011920529801324504
0 0.82373046875 0.5357615894039736 0.005859375 0.060927152317880796
0 0.62646484375 0.45364238410596025 0.005859375 0.02384105960264901
0 0.5625 0.5629139072847682 0.0068359375 0.12317880794701987
0 0.56591796875 0.4695364238410596 0.005859375 0.015894039735099338
0 0.5283203125 0.43178807947019865 0.0048828125 0.038410596026490065
0 0.38525390625 0.5086092715231788 0.0078125 0.030463576158940398
0 0.2373046875 0.4947019867549669 0.0048828125 0.018543046357615896
0 0.17138671875 0.41589403973509936 0.0078125 0.025165562913907286
