0 0.81494140625 0.4544807965860597 0.005859375 0.06258890469416785
0 0.76953125 0.4217638691322902 0.0068359375 0.05689900426742532
0 0.919921875 0.42318634423897583 0.0048828125 0.034139402560455195
0 0.77685546875 0.5327169274537695 0.005859375 0.025604551920341393
0 0.5595703125 0.43314366998577525 0.0048828125 0.02275960170697013
0 0.5830078125 0.5 0.0048828125 0.031294452347083924
0 0.5322265625 0.44096728307254623 0.0048828125 0.029871977240398292
0 0.5146484375 0.531294452347084 0.0068359375 0.09957325746799431
0 0.474609375 0.5263157894736842 0.0048828125 0.06116642958748222
0 0.45703125 0.5412517780938834 0.0048828125 0.04836415362731152
0 0.42529296875 0.3961593172119488 0.0078125 0.12233285917496443
0 0.40234375 0.44950213371266 0.0107421875 0.015647226173541962
0 0.38623046875 0.45305832147937414 0.0078125 0.13086770981507823
0 0.3671875 0.47581792318634425 0.0068359375 0.025604551920341393
0 0.3115234375 0.4487908961593172 0.0048828125 0.017069701280227598
0 0.287109375 0.4516358463726885 0.0068359375 0.14509246088193456
0 0.27490234375 0.45803698435277385 0.005859375 0.03556187766714083
0 0.2353515625 0.49431009957325744 0.0068359375 0.07112375533428165
0 0.20703125 0.4879089615931721 0.0068359375 0.06401137980085349
0 0.16552734375 0.5071123755334281 0.005859375 0.1166429587482219
0 0.1865234375 0.4217638691322902 0.0048828125 0.05405405405405406
0 0.1259765625 0.5142247510668563 0.0048828125 0.02844950213371266
0 0.10986328125 0.484352773826458 0.005859375 0.01422475106685633
0 0.8949460730088495 0.49937058623597985 0.007777931415929196 0.128400407860119
0 0.7001953125 0.40825035561877665 0.0107421875 0.26884779516358465
0 0.701171875 0.5981507823613087 0.0087890625 0.08819345661450925
