0 0.8567937438905181 0.45761589403973507 0.007820136852394917 0.03708609271523179
0 0.8010752688172043 0.3304635761589404 0.015640273704789834 0.20927152317880796
0 0.7360703812316716 0.34172185430463575 0.010752688172043012 0.3695364238410596
0 0.6642228739002932 0.3847682119205298 0.011730205278592375 0.34966887417218545
0 0.4916911045943304 0.5337748344370861 0.006842619745845552 0.07549668874172186
0 0.4946236559139785 0.4410596026490066 0.006842619745845552 0.054304635761589407
0 0.5249266862170088 0.4509933774834437 0.006842619745845552 0.03708609271523179
0 0.5772238514173998 0.43973509933774835 0.005865102639296188 0.06225165562913907
0 0.6021505376344086 0.419205298013245 0.008797653958944282 0.10596026490066225
0 0.47653958944281527 0.2933774834437086 0.009775171065493646 0.36821192052980134
0 0.4149560117302053 0.519205298013245 0.005865102639296188 0.038410596026490065
0 0.2903225806451613 0.5344370860927152 0.006842619745845552 0.06622516556291391
0 0.26881720430107525 0.5258278145695364 0.004887585532746823 0.051655629139072845
0 0.23851417399804498 0.42649006622516555 0.006842619745845552 0.038410596026490065
0 0.1705767350928641 0.4556291390728477 0.005865102639296188 0.03576158940397351
0 0.1402737047898338 0.41324503311258276 0.007820136852394917 0.051655629139072845
0 0.11730205278592376 0.4589403973509934 0.006842619745845552 0.03708609271523179
