0 0.8984375 0.43385490753911804 0.0068359375 0.08961593172119488
0 0.88916015625 0.5056899004267426 0.005859375 0.034139402560455195
0 0.8466796875 0.5128022759601707 0.0068359375 0.06543385490753911
0 0.83154296875 0.44310099573257467 0.005859375 0.06827880512091039
0 0.82177734375 0.4345661450924609 0.00390625 0.07681365576102418
0 0.81396484375 0.42034139402560455 0.005859375 0.10810810810810811
0 0.7822265625 0.4466571834992888 0.0048828125 0.029871977240398292
0 0.75732421875 0.4544807965860597 0.005859375 0.02275960170697013
0 0.6298828125 0.519203413940256 0.0048828125 0.1379800853485064
0 0.68017578125 0.4438122332859175 0.005859375 0.06685633001422475
0 0.55126953125 0.457325746799431 0.005859375 0.025604551920341393
0 0.533203125 0.5071123755334281 0.0068359375 0.051209103840682786
0 0.51416015625 0.5384068278805121 0.005859375 0.02844950213371266
0 0.50146484375 0.5305832147937412 0.005859375 0.09246088193456614
0 0.50341796875 0.4516358463726885 0.005859375 0.03982930298719772
0 0.4716796875 0.44096728307254623 0.0068359375 0.06970128022759602
0 0.4580078125 0.40825035561877665 0.0048828125 0.029871977240398292
0 0.451171875 0.41963015647226176 0.0048828125 0.03556187766714083
0 0.462890625 0.4829302987197724 0.0048828125 0.04267425320056899
0 0.3994140625 0.4132290184921764 0.0068359375 0.13086770981507823
0 0.27783203125 0.5106685633001422 0.005859375 0.032716927453769556
0 0.23388671875 0.4523470839260313 0.005859375 0.049786628733997154
0 0.18603515625 0.4871977240398293 0.005859375 0.09388335704125178
0 0.16748046875 0.48862019914651494 0.005859375 0.09957325746799431
0 0.12451171875 0.4900426742532006 0.005859375 0.07396870554765292
0 0.1025390625 0.4694167852062589 0.0068359375 0.11522048364153627
0 0.67822265625 0.5163584637268848 0.0078125 0.06970128022759602
0 0.39306640625 0.5149359886201992 0.009765625 0.032716927453769556
0 0.36172566371681425 0.4861528971915558 0.03888965707964598 0.09189440954694801
