0 0.88134765625 0.4182076813655761 0.0078125 0.11806543385490754
0 0.810546875 0.4402560455192034 0.0087890625 0.06258890469416785
0 0.7890625 0.5341394025604552 0.0048828125 0.06827880512091039
0 0.73828125 0.42318634423897583 0.0068359375 0.031294452347083924
0 0.52734375 0.4267425320056899 0.0068359375 0.09815078236130868
0 0.40869140625 0.4566145092460882 0.009765625 0.03840682788051209
0 0.3193359375 0.45590327169274536 0.0068359375 0.03698435277382646
0 0.310546875 0.5277382645803699 0.0068359375 0.04694167852062589
0 0.20947265625 0.4118065433854908 0.0078125 0.1251778093883357
0 0.1953125 0.5305832147937412 0.0068359375 0.09246088193456614
0 0.15869140625 0.5149359886201992 0.00390625 0.03556187766714083
0 0.134765625 0.5120910384068279 0.0068359375 0.05832147937411095
0 0.55419921875 0.43314366998577525 0.005859375 0.059743954480796585
0 0.7298810840707964 0.47671169073125297 0.00432107300884943 0.04531779100945383
0 0.326171875 0.5419630156472262 0.0380859375 0.10953058321479374
