0 0.54052734375 0.4544807965860597 0.005859375 0.04551920341394026
0 0.71533203125 0.43812233285917496 0.005859375 0.06401137980085349
0 0.71630859375 0.5071123755334281 0.00390625 0.04551920341394026
0 0.46240234375 0.457325746799431 0.005859375 0.02844950213371266
0 0.3388671875 0.42532005689900426 0.0048828125 0.021337126600284494
0 0.2314453125 0.5305832147937412 0.0048828125 0.07539118065433854
0 0.171875 0.45092460881934565 0.0068359375 0.10668563300142248
0 0.1083984375 0.5611664295874822 0.0068359375 0.09103840682788052
0 0.12841796875 0.4701280227596017 0.03515625 0.09388335704125178
0 0.62841796875 0.43314366998577525 0.009765625 0.6799431009957326
