0 0.80078125 0.5021337126600285 0.0087890625 0.041251778093883355
0 0.796875 0.38549075391180654 0.0087890625 0.11522048364153627
0 0.767578125 0.5113798008534851 0.0048828125 0.04836415362731152
0 0.744140625 0.4423897581792319 0.0087890625 0.21763869132290184
0 0.5703125 0.4480796586059744 0.0068359375 0.04694167852062589
0 0.5244140625 0.48577524893314367 0.0068359375 0.06827880512091039
0 0.6025390625 0.4445234708392603 0.0048828125 0.051209103840682786
0 0.365234375 0.5206258890469416 0.0048828125 0.06685633001422475
0 0.30810546875 0.457325746799431 0.005859375 0.03698435277382646
0 0.21826171875 0.43385490753911804 0.005859375 0.05263157894736842
0 0.15869140625 0.48577524893314367 0.01171875 0.09103840682788052
0 0.6572265625 0.5291607396870555 0.0517578125 0.09246088193456614
