0 0.88037109375 0.34992887624466573 0.009765625 0.3456614509246088
0 0.85791015625 0.5128022759601707 0.0078125 0.16500711237553342
0 0.81982421875 0.5078236130867709 0.0078125 0.08108108108108109
0 0.7392578125 0.48862019914651494 0.0087890625 0.13086770981507823
0 0.63671875 0.43385490753911804 0.0068359375 0.07254623044096728
0 0.60400390625 0.5376955903271693 0.0078125 0.08961593172119488
0 0.53564453125 0.4665718349928876 0.005859375 0.06970128022759602
0 0.478515625 0.5028449502133713 0.0068359375 0.06827880512091039
0 0.61767578125 0.45803698435277385 0.005859375 0.02702702702702703
0 0.4541015625 0.4395448079658606 0.0048828125 0.029871977240398292
0 0.37841796875 0.4516358463726885 0.005859375 0.051209103840682786
0 0.32177734375 0.5547652916073968 0.033203125 0.08108108108108109
0 0.341796875 0.45092460881934565 0.0048828125 0.041251778093883355
0 0.27783203125 0.49288762446657186 0.005859375 0.05689900426742532
0 0.22119140625 0.4366998577524893 0.005859375 0.06685633001422475
0 0.10888671875 0.46088193456614507 0.005859375 0.02702702702702703
0 0.2255859375 0.5042674253200569 0.0068359375 0.03698435277382646
0 0.14599609375 0.5085348506401138 0.013671875 0.08250355618776671
