0 0.9345703125 0.4516358463726885 0.0048828125 0.034139402560455195
0 0.916015625 0.4516358463726885 0.0068359375 0.03698435277382646
0 0.83447265625 0.5369843527738265 0.005859375 0.07396870554765292
0 0.69970703125 0.5206258890469416 0.005859375 0.044096728307254626
0 0.638671875 0.4665718349928876 0.0048828125 0.06970128022759602
0 0.24609375 0.38549075391180654 0.0068359375 0.06116642958748222
0 0.16748046875 0.5277382645803699 0.005859375 0.1721194879089616
0 0.14111328125 0.4701280227596017 0.005859375 0.02275960170697013
0 0.11083984375 0.519203413940256 0.005859375 0.06685633001422475
0 0.11083984375 0.45092460881934565 0.005859375 0.05547652916073969
