0 0.767578125 0.4543046357615894 0.0087890625 0.07549668874172186
0 0.90576171875 0.44966887417218543 0.005859375 0.03708609271523179
0 0.8076171875 0.47549668874172185 0.0087890625 0.022516556291390728
0 0.49072265625 0.45695364238410596 0.005859375 0.0913907284768212
0 0.4033203125 0.4986754966887417 0.0068359375 0.039735099337748346
0 0.37158203125 0.5324503311258278 0.005859375 0.030463576158940398
0 0.34326171875 0.4589403973509934 0.005859375 0.0423841059602649
0 0.19677734375 0.44900662251655626 0.005859375 0.022516556291390728
0 0.11279296875 0.3927152317880795 0.0078125 0.039735099337748346
0 0.748046875 0.495364238410596 0.0048828125 0.017218543046357615
