0 0.8916015625 0.48079658605974396 0.0087890625 0.049786628733997154
0 0.6669921875 0.46372688477951635 0.0107421875 0.155049786628734
0 0.69091796875 0.4544807965860597 0.005859375 0.034139402560455195
0 0.6826171875 0.40256045519203415 0.0048828125 0.05832147937411095
0 0.55859375 0.5149359886201992 0.0068359375 0.04694167852062589
0 0.521484375 0.5433854907539118 0.0048828125 0.05263157894736842
0 0.451171875 0.5305832147937412 0.0048828125 0.06685633001422475
0 0.3994140625 0.45092460881934565 0.0048828125 0.05263157894736842
0 0.2109375 0.45590327169274536 0.0068359375 0.025604551920341393
0 0.23046875 0.4487908961593172 0.0068359375 0.034139402560455195
0 0.1396484375 0.45519203413940257 0.0146484375 0.08392603129445235
