0 0.8978494623655914 0.4470198675496689 0.005865102639296188 0.045033112582781455
0 0.8797653958944281 0.5655629139072847 0.006842619745845552 0.12847682119205298
0 0.7644183773216031 0.5145695364238411 0.006842619745845552 0.05827814569536424
0 0.7218963831867058 0.5019867549668874 0.005865102639296188 0.03576158940397351
0 0.6999022482893451 0.42980132450331127 0.006842619745845552 0.07947019867549669
0 0.6212121212121212 0.46225165562913906 0.009775171065493646 0.343046357615894
0 0.5869990224828935 0.5350993377483444 0.007820136852394917 0.038410596026490065
0 0.46725317693059626 0.4185430463576159 0.006842619745845552 0.0913907284768212
0 0.4227761485826002 0.495364238410596 0.005865102639296188 0.022516556291390728
0 0.34359726295210163 0.44039735099337746 0.005865102639296188 0.05033112582781457
0 0.30547409579667645 0.5026490066225165 0.005865102639296188 0.031788079470198675
0 0.396871945259042 0.46225165562913906 0.006842619745845552 0.025165562913907286
0 0.1441837732160313 0.44834437086092715 0.007820136852394917 0.052980132450331126
0 0.19012707722385142 0.43509933774834436 0.005865102639296188 0.05562913907284768
0 0.15591397849462366 0.4198675496688742 0.005865102639296188 0.038410596026490065
0 0.5777126099706745 0.452317880794702 0.008797653958944282 0.026490066225165563
