0 0.76904296875 0.46088193456614507 0.0078125 0.09815078236130868
0 0.69287109375 0.4566145092460882 0.005859375 0.041251778093883355
0 0.43701171875 0.4907539118065434 0.0078125 0.19203413940256045
0 0.3203125 0.45305832147937414 0.0068359375 0.03982930298719772
0 0.21923828125 0.45874822190611664 0.005859375 0.025604551920341393
0 0.880254424778761 0.4653822429788895 0.006049502212389424 0.050353101121615375
0 0.80712890625 0.43812233285917496 0.005859375 0.029871977240398292
0 0.65087890625 0.4473684210526316 0.005859375 0.034139402560455195
0 0.66650390625 0.5170697012802276 0.005859375 0.031294452347083924
0 0.1181640625 0.3833570412517781 0.0087890625 0.034139402560455195
0 0.26220703125 0.4644381223328592 0.0234375 0.01422475106685633
