0 0.857421875 0.4359886201991465 0.0048828125 0.04836415362731152
0 0.671875 0.4871977240398293 0.0068359375 0.09103840682788052
0 0.6376953125 0.4829302987197724 0.0068359375 0.1337126600284495
0 0.47998046875 0.45590327169274536 0.005859375 0.034139402560455195
0 0.40478515625 0.4096728307254623 0.005859375 0.08392603129445235
0 0.498046875 0.5106685633001422 0.0048828125 0.04694167852062589
0 0.51416015625 0.49786628733997157 0.005859375 0.032716927453769556
0 0.22119140625 0.5184921763869133 0.005859375 0.034139402560455195
0 0.201171875 0.4957325746799431 0.0048828125 0.02275960170697013
0 0.42236328125 0.4914651493598862 0.005859375 0.01991465149359886
0 0.7314453125 0.4914651493598862 0.0048828125 0.025604551920341393
0 0.1249308628318585 0.4420939337101424 0.009506360619468968 0.14728282078072485
0 0.11196764380530982 0.44524100253024335 0.01123478982300885 0.12336509774795755
