0 0.6363636363636364 0.4251655629139073 0.008797653958944282 0.0913907284768212
0 0.6129032258064516 0.43178807947019865 0.006842619745845552 0.08874172185430464
0 0.5420332355816226 0.476158940397351 0.007820136852394917 0.09271523178807947
0 0.5234604105571847 0.4695364238410596 0.007820136852394917 0.11390728476821192
0 0.45112414467253176 0.43178807947019865 0.005865102639296188 0.0781456953642384
0 0.436950146627566 0.4596026490066225 0.006842619745845552 0.02781456953642384
0 0.4178885630498534 0.5158940397350993 0.007820136852394917 0.06622516556291391
0 0.37145650048875856 0.5370860927152318 0.006842619745845552 0.10331125827814569
0 0.19794721407624633 0.4456953642384106 0.007820136852394917 0.04768211920529802
0 0.16129032258064516 0.49072847682119203 0.006842619745845552 0.018543046357615896
0 0.31329423264907136 0.4463576158940397 0.09775171065493646 0.16026490066225166
