0 0.888671875 0.46088193456614507 0.0087890625 0.11522048364153627
0 0.8662109375 0.5128022759601707 0.0068359375 0.04267425320056899
0 0.626953125 0.4672830725462304 0.0048828125 0.031294452347083924
0 0.4501953125 0.5049786628733998 0.0048828125 0.03556187766714083
0 0.37109375 0.4914651493598862 0.0068359375 0.04836415362731152
0 0.123046875 0.5042674253200569 0.0048828125 0.02844950213371266
0 0.30029296875 0.4992887624466572 0.005859375 0.02702702702702703
0 0.10498046875 0.5419630156472262 0.005859375 0.03840682788051209
0 0.478515625 0.5049786628733998 0.0048828125 0.032716927453769556
0 0.76025390625 0.5056899004267426 0.005859375 0.01991465149359886
