0 0.91845703125 0.4388335704125178 0.005859375 0.07112375533428165
0 0.81494140625 0.4871977240398293 0.005859375 0.09103840682788052
0 0.6259765625 0.527027027027027 0.0048828125 0.05405405405405406
0 0.48046875 0.4793741109530583 0.0087890625 0.07823613086770982
0 0.44921875 0.5476529160739687 0.0068359375 0.13513513513513514
0 0.41943359375 0.48079658605974396 0.005859375 0.044096728307254626
0 0.36669921875 0.43741109530583216 0.005859375 0.06827880512091039
0 0.3154296875 0.4907539118065434 0.0068359375 0.20625889046941678
0 0.12255859375 0.46586059743954483 0.005859375 0.051209103840682786
0 0.34660190818584075 0.47922934578733367 0.005185287610619427 0.052870756177696064
0 0.4619140625 0.5014224751066856 0.0068359375 0.031294452347083924
