0 0.91015625 0.4601706970128023 0.0068359375 0.031294452347083924
0 0.8984375 0.5014224751066856 0.0048828125 0.03982930298719772
0 0.84033203125 0.4800853485064011 0.005859375 0.04551920341394026
0 0.71435546875 0.47652916073968704 0.0078125 0.08961593172119488
0 0.5498046875 0.40327169274537694 0.0068359375 0.22190611664295876
0 0.43359375 0.4359886201991465 0.0068359375 0.1763869132290185
0 0.458984375 0.4516358463726885 0.0048828125 0.04267425320056899
0 0.57373046875 0.4523470839260313 0.005859375 0.021337126600284494
0 0.32080078125 0.5106685633001422 0.005859375 0.05547652916073969
0 0.20849609375 0.49288762446657186 0.00390625 0.017069701280227598
0 0.1982421875 0.45092460881934565 0.0048828125 0.03840682788051209
0 0.1279296875 0.49431009957325744 0.0048828125 0.02275960170697013
