0 0.65234375 0.44950213371266 0.0068359375 0.08677098150782361
0 0.8046875 0.5085348506401138 0.0048828125 0.04551920341394026
0 0.76806640625 0.49857752489331436 0.005859375 0.03982930298719772
0 0.88037109375 0.5184921763869133 0.00390625 0.03982930298719772
0 0.84619140625 0.5149359886201992 0.00390625 0.041251778093883355
0 0.8154296875 0.5106685633001422 0.0048828125 0.029871977240398292
0 0.791015625 0.4957325746799431 0.0048828125 0.02844950213371266
0 0.7177734375 0.4317211948790896 0.0068359375 0.03982930298719772
0 0.55126953125 0.42318634423897583 0.005859375 0.11095305832147938
0 0.42431640625 0.44950213371266 0.005859375 0.06970128022759602
0 0.3896484375 0.5177809388335705 0.0068359375 0.06970128022759602
0 0.37158203125 0.48364153627311524 0.005859375 0.07539118065433854
0 0.2529296875 0.48364153627311524 0.0068359375 0.13229018492176386
0 0.2021484375 0.4822190611664296 0.0048828125 0.05547652916073969
0 0.15966796875 0.4267425320056899 0.005859375 0.10099573257467995
0 0.30126953125 0.5234708392603129 0.00390625 0.08677098150782361
0 0.41259765625 0.5 0.005859375 0.1507823613086771
0 0.39013671875 0.49288762446657186 0.005859375 0.11948790896159317
0 0.27783203125 0.38975817923186346 0.0224609375 0.16500711237553342
0 0.283203125 0.5120910384068279 0.0107421875 0.05547652916073969
0 0.58642578125 0.44096728307254623 0.0048828125 0.025604551920341393
0 0.2255859375 0.45376955903271693 0.00390625 0.01991465149359886
0 0.1318359375 0.46372688477951635 0.001953125 0.011379800853485065
0 0.1318359375 0.41109530583214793 0.00390625 0.05405405405405406
