0 0.89990234375 0.48150782361308675 0.009765625 0.025604551920341393
0 0.83935546875 0.48150782361308675 0.005859375 0.04551920341394026
0 0.556640625 0.5106685633001422 0.0048828125 0.04694167852062589
0 0.53857421875 0.4871977240398293 0.005859375 0.04836415362731152
0 0.72607421875 0.4822190611664296 0.005859375 0.05547652916073969
0 0.52880859375 0.43029871977240397 0.00390625 0.025604551920341393
0 0.49072265625 0.4317211948790896 0.005859375 0.16500711237553342
0 0.3408203125 0.5327169274537695 0.0068359375 0.05689900426742532
0 0.77001953125 0.44523470839260315 0.0703125 0.14935988620199148
0 0.32666015625 0.40042674253200566 0.0234375 0.08534850640113797
