0 0.8758553274682307 0.4099337748344371 0.006842619745845552 0.12980132450331125
0 0.7468230694037146 0.5172185430463576 0.006842619745845552 0.07417218543046358
0 0.636852394916911 0.5589403973509933 0.007820136852394917 0.10728476821192053
0 0.6060606060606061 0.4675496688741722 0.010752688172043012 0.13112582781456952
0 0.43255131964809385 0.33311258278145695 0.009775171065493646 0.2913907284768212
0 0.37194525904203324 0.4066225165562914 0.013685239491691105 0.3562913907284768
0 0.34017595307917886 0.45695364238410596 0.006842619745845552 0.017218543046357615
0 0.396871945259042 0.4642384105960265 0.010752688172043012 0.018543046357615896
0 0.3284457478005865 0.5456953642384106 0.006842619745845552 0.06754966887417219
0 0.24242424242424243 0.5165562913907285 0.006842619745845552 0.054304635761589407
0 0.2101661779081134 0.3933774834437086 0.028347996089931573 0.0728476821192053
0 0.1798631476050831 0.4596026490066225 0.006842619745845552 0.011920529801324504
0 0.4474002699809151 0.4842321034374014 0.007447749383233339 0.09082308420056762
