0 0.8984375 0.41038406827880514 0.0068359375 0.10810810810810811
0 0.890625 0.4267425320056899 0.0205078125 0.06685633001422475
0 0.79833984375 0.4822190611664296 0.0078125 0.19487908961593173
0 0.6591796875 0.5305832147937412 0.0400390625 0.10668563300142248
0 0.66748046875 0.414651493598862 0.005859375 0.04267425320056899
0 0.68701171875 0.45519203413940257 0.005859375 0.032716927453769556
0 0.6005859375 0.4260312944523471 0.0068359375 0.09672830725462304
0 0.50390625 0.46799431009957326 0.0068359375 0.044096728307254626
0 0.47607421875 0.4601706970128023 0.0078125 0.02844950213371266
0 0.4560546875 0.47083926031294454 0.0087890625 0.2147937411095306
0 0.38720703125 0.4971550497866287 0.005859375 0.034139402560455195
0 0.31982421875 0.5106685633001422 0.005859375 0.04694167852062589
0 0.52783203125 0.47652916073968704 0.005859375 0.07823613086770982
0 0.24951171875 0.5291607396870555 0.005859375 0.049786628733997154
0 0.859375 0.4914651493598862 0.0068359375 0.07112375533428165
