0 0.716796875 0.43385490753911804 0.0068359375 0.07539118065433854
0 0.67724609375 0.5007112375533428 0.005859375 0.029871977240398292
0 0.6201171875 0.48364153627311524 0.0068359375 0.13513513513513514
0 0.5751953125 0.4317211948790896 0.0107421875 0.08819345661450925
0 0.52734375 0.45376955903271693 0.0068359375 0.04694167852062589
0 0.52294921875 0.55049786628734 0.005859375 0.06970128022759602
0 0.4140625 0.5440967283072546 0.0068359375 0.1251778093883357
0 0.255859375 0.4594594594594595 0.0048828125 0.029871977240398292
0 0.17236328125 0.4907539118065434 0.005859375 0.021337126600284494
0 0.1591796875 0.45874822190611664 0.0048828125 0.02844950213371266
0 0.1015625 0.49288762446657186 0.0126953125 0.02275960170697013
