0 0.8310546875 0.44834437086092715 0.0068359375 0.045033112582781455
0 0.82373046875 0.5258278145695364 0.005859375 0.04105960264900662
0 0.75830078125 0.5443708609271524 0.00390625 0.025165562913907286
0 0.70654296875 0.43642384105960264 0.005859375 0.07682119205298013
0 0.68115234375 0.4337748344370861 0.005859375 0.045033112582781455
0 0.59814453125 0.48013245033112584 0.009765625 0.08741721854304636
0 0.4140625 0.47019867549668876 0.0068359375 0.011920529801324504
0 0.521484375 0.5026490066225165 0.0087890625 0.02384105960264901
0 0.28662109375 0.49072847682119203 0.005859375 0.07682119205298013
0 0.24853515625 0.5059602649006623 0.009765625 0.017218543046357615
0 0.20263671875 0.47218543046357614 0.005859375 0.010596026490066225
0 0.1162109375 0.4728476821192053 0.0087890625 0.009271523178807948
