0 0.89697265625 0.41109530583214793 0.005859375 0.03840682788051209
0 0.89404296875 0.5064011379800853 0.0078125 0.00995732574679943
0 0.82373046875 0.5263157894736842 0.005859375 0.041251778093883355
0 0.81201171875 0.5398293029871978 0.005859375 0.059743954480796585
0 0.64697265625 0.5248933143669986 0.005859375 0.02702702702702703
0 0.74169921875 0.4615931721194879 0.0078125 0.02844950213371266
0 0.7138671875 0.5014224751066856 0.0068359375 0.03698435277382646
0 0.70458984375 0.4260312944523471 0.0078125 0.04267425320056899
0 0.54931640625 0.4523470839260313 0.005859375 0.03556187766714083
0 0.36669921875 0.4665718349928876 0.0078125 0.07823613086770982
0 0.18701171875 0.5519203413940256 0.005859375 0.06116642958748222
0 0.11669921875 0.5170697012802276 0.005859375 0.06827880512091039
0 0.31116910951327437 0.4930764485957779 0.00691371681415931 0.09567089213106912
0 0.64697265625 0.534850640113798 0.005859375 0.06970128022759602
