0 0.76611328125 0.5355618776671408 0.005859375 0.09672830725462304
0 0.73291015625 0.4644381223328592 0.0078125 0.025604551920341393
0 0.6845703125 0.49288762446657186 0.0068359375 0.02275960170697013
0 0.62255859375 0.5206258890469416 0.0078125 0.07823613086770982
0 0.5400390625 0.5789473684210527 0.0048828125 0.1721194879089616
0 0.55712890625 0.3940256045519203 0.005859375 0.03840682788051209
0 0.44091796875 0.531294452347084 0.0078125 0.28165007112375534
0 0.373046875 0.49857752489331436 0.0048828125 0.034139402560455195
0 0.328125 0.5561877667140825 0.0068359375 0.10668563300142248
0 0.27978515625 0.4402560455192034 0.005859375 0.059743954480796585
0 0.2607421875 0.41963015647226176 0.0068359375 0.041251778093883355
0 0.22607421875 0.49857752489331436 0.005859375 0.02275960170697013
0 0.4598140210176992 0.48048817331537413 0.008642146017699082 0.057906066289857616
