0 0.87841796875 0.5327169274537695 0.005859375 0.13086770981507823
0 0.71875 0.4751066856330014 0.0048828125 0.04694167852062589
0 0.6982421875 0.3840682788051209 0.0087890625 0.1806543385490754
0 0.6318359375 0.4295874822190612 0.0068359375 0.08108108108108109
0 0.57666015625 0.4871977240398293 0.0078125 0.06543385490753911
0 0.61181640625 0.43243243243243246 0.005859375 0.08108108108108109
0 0.607421875 0.531294452347084 0.0048828125 0.04836415362731152
0 0.49267578125 0.5433854907539118 0.005859375 0.12375533428165007
0 0.5224609375 0.45590327169274536 0.0048828125 0.03982930298719772
0 0.41455078125 0.5469416785206259 0.005859375 0.09672830725462304
0 0.34326171875 0.5213371266002845 0.005859375 0.07681365576102418
0 0.16748046875 0.5056899004267426 0.005859375 0.2532005689900427
0 0.15478515625 0.39971550497866287 0.005859375 0.10668563300142248
0 0.25 0.534850640113798 0.0048828125 0.03840682788051209
0 0.11376953125 0.4217638691322902 0.00390625 0.04551920341394026
