0 0.9130859375 0.5440967283072546 0.0048828125 0.02844950213371266
0 0.865234375 0.4345661450924609 0.0048828125 0.02844950213371266
0 0.86083984375 0.55049786628734 0.009765625 0.08961593172119488
0 0.71044921875 0.5028449502133713 0.005859375 0.07681365576102418
0 0.61767578125 0.5376955903271693 0.00390625 0.041251778093883355
0 0.5205078125 0.49857752489331436 0.0048828125 0.025604551920341393
0 0.49951171875 0.5170697012802276 0.00390625 0.01991465149359886
0 0.46630859375 0.5483641536273115 0.005859375 0.08819345661450925
0 0.49658203125 0.4623044096728307 0.005859375 0.021337126600284494
0 0.29296875 0.43243243243243246 0.0068359375 0.04694167852062589
0 0.18212890625 0.515647226173542 0.005859375 0.06258890469416785
0 0.17333984375 0.40825035561877665 0.005859375 0.13229018492176386
