0 0.916015625 0.4310099573257468 0.0048828125 0.09246088193456614
0 0.7587890625 0.5149359886201992 0.0048828125 0.03556187766714083
0 0.748046875 0.45376955903271693 0.0048828125 0.03556187766714083
0 0.6875 0.42887624466571833 0.0048828125 0.07681365576102418
0 0.59814453125 0.465149359886202 0.005859375 0.11806543385490754
0 0.56103515625 0.45021337126600286 0.005859375 0.04551920341394026
0 0.54248046875 0.49786628733997157 0.005859375 0.03556187766714083
0 0.447265625 0.47297297297297297 0.0048828125 0.051209103840682786
0 0.36962890625 0.5284495021337127 0.005859375 0.06827880512091039
0 0.33056640625 0.5184921763869133 0.005859375 0.06258890469416785
0 0.302734375 0.45874822190611664 0.0048828125 0.034139402560455195
0 0.26318359375 0.4594594594594595 0.00390625 0.029871977240398292
0 0.177734375 0.5113798008534851 0.0048828125 0.05689900426742532
0 0.1494140625 0.4992887624466572 0.0048828125 0.02418207681365576
0 0.126953125 0.37197724039829305 0.0048828125 0.07681365576102418
0 0.6430275165929203 0.4716763806190914 0.00691371681415931 0.10070620224323058
