0 0.6862170087976539 0.49933774834437084 0.008797653958944282 0.1152317880794702
0 0.5791788856304986 0.452317880794702 0.007820136852394917 0.05033112582781457
0 0.47947214076246336 0.47019867549668876 0.013685239491691105 0.2503311258278146
0 0.39296187683284456 0.5423841059602649 0.006842619745845552 0.09271523178807947
0 0.7737047898338221 0.45695364238410596 0.005865102639296188 0.033112582781456956
0 0.3362658846529814 0.5721854304635762 0.006842619745845552 0.07549668874172186
0 0.3279569892473118 0.5437086092715232 0.007820136852394917 0.04768211920529802
0 0.28396871945259045 0.5629139072847682 0.005865102639296188 0.025165562913907286
0 0.26392961876832843 0.5761589403973509 0.004887585532746823 0.054304635761589407
0 0.20381231671554254 0.49801324503311256 0.005865102639296188 0.02781456953642384
0 0.4051808406647116 0.44437086092715233 0.005865102639296188 0.02913907284768212
0 0.9115347018572825 0.42119205298013246 0.0039100684261974585 0.030463576158940398
