0 0.9326171875 0.4556291390728477 0.0087890625 0.10198675496688742
0 0.912109375 0.5013245033112583 0.0068359375 0.026490066225165563
0 0.82470703125 0.4013245033112583 0.005859375 0.13642384105960265
0 0.80078125 0.5576158940397351 0.0068359375 0.022516556291390728
0 0.8056640625 0.43973509933774835 0.0068359375 0.16821192052980133
0 0.720703125 0.47086092715231787 0.0068359375 0.09006622516556291
0 0.67578125 0.4198675496688742 0.0068359375 0.06490066225165562
0 0.57373046875 0.38543046357615895 0.005859375 0.0728476821192053
0 0.54248046875 0.528476821192053 0.005859375 0.033112582781456956
0 0.48583984375 0.4509933774834437 0.005859375 0.04768211920529802
0 0.46142578125 0.4139072847682119 0.0078125 0.10860927152317881
0 0.43310546875 0.4337748344370861 0.005859375 0.02913907284768212
0 0.30126953125 0.4675496688741722 0.005859375 0.01456953642384106
0 0.18994140625 0.4357615894039735 0.009765625 0.05695364238410596
0 0.14892578125 0.4629139072847682 0.005859375 0.015894039735099338
0 0.12744140625 0.44039735099337746 0.005859375 0.05827814569536424
0 0.10107421875 0.4112582781456954 0.005859375 0.03708609271523179
0 0.12060546875 0.4509933774834437 0.005859375 0.013245033112582781
0 0.58544921875 0.5139072847682119 0.005859375 0.022516556291390728
0 0.85107421875 0.5278145695364238 0.033203125 0.04768211920529802
