0 0.9242424242424242 0.44503311258278144 0.007820136852394917 0.04900662251655629
0 0.8973607038123167 0.4562913907284768 0.006842619745845552 0.039735099337748346
0 0.9027370478983382 0.5132450331125827 0.005865102639296188 0.04768211920529802
0 0.8782991202346041 0.45827814569536424 0.005865102639296188 0.030463576158940398
0 0.8548387096774194 0.4880794701986755 0.007820136852394917 0.04768211920529802
0 0.7116324535679375 0.4291390728476821 0.004887585532746823 0.04900662251655629
0 0.6402737047898338 0.5556291390728477 0.006842619745845552 0.10596026490066225
0 0.6236559139784946 0.4821192052980132 0.008797653958944282 0.12847682119205298
0 0.5053763440860215 0.4986754966887417 0.010752688172043012 0.11920529801324503
0 0.4359726295210166 0.5834437086092715 0.004887585532746823 0.10860927152317881
0 0.23460410557184752 0.5225165562913907 0.008797653958944282 0.07417218543046358
0 0.23264907135874877 0.452317880794702 0.006842619745845552 0.03443708609271523
0 0.22189638318670576 0.49403973509933774 0.006842619745845552 0.022516556291390728
0 0.10117302052785923 0.4503311258278146 0.007820136852394917 0.038410596026490065
0 0.6915933528836755 0.5278145695364238 0.007820136852394917 0.02913907284768212
0 0.6598240469208211 0.5331125827814569 0.04594330400782014 0.10066225165562914
