0 0.90966796875 0.44437086092715233 0.005859375 0.08741721854304636
0 0.89013671875 0.4410596026490066 0.005859375 0.051655629139072845
0 0.77197265625 0.41324503311258276 0.005859375 0.08344370860927153
0 0.59033203125 0.46556291390728477 0.005859375 0.07152317880794702
0 0.51953125 0.42185430463576157 0.0068359375 0.1271523178807947
0 0.38818359375 0.37350993377483444 0.0078125 0.0913907284768212
0 0.34912109375 0.37880794701986753 0.005859375 0.02781456953642384
0 0.3515625 0.43178807947019865 0.0146484375 0.054304635761589407
0 0.61328125 0.3834437086092715 0.0068359375 0.039735099337748346
0 0.2958984375 0.3344370860927152 0.0048828125 0.018543046357615896
