0 0.8701171875 0.5119205298013245 0.0107421875 0.07947019867549669
0 0.71923828125 0.4947019867549669 0.005859375 0.05827814569536424
0 0.5576171875 0.47019867549668876 0.0068359375 0.04370860927152318
0 0.50439453125 0.4562913907284768 0.009765625 0.09006622516556291
0 0.4765625 0.5251655629139073 0.0068359375 0.045033112582781455
0 0.45703125 0.48741721854304637 0.0048828125 0.030463576158940398
0 0.41552734375 0.40066225165562913 0.005859375 0.03708609271523179
0 0.39794921875 0.3390728476821192 0.005859375 0.0913907284768212
0 0.390625 0.48543046357615893 0.0068359375 0.06622516556291391
0 0.3359375 0.4251655629139073 0.0087890625 0.046357615894039736
0 0.322265625 0.3748344370860927 0.0048828125 0.054304635761589407
0 0.26171875 0.36026490066225164 0.0048828125 0.030463576158940398
0 0.19384765625 0.49933774834437084 0.009765625 0.13112582781456952
0 0.18359375 0.4423841059602649 0.0068359375 0.1152317880794702
0 0.09716796875 0.45298013245033114 0.005859375 0.04105960264900662
