0 0.83154296875 0.43741109530583216 0.005859375 0.031294452347083924
0 0.84912109375 0.4480796586059744 0.005859375 0.01849217638691323
0 0.85009765625 0.5035561877667141 0.005859375 0.044096728307254626
0 0.681640625 0.5042674253200569 0.0048828125 0.04267425320056899
0 0.65478515625 0.4566145092460882 0.0078125 0.12944523470839261
0 0.603515625 0.4423897581792319 0.0048828125 0.029871977240398292
0 0.56396484375 0.5085348506401138 0.005859375 0.05405405405405406
0 0.513671875 0.45305832147937414 0.0048828125 0.034139402560455195
0 0.36669921875 0.48079658605974396 0.005859375 0.02702702702702703
0 0.25 0.4566145092460882 0.0068359375 0.01849217638691323
0 0.22314453125 0.46301564722617355 0.005859375 0.025604551920341393
0 0.14892578125 0.4566145092460882 0.00390625 0.01849217638691323
