0 0.8025415444770283 0.49644381223328593 0.006842619745845552 0.2375533428165007
0 0.7365591397849462 0.44950213371266 0.005865102639296188 0.03556187766714083
0 0.5488758553274682 0.5263157894736842 0.005865102639296188 0.08961593172119488
0 0.4760508308895406 0.5206258890469416 0.006842619745845552 0.06116642958748222
0 0.4208211143695015 0.4566145092460882 0.005865102639296188 0.015647226173541962
0 0.34017595307917886 0.5533428165007113 0.004887585532746823 0.06970128022759602
0 0.3250244379276637 0.5113798008534851 0.005865102639296188 0.05689900426742532
0 0.3484848484848485 0.43243243243243246 0.0039100684261974585 0.06401137980085349
0 0.8690127077223851 0.43243243243243246 0.006842619745845552 0.05547652916073969
0 0.5024437927663734 0.441678520625889 0.006842619745845552 0.03698435277382646
