0 0.92431640625 0.4337748344370861 0.0078125 0.03708609271523179
0 0.865234375 0.4589403973509934 0.0068359375 0.03443708609271523
0 0.861328125 0.5423841059602649 0.0107421875 0.11920529801324503
0 0.849609375 0.44900662251655626 0.0048828125 0.04105960264900662
0 0.6982421875 0.428476821192053 0.0068359375 0.09801324503311258
0 0.57177734375 0.43178807947019865 0.021484375 0.14437086092715232
0 0.44921875 0.419205298013245 0.0068359375 0.06887417218543046
0 0.40185546875 0.43509933774834436 0.005859375 0.05562913907284768
0 0.37890625 0.5046357615894039 0.0068359375 0.046357615894039736
0 0.181640625 0.5443708609271524 0.0068359375 0.12582781456953643
0 0.1201171875 0.452317880794702 0.0068359375 0.04768211920529802
0 0.16285342261904762 0.46720277514979497 0.009300595238095233 0.09965310627562284
0 0.3037574404761904 0.49053926206244086 0.008370535714285698 0.1362346263008515
0 0.7697172619047619 0.4690949227373068 0.008370535714285698 0.05802585935036264
