0 0.92578125 0.4800853485064011 0.0087890625 0.1934566145092461
0 0.80029296875 0.47652916073968704 0.0078125 0.04694167852062589
0 0.779296875 0.45803698435277385 0.0068359375 0.041251778093883355
0 0.66650390625 0.5149359886201992 0.01171875 0.06970128022759602
0 0.59130859375 0.45376955903271693 0.005859375 0.03840682788051209
0 0.45361328125 0.5085348506401138 0.021484375 0.02275960170697013
0 0.29638671875 0.5583214793741109 0.005859375 0.07112375533428165
0 0.25927734375 0.5213371266002845 0.005859375 0.07681365576102418
0 0.25927734375 0.45376955903271693 0.005859375 0.03840682788051209
0 0.17138671875 0.422475106685633 0.005859375 0.18634423897581792
0 0.1279296875 0.41963015647226176 0.0068359375 0.06970128022759602
0 0.1103515625 0.4487908961593172 0.0068359375 0.05405405405405406
