0 0.92138671875 0.4774834437086093 0.0078125 0.05033112582781457
0 0.9140625 0.44437086092715233 0.0068359375 0.07417218543046358
0 0.92138671875 0.37748344370860926 0.005859375 0.025165562913907286
0 0.8330078125 0.3562913907284768 0.0068359375 0.08344370860927153
0 0.7314453125 0.37880794701986753 0.0087890625 0.13112582781456952
0 0.66259765625 0.452317880794702 0.01171875 0.09271523178807947
0 0.65869140625 0.3609271523178808 0.0078125 0.07152317880794702
0 0.65673828125 0.428476821192053 0.009765625 0.045033112582781455
0 0.59521484375 0.4337748344370861 0.005859375 0.060927152317880796
0 0.5263671875 0.45761589403973507 0.0068359375 0.060927152317880796
0 0.47119140625 0.35496688741721855 0.0078125 0.14437086092715232
0 0.25341796875 0.39536423841059604 0.005859375 0.08741721854304636
0 0.23779296875 0.32847682119205296 0.0078125 0.06225165562913907
0 0.17431640625 0.37748344370860926 0.005859375 0.030463576158940398
0 0.10546875 0.3708609271523179 0.0068359375 0.046357615894039736
