0 0.91015625 0.4822190611664296 0.0087890625 0.07823613086770982
0 0.80859375 0.48150782361308675 0.0068359375 0.08250355618776671
0 0.77197265625 0.5540540540540541 0.005859375 0.04551920341394026
0 0.74853515625 0.4317211948790896 0.005859375 0.06543385490753911
0 0.72998046875 0.4480796586059744 0.005859375 0.03556187766714083
0 0.732421875 0.5064011379800853 0.0048828125 0.041251778093883355
0 0.6953125 0.4388335704125178 0.0048828125 0.06258890469416785
0 0.6845703125 0.5056899004267426 0.0068359375 0.031294452347083924
0 0.587890625 0.42318634423897583 0.0048828125 0.031294452347083924
0 0.439453125 0.5071123755334281 0.0107421875 0.3015647226173542
0 0.32763671875 0.5355618776671408 0.005859375 0.04267425320056899
0 0.4033203125 0.43385490753911804 0.0048828125 0.02418207681365576
0 0.5751953125 0.4900426742532006 0.0068359375 0.031294452347083924
0 0.30419921875 0.5113798008534851 0.005859375 0.06543385490753911
0 0.39013671875 0.5042674253200569 0.005859375 0.03982930298719772
