0 0.80419921875 0.5362731152204836 0.005859375 0.06685633001422475
0 0.6875 0.4594594594594595 0.0087890625 0.12375533428165007
0 0.49609375 0.47083926031294454 0.0068359375 0.29445234708392604
0 0.525390625 0.5213371266002845 0.0048828125 0.04267425320056899
0 0.541015625 0.4118065433854908 0.0048828125 0.08534850640113797
0 0.46240234375 0.45376955903271693 0.005859375 0.044096728307254626
0 0.44384765625 0.3911806543385491 0.005859375 0.07539118065433854
0 0.4140625 0.4423897581792319 0.0087890625 0.12375533428165007
0 0.40380859375 0.49288762446657186 0.005859375 0.025604551920341393
0 0.3583984375 0.5035561877667141 0.0068359375 0.044096728307254626
0 0.33203125 0.5092460881934566 0.0068359375 0.05547652916073969
0 0.17138671875 0.4473684210526316 0.005859375 0.05689900426742532
0 0.818359375 0.49857752489331436 0.0068359375 0.031294452347083924
0 0.123046875 0.4566145092460882 0.0576171875 0.12375533428165007
