0 0.88818359375 0.5142247510668563 0.005859375 0.07396870554765292
0 0.85107421875 0.4992887624466572 0.005859375 0.01849217638691323
0 0.7412109375 0.4516358463726885 0.0048828125 0.031294452347083924
0 0.8505859375 0.4310099573257468 0.0048828125 0.03556187766714083
0 0.73974609375 0.5305832147937412 0.00390625 0.03556187766714083
0 0.68359375 0.4395448079658606 0.0068359375 0.15789473684210525
0 0.66748046875 0.5355618776671408 0.005859375 0.04267425320056899
0 0.630859375 0.5049786628733998 0.0048828125 0.02418207681365576
0 0.52978515625 0.47297297297297297 0.005859375 0.09388335704125178
0 0.51318359375 0.49288762446657186 0.005859375 0.05689900426742532
0 0.4482421875 0.4601706970128023 0.0048828125 0.051209103840682786
0 0.45166015625 0.5149359886201992 0.005859375 0.041251778093883355
0 0.4111328125 0.42034139402560455 0.0048828125 0.034139402560455195
0 0.3984375 0.4701280227596017 0.0068359375 0.04836415362731152
0 0.41259765625 0.46799431009957326 0.005859375 0.02702702702702703
0 0.55810546875 0.42318634423897583 0.005859375 0.04267425320056899
0 0.12109375 0.4672830725462304 0.0537109375 0.11379800853485064
