0 0.84716796875 0.4182076813655761 0.0078125 0.15220483641536273
0 0.7568359375 0.5042674253200569 0.0068359375 0.14793741109530584
0 0.64208984375 0.49786628733997157 0.005859375 0.07539118065433854
0 0.4521484375 0.48150782361308675 0.0087890625 0.17354196301564723
0 0.28369140625 0.4743954480796586 0.009765625 0.19630156472261737
0 0.18408203125 0.4957325746799431 0.0078125 0.13655761024182078
0 0.29931640625 0.47155049786628733 0.005859375 0.06258890469416785
0 0.70947265625 0.441678520625889 0.005859375 0.04267425320056899
0 0.82763671875 0.46586059743954483 0.005859375 0.05689900426742532
0 0.7958984375 0.46372688477951635 0.0068359375 0.03556187766714083
0 0.8662109375 0.5234708392603129 0.0068359375 0.05832147937411095
0 0.78515625 0.4523470839260313 0.0048828125 0.041251778093883355
0 0.560546875 0.4786628733997155 0.0048828125 0.01991465149359886
0 0.48388671875 0.5184921763869133 0.005859375 0.05689900426742532
