0 0.90625 0.4402560455192034 0.0068359375 0.031294452347083924
0 0.8154296875 0.3911806543385491 0.0048828125 0.04694167852062589
0 0.703125 0.5071123755334281 0.0048828125 0.051209103840682786
0 0.70654296875 0.4466571834992888 0.00390625 0.01849217638691323
0 0.53173828125 0.43314366998577525 0.005859375 0.025604551920341393
0 0.47509765625 0.5355618776671408 0.0078125 0.05689900426742532
0 0.37158203125 0.39544807965860596 0.0078125 0.15789473684210525
0 0.251953125 0.5142247510668563 0.0068359375 0.1251778093883357
0 0.63525390625 0.5170697012802276 0.0078125 0.08250355618776671
0 0.634765625 0.45092460881934565 0.0048828125 0.02418207681365576
0 0.30224609375 0.49359886201991465 0.005859375 0.029871977240398292
