0 0.7047898338220919 0.44503311258278144 0.006842619745845552 0.06490066225165562
0 0.6930596285434996 0.38741721854304634 0.006842619745845552 0.12450331125827814
0 0.6187683284457478 0.43973509933774835 0.006842619745845552 0.0781456953642384
0 0.5004887585532747 0.4960264900662252 0.006842619745845552 0.0847682119205298
0 0.44819159335288367 0.47549668874172185 0.007820136852394917 0.10198675496688742
0 0.46774193548387094 0.41324503311258276 0.005865102639296188 0.08874172185430464
0 0.28983382209188663 0.5417218543046357 0.007820136852394917 0.1152317880794702
0 0.30254154447702836 0.44304635761589406 0.005865102639296188 0.052980132450331126
0 0.23998044965786902 0.495364238410596 0.005865102639296188 0.025165562913907286
0 0.18914956011730205 0.4589403973509934 0.007820136852394917 0.03708609271523179
0 0.1603128054740958 0.4596026490066225 0.006842619745845552 0.033112582781456956
0 0.11290322580645161 0.4357615894039735 0.015640273704789834 0.07549668874172186
