0 0.9189453125 0.5128022759601707 0.0068359375 0.06543385490753911
0 0.82958984375 0.5199146514935988 0.005859375 0.06258890469416785
0 0.70703125 0.48150782361308675 0.0087890625 0.07965860597439545
0 0.48046875 0.5298719772403983 0.0048828125 0.09672830725462304
0 0.42919921875 0.5241820768136558 0.005859375 0.05689900426742532
0 0.45068359375 0.5540540540540541 0.00390625 0.04267425320056899
0 0.39013671875 0.45376955903271693 0.005859375 0.044096728307254626
0 0.37158203125 0.5085348506401138 0.005859375 0.051209103840682786
0 0.30029296875 0.4423897581792319 0.005859375 0.03840682788051209
0 0.2216796875 0.4388335704125178 0.0048828125 0.06258890469416785
0 0.5654296875 0.46372688477951635 0.0048828125 0.01849217638691323
0 0.6005859375 0.492176386913229 0.0048828125 0.015647226173541962
0 0.58544921875 0.49288762446657186 0.005859375 0.02275960170697013
0 0.275390625 0.4950213371266003 0.0068359375 0.029871977240398292
