0 0.80322265625 0.45874822190611664 0.005859375 0.03698435277382646
0 0.79541015625 0.43029871977240397 0.00390625 0.02844950213371266
0 0.837890625 0.5341394025604552 0.0048828125 0.02844950213371266
0 0.75537109375 0.5533428165007113 0.005859375 0.12375533428165007
0 0.59375 0.4466571834992888 0.0048828125 0.049786628733997154
0 0.51513671875 0.5028449502133713 0.005859375 0.034139402560455195
0 0.54638671875 0.5284495021337127 0.005859375 0.02275960170697013
0 0.40673828125 0.47652916073968704 0.005859375 0.044096728307254626
0 0.490234375 0.44310099573257467 0.0048828125 0.03982930298719772
0 0.2939453125 0.4480796586059744 0.0048828125 0.029871977240398292
0 0.23486328125 0.46799431009957326 0.0078125 0.16927453769559034
0 0.20654296875 0.4352773826458037 0.005859375 0.032716927453769556
0 0.171875 0.4644381223328592 0.0048828125 0.02275960170697013
0 0.1640625 0.527027027027027 0.0068359375 0.06827880512091039
0 0.4208984375 0.38975817923186346 0.0087890625 0.032716927453769556
