0 0.9326171875 0.4556291390728477 0.0107421875 0.10728476821192053
0 0.9130859375 0.4814569536423841 0.0087890625 0.11920529801324503
0 0.82470703125 0.35960264900662253 0.0078125 0.23576158940397351
0 0.80029296875 0.5549668874172186 0.0078125 0.02781456953642384
0 0.8037109375 0.4821192052980132 0.0126953125 0.16821192052980133
0 0.7216796875 0.4741721854304636 0.0087890625 0.10728476821192053
0 0.67578125 0.41788079470198675 0.0068359375 0.052980132450331126
0 0.5859375 0.5291390728476821 0.0068359375 0.052980132450331126
0 0.57373046875 0.3973509933774834 0.005859375 0.07019867549668875
0 0.54248046875 0.5443708609271524 0.005859375 0.05695364238410596
0 0.48583984375 0.4629139072847682 0.005859375 0.02119205298013245
0 0.46142578125 0.3543046357615894 0.0078125 0.35496688741721855
0 0.37744140625 0.4629139072847682 0.005859375 0.015894039735099338
0 0.28369140625 0.5165562913907285 0.005859375 0.04370860927152318
0 0.189453125 0.4304635761589404 0.0087890625 0.0728476821192053
0 0.12744140625 0.43178807947019865 0.0078125 0.08344370860927153
0 0.1494140625 0.4609271523178808 0.0068359375 0.019867549668874173
0 0.12109375 0.4503311258278146 0.0068359375 0.01456953642384106
0 0.8505859375 0.528476821192053 0.0322265625 0.04370860927152318
