0 0.8567937438905181 0.45827814569536424 0.007820136852394917 0.03576158940397351
0 0.8005865102639296 0.36423841059602646 0.016617790811339198 0.14437086092715232
0 0.7365591397849462 0.3536423841059603 0.009775171065493646 0.3456953642384106
0 0.7106549364613881 0.4271523178807947 0.006842619745845552 0.031788079470198675
0 0.6637341153470185 0.34635761589403974 0.01270772238514174 0.447682119205298
0 0.6016617790811339 0.428476821192053 0.007820136852394917 0.06622516556291391
0 0.5772238514173998 0.4377483443708609 0.005865102639296188 0.0423841059602649
0 0.4912023460410557 0.5311258278145695 0.005865102639296188 0.06754966887417219
0 0.47653958944281527 0.34701986754966885 0.009775171065493646 0.2635761589403974
0 0.4946236559139785 0.43642384105960264 0.006842619745845552 0.045033112582781455
0 0.5254154447702835 0.4549668874172185 0.005865102639296188 0.02119205298013245
0 0.41544477028348 0.5178807947019868 0.006842619745845552 0.038410596026490065
0 0.2903225806451613 0.5258278145695364 0.004887585532746823 0.06225165562913907
0 0.26881720430107525 0.5172185430463576 0.004887585532746823 0.031788079470198675
0 0.1705767350928641 0.4562913907284768 0.005865102639296188 0.03443708609271523
0 0.1402737047898338 0.41324503311258276 0.007820136852394917 0.051655629139072845
0 0.11681329423264906 0.4642384105960265 0.005865102639296188 0.02384105960264901
