0 0.92431640625 0.42980132450331127 0.0078125 0.026490066225165563
0 0.865234375 0.45761589403973507 0.0068359375 0.03708609271523179
0 0.861328125 0.5417218543046357 0.0107421875 0.11788079470198676
0 0.849609375 0.447682119205298 0.0068359375 0.046357615894039736
0 0.6982421875 0.4278145695364238 0.0068359375 0.09668874172185431
0 0.5712890625 0.42450331125827817 0.0224609375 0.16158940397350993
0 0.44921875 0.4165562913907285 0.0068359375 0.07682119205298013
0 0.4013671875 0.4304635761589404 0.0068359375 0.06225165562913907
0 0.37890625 0.5086092715231788 0.0068359375 0.054304635761589407
0 0.18115234375 0.5589403973509933 0.005859375 0.15496688741721854
0 0.244140625 0.4357615894039735 0.0068359375 0.08079470198675497
0 0.2138671875 0.4357615894039735 0.0068359375 0.03576158940397351
0 0.12060546875 0.4503311258278146 0.0078125 0.04900662251655629
0 0.16285342261904762 0.45900346893724375 0.009300595238095233 0.11605171870072528
0 0.3042224702380952 0.47666351308735416 0.007440476190476164 0.17660044150110374
0 0.7687872023809523 0.4716177861873226 0.00651041666666663 0.06559444970040995
