0 0.88232421875 0.28874172185430463 0.0078125 0.2370860927152318
0 0.7939453125 0.3754966887417219 0.0166015625 0.14834437086092717
0 0.67626953125 0.3781456953642384 0.005859375 0.04768211920529802
0 0.38916015625 0.419205298013245 0.005859375 0.02913907284768212
0 0.42138671875 0.5125827814569537 0.005859375 0.04370860927152318
0 0.18896484375 0.476158940397351 0.005859375 0.039735099337748346
0 0.33544921875 0.4688741721854305 0.005859375 0.038410596026490065
0 0.48583984375 0.48940397350993375 0.0078125 0.2728476821192053
0 0.3251953125 0.32384105960264903 0.0166015625 0.06622516556291391
0 0.77587890625 0.3251655629139073 0.029296875 0.04768211920529802
