0 0.8271484375 0.39536423841059604 0.0146484375 0.24900662251655628
0 0.771484375 0.40066225165562913 0.0068359375 0.07417218543046358
0 0.65625 0.43973509933774835 0.0068359375 0.06490066225165562
0 0.64794921875 0.44437086092715233 0.005859375 0.06357615894039735
0 0.8876953125 0.45364238410596025 0.0068359375 0.03708609271523179
0 0.87255859375 0.49801324503311256 0.005859375 0.030463576158940398
0 0.67626953125 0.5331125827814569 0.005859375 0.02913907284768212
0 0.60400390625 0.5258278145695364 0.005859375 0.054304635761589407
0 0.64013671875 0.4960264900662252 0.005859375 0.026490066225165563
0 0.564453125 0.46225165562913906 0.0068359375 0.02781456953642384
0 0.5361328125 0.4629139072847682 0.0068359375 0.02913907284768212
0 0.50341796875 0.46225165562913906 0.005859375 0.022516556291390728
0 0.482421875 0.5052980132450331 0.0068359375 0.03443708609271523
0 0.4248046875 0.5357615894039736 0.0068359375 0.04768211920529802
0 0.4306640625 0.5066225165562914 0.0048828125 0.045033112582781455
0 0.32568359375 0.5403973509933775 0.03515625 0.11258278145695365
0 0.33203125 0.44437086092715233 0.0068359375 0.06357615894039735
0 0.349609375 0.4463576158940397 0.0048828125 0.04900662251655629
