0 0.8837890625 0.4672830725462304 0.0087890625 0.04267425320056899
0 0.91015625 0.5199146514935988 0.0068359375 0.03698435277382646
0 0.92041015625 0.4786628733997155 0.005859375 0.051209103840682786
0 0.80859375 0.4822190611664296 0.0068359375 0.112375533428165
0 0.79345703125 0.5220483641536273 0.005859375 0.09246088193456614
0 0.76806640625 0.5576102418207681 0.009765625 0.15220483641536273
0 0.73095703125 0.46586059743954483 0.005859375 0.01991465149359886
0 0.70703125 0.5213371266002845 0.0068359375 0.07112375533428165
0 0.685546875 0.5049786628733998 0.0068359375 0.03840682788051209
0 0.6630859375 0.4480796586059744 0.0068359375 0.029871977240398292
0 0.62353515625 0.47155049786628733 0.0078125 0.16216216216216217
0 0.57568359375 0.4829302987197724 0.005859375 0.034139402560455195
0 0.52294921875 0.4907539118065434 0.005859375 0.02702702702702703
0 0.40869140625 0.5056899004267426 0.00390625 0.025604551920341393
