0 0.88720703125 0.42816500711237554 0.005859375 0.20625889046941678
0 0.89697265625 0.5248933143669986 0.005859375 0.049786628733997154
0 0.68017578125 0.4182076813655761 0.005859375 0.07823613086770982
0 0.6396484375 0.43812233285917496 0.0087890625 0.05263157894736842
0 0.6279296875 0.414651493598862 0.0048828125 0.059743954480796585
0 0.5966796875 0.5298719772403983 0.0068359375 0.05405405405405406
0 0.58984375 0.45021337126600286 0.0068359375 0.051209103840682786
0 0.5302734375 0.43812233285917496 0.0048828125 0.06401137980085349
0 0.47314453125 0.4871977240398293 0.0078125 0.12802275960170698
0 0.20361328125 0.49288762446657186 0.005859375 0.1337126600284495
0 0.21875 0.5056899004267426 0.0068359375 0.11095305832147938
0 0.09716796875 0.5177809388335705 0.005859375 0.05832147937411095
0 0.77685546875 0.45590327169274536 0.052734375 0.1507823613086771
0 0.32666015625 0.4274537695590327 0.021484375 0.09388335704125178
