0 0.93408203125 0.48150782361308675 0.005859375 0.07112375533428165
0 0.84228515625 0.42318634423897583 0.005859375 0.04551920341394026
0 0.8046875 0.47652916073968704 0.0068359375 0.041251778093883355
0 0.4892578125 0.534850640113798 0.0048828125 0.05263157894736842
0 0.5615234375 0.46088193456614507 0.0048828125 0.02418207681365576
0 0.70263671875 0.4544807965860597 0.005859375 0.01422475106685633
0 0.443359375 0.4352773826458037 0.0048828125 0.02702702702702703
0 0.4208984375 0.39260312944523473 0.0087890625 0.03556187766714083
0 0.4248046875 0.5305832147937412 0.0048828125 0.021337126600284494
0 0.40673828125 0.4829302987197724 0.005859375 0.02275960170697013
0 0.365234375 0.47652916073968704 0.0048828125 0.015647226173541962
0 0.298828125 0.4523470839260313 0.0048828125 0.04694167852062589
0 0.23681640625 0.48933143669985774 0.005859375 0.08392603129445235
0 0.171875 0.46088193456614507 0.0068359375 0.07254623044096728
0 0.1650390625 0.527027027027027 0.0048828125 0.06543385490753911
0 0.1787109375 0.492176386913229 0.0087890625 0.02418207681365576
0 0.517578125 0.49857752489331436 0.0048828125 0.034139402560455195
0 0.1259765625 0.5184921763869133 0.0048828125 0.034139402560455195
