0 0.7744140625 0.47581792318634425 0.0087890625 0.10241820768136557
0 0.7548828125 0.5263157894736842 0.0068359375 0.08392603129445235
0 0.7314453125 0.4423897581792319 0.0048828125 0.02418207681365576
0 0.71630859375 0.46088193456614507 0.005859375 0.029871977240398292
0 0.701171875 0.566145092460882 0.0068359375 0.13513513513513514
0 0.63427734375 0.5128022759601707 0.005859375 0.031294452347083924
0 0.5615234375 0.42460881934566147 0.0068359375 0.01991465149359886
0 0.50244140625 0.531294452347084 0.009765625 0.09672830725462304
0 0.4619140625 0.5305832147937412 0.0087890625 0.10099573257467995
0 0.18115234375 0.515647226173542 0.005859375 0.034139402560455195
0 0.17431640625 0.422475106685633 0.005859375 0.03556187766714083
0 0.1572265625 0.527027027027027 0.0048828125 0.031294452347083924
0 0.57177734375 0.45519203413940257 0.0078125 0.029871977240398292
