0 0.77392578125 0.4516358463726885 0.005859375 0.04551920341394026
0 0.76318359375 0.4665718349928876 0.005859375 0.015647226173541962
0 0.7568359375 0.49359886201991465 0.0087890625 0.14082503556187767
0 0.701171875 0.5263157894736842 0.0087890625 0.16927453769559034
0 0.63623046875 0.44310099573257467 0.005859375 0.01422475106685633
0 0.5615234375 0.4352773826458037 0.0048828125 0.015647226173541962
0 0.501953125 0.5440967283072546 0.0068359375 0.11948790896159317
0 0.46337890625 0.5227596017069701 0.005859375 0.07681365576102418
0 0.46142578125 0.4523470839260313 0.0078125 0.03840682788051209
0 0.4052734375 0.48577524893314367 0.0048828125 0.017069701280227598
0 0.35009765625 0.49359886201991465 0.005859375 0.012802275960170697
0 0.17431640625 0.4544807965860597 0.005859375 0.034139402560455195
0 0.15673828125 0.4694167852062589 0.005859375 0.012802275960170697
0 0.53857421875 0.4566145092460882 0.005859375 0.029871977240398292
0 0.7160536504424778 0.47671169073125297 0.012963219026548733 0.06294137640201916
