0 0.92041015625 0.5099573257467994 0.0078125 0.1678520625889047
0 0.923828125 0.492176386913229 0.0107421875 0.07539118065433854
0 0.736328125 0.4438122332859175 0.0068359375 0.05547652916073969
0 0.67529296875 0.46301564722617355 0.005859375 0.04551920341394026
0 0.6630859375 0.5035561877667141 0.0087890625 0.112375533428165
0 0.60400390625 0.5085348506401138 0.009765625 0.1934566145092461
0 0.58203125 0.44096728307254623 0.0068359375 0.06116642958748222
0 0.51220703125 0.45874822190611664 0.005859375 0.05405405405405406
0 0.46826171875 0.5490753911806543 0.005859375 0.06401137980085349
0 0.33154296875 0.531294452347084 0.005859375 0.03982930298719772
0 0.2880859375 0.5533428165007113 0.0048828125 0.05547652916073969
0 0.26513671875 0.48150782361308675 0.005859375 0.05405405405405406
0 0.2353515625 0.4189189189189189 0.0068359375 0.07112375533428165
0 0.19287109375 0.4217638691322902 0.005859375 0.07965860597439545
0 0.12841796875 0.42318634423897583 0.005859375 0.06543385490753911
