0 0.8758553274682307 0.4033112582781457 0.006842619745845552 0.14304635761589404
0 0.7468230694037146 0.5178807947019868 0.006842619745845552 0.07019867549668875
0 0.636852394916911 0.5682119205298013 0.007820136852394917 0.12582781456953643
0 0.6065493646138808 0.47218543046357614 0.009775171065493646 0.10066225165562914
0 0.4335288367546432 0.30529801324503314 0.007820136852394917 0.2913907284768212
0 0.37194525904203324 0.39602649006622515 0.011730205278592375 0.32450331125827814
0 0.3973607038123167 0.4609271523178808 0.013685239491691105 0.02781456953642384
0 0.34017595307917886 0.45827814569536424 0.006842619745845552 0.019867549668874173
0 0.3279569892473118 0.5450331125827814 0.005865102639296188 0.07417218543046358
0 0.24242424242424243 0.5231788079470199 0.006842619745845552 0.0728476821192053
0 0.2878787878787879 0.5 0.005865102639296188 0.03443708609271523
0 0.21603128054740958 0.41788079470198675 0.01857282502443793 0.10331125827814569
0 0.1798631476050831 0.45761589403973507 0.006842619745845552 0.02119205298013245
0 0.44786575431736714 0.4981078524124882 0.008378718056137395 0.09082308420056762
