0 0.91796875 0.4850640113798009 0.0048828125 0.02702702702702703
0 0.7373046875 0.5064011379800853 0.0068359375 0.19772403982930298
0 0.6630859375 0.5113798008534851 0.0087890625 0.10241820768136557
0 0.67529296875 0.5113798008534851 0.005859375 0.07112375533428165
0 0.44140625 0.5704125177809388 0.0068359375 0.06685633001422475
0 0.45068359375 0.5092460881934566 0.021484375 0.02418207681365576
0 0.42236328125 0.5384068278805121 0.005859375 0.04267425320056899
0 0.345703125 0.5320056899004267 0.0068359375 0.06116642958748222
0 0.3037109375 0.5327169274537695 0.0068359375 0.1593172119487909
0 0.17138671875 0.37980085348506404 0.0078125 0.3285917496443812
0 0.15625 0.519203413940256 0.0048828125 0.03556187766714083
0 0.46728515625 0.4694167852062589 0.005859375 0.01849217638691323
0 0.3955078125 0.492176386913229 0.0048828125 0.01849217638691323
