0 0.873046875 0.48079470198675495 0.0087890625 0.08874172185430464
0 0.8701171875 0.3258278145695364 0.0068359375 0.16556291390728478
0 0.837890625 0.4185430463576159 0.0068359375 0.21589403973509932
0 0.79296875 0.45761589403973507 0.0068359375 0.0423841059602649
0 0.716796875 0.40397350993377484 0.0068359375 0.05695364238410596
0 0.45703125 0.49403973509933774 0.0068359375 0.11258278145695365
0 0.30517578125 0.48741721854304637 0.005859375 0.08609271523178808
0 0.287109375 0.43509933774834436 0.0126953125 0.07152317880794702
0 0.19189453125 0.4205298013245033 0.0078125 0.1880794701986755
0 0.7490234375 0.3927152317880795 0.0068359375 0.03708609271523179
0 0.57470703125 0.39006622516556294 0.0078125 0.08211920529801324
