0 0.85693359375 0.37268847795163584 0.0078125 0.1806543385490754
0 0.7998046875 0.3008534850640114 0.0166015625 0.37268847795163584
0 0.73583984375 0.302275960170697 0.009765625 0.34992887624466573
0 0.69873046875 0.4829302987197724 0.005859375 0.01991465149359886
0 0.66455078125 0.3207681365576102 0.01171875 0.45519203413940257
0 0.6435546875 0.4395448079658606 0.0048828125 0.049786628733997154
0 0.72900390625 0.45021337126600286 0.01171875 0.059743954480796585
0 0.78564453125 0.5227596017069701 0.0078125 0.06827880512091039
0 0.44384765625 0.45021337126600286 0.0078125 0.04551920341394026
0 0.41552734375 0.5049786628733998 0.0078125 0.044096728307254626
0 0.23876953125 0.4786628733997155 0.005859375 0.08250355618776671
0 0.29052734375 0.45590327169274536 0.005859375 0.03698435277382646
0 0.29833984375 0.5028449502133713 0.00390625 0.034139402560455195
0 0.2529296875 0.5362731152204836 0.0048828125 0.029871977240398292
0 0.146484375 0.4850640113798009 0.0048828125 0.09246088193456614
0 0.1181640625 0.4864864864864865 0.0068359375 0.041251778093883355
0 0.12890625 0.4879089615931721 0.0048828125 0.06970128022759602
