0 0.830078125 0.4139402560455192 0.0048828125 0.10668563300142248
0 0.83056640625 0.5220483641536273 0.005859375 0.08392603129445235
0 0.4794921875 0.5163584637268848 0.0068359375 0.06970128022759602
0 0.4501953125 0.4822190611664296 0.0048828125 0.03840682788051209
0 0.4189453125 0.5021337126600285 0.0068359375 0.044096728307254626
0 0.3291015625 0.45519203413940257 0.0048828125 0.03556187766714083
0 0.27880859375 0.45092460881934565 0.009765625 0.04694167852062589
0 0.64794921875 0.5519203413940256 0.005859375 0.06401137980085349
0 0.591796875 0.4871977240398293 0.0048828125 0.034139402560455195
0 0.70947265625 0.4182076813655761 0.005859375 0.032716927453769556
