0 0.89404296875 0.41536273115220484 0.005859375 0.08677098150782361
0 0.841796875 0.4295874822190612 0.0048828125 0.044096728307254626
0 0.8330078125 0.4118065433854908 0.0068359375 0.12802275960170698
0 0.876953125 0.5355618776671408 0.0048828125 0.02844950213371266
0 0.81494140625 0.45590327169274536 0.005859375 0.03698435277382646
0 0.78125 0.4310099573257468 0.0048828125 0.06970128022759602
0 0.77490234375 0.5007112375533428 0.005859375 0.03556187766714083
0 0.7626953125 0.42532005689900426 0.0048828125 0.06116642958748222
0 0.7568359375 0.465149359886202 0.0048828125 0.01849217638691323
0 0.73193359375 0.4466571834992888 0.005859375 0.05832147937411095
0 0.7080078125 0.43385490753911804 0.0048828125 0.041251778093883355
0 0.70068359375 0.4260312944523471 0.0078125 0.09957325746799431
0 0.5654296875 0.45021337126600286 0.0068359375 0.27311522048364156
0 0.6376953125 0.45376955903271693 0.0029296875 0.021337126600284494
0 0.53955078125 0.4566145092460882 0.017578125 0.029871977240398292
0 0.50146484375 0.49786628733997157 0.005859375 0.032716927453769556
0 0.46337890625 0.5021337126600285 0.0078125 0.112375533428165
0 0.4013671875 0.44594594594594594 0.0126953125 0.02844950213371266
0 0.39501953125 0.5327169274537695 0.0078125 0.05405405405405406
0 0.36669921875 0.5376955903271693 0.005859375 0.10384068278805121
0 0.24755859375 0.4786628733997155 0.005859375 0.04551920341394026
