0 0.8935546875 0.5177809388335705 0.0048828125 0.049786628733997154
0 0.7998046875 0.566145092460882 0.0048828125 0.06116642958748222
0 0.8427734375 0.4174964438122333 0.0048828125 0.025604551920341393
0 0.79248046875 0.42816500711237554 0.005859375 0.08961593172119488
0 0.74365234375 0.39758179231863444 0.005859375 0.19914651493598862
0 0.6005859375 0.4018492176386913 0.0068359375 0.19914651493598862
0 0.5009765625 0.4174964438122333 0.0068359375 0.2361308677098151
0 0.4140625 0.4487908961593172 0.0068359375 0.13940256045519203
0 0.28759765625 0.45803698435277385 0.009765625 0.032716927453769556
0 0.19189453125 0.4395448079658606 0.005859375 0.06970128022759602
0 0.12353515625 0.46088193456614507 0.0546875 0.12091038406827881
