0 0.75048828125 0.5320056899004267 0.005859375 0.06401137980085349
0 0.7177734375 0.6073968705547653 0.0068359375 0.10099573257467995
0 0.7041015625 0.45305832147937414 0.0048828125 0.04836415362731152
0 0.6015625 0.5476529160739687 0.0068359375 0.12375533428165007
0 0.10986328125 0.4487908961593172 0.005859375 0.06258890469416785
0 0.21142578125 0.5113798008534851 0.005859375 0.07112375533428165
0 0.31201171875 0.5284495021337127 0.005859375 0.06258890469416785
0 0.2841796875 0.45092460881934565 0.0048828125 0.049786628733997154
0 0.6663613108407079 0.44524100253024335 0.005185287610619538 0.07804730673850371
0 0.45419662610619477 0.4622351741587885 0.004321073008849541 0.06923551404222104
0 0.79443359375 0.4295874822190612 0.00390625 0.041251778093883355
0 0.3916015625 0.515647226173542 0.0087890625 0.03698435277382646
0 0.36279296875 0.5092460881934566 0.0078125 0.05263157894736842
0 0.408203125 0.45590327169274536 0.0048828125 0.02844950213371266
0 0.57080078125 0.45376955903271693 0.005859375 0.032716927453769556
