0 0.81005859375 0.4957325746799431 0.005859375 0.04267425320056899
0 0.794921875 0.5035561877667141 0.0048828125 0.044096728307254626
0 0.67919921875 0.5241820768136558 0.005859375 0.051209103840682786
0 0.72265625 0.44096728307254623 0.0048828125 0.02702702702702703
0 0.61865234375 0.5177809388335705 0.009765625 0.155049786628734
0 0.50732421875 0.4317211948790896 0.005859375 0.04551920341394026
0 0.5048828125 0.542674253200569 0.0087890625 0.12233285917496443
0 0.27099609375 0.4352773826458037 0.005859375 0.08392603129445235
0 0.16357421875 0.46088193456614507 0.005859375 0.02418207681365576
0 0.185546875 0.49644381223328593 0.0068359375 0.03556187766714083
0 0.6337890625 0.40256045519203415 0.0048828125 0.044096728307254626
0 0.5712890625 0.46870554765291605 0.0048828125 0.034139402560455195
