0 0.93310546875 0.5278145695364238 0.005859375 0.08211920529801324
0 0.88427734375 0.42980132450331127 0.009765625 0.045033112582781455
0 0.85546875 0.5536423841059602 0.0068359375 0.08874172185430464
0 0.8232421875 0.4185430463576159 0.0068359375 0.033112582781456956
0 0.810546875 0.43178807947019865 0.0068359375 0.04105960264900662
0 0.80810546875 0.5079470198675496 0.0078125 0.045033112582781455
0 0.79443359375 0.5205298013245033 0.0078125 0.08609271523178808
0 0.7685546875 0.5225165562913907 0.0068359375 0.060927152317880796
0 0.76416015625 0.43973509933774835 0.005859375 0.033112582781456956
0 0.53125 0.5450331125827814 0.0068359375 0.07152317880794702
0 0.44921875 0.4649006622516556 0.0048828125 0.046357615894039736
0 0.4208984375 0.4814569536423841 0.0068359375 0.04768211920529802
0 0.3291015625 0.49801324503311256 0.0068359375 0.02781456953642384
0 0.12060546875 0.4417218543046358 0.005859375 0.018543046357615896
0 0.67138671875 0.5112582781456954 0.046875 0.08344370860927153
