0 0.895405669599218 0.42980132450331127 0.006842619745845552 0.04768211920529802
0 0.8870967741935484 0.4503311258278146 0.005865102639296188 0.017218543046357615
0 0.9042033235581622 0.528476821192053 0.006842619745845552 0.059602649006622516
0 0.843108504398827 0.5112582781456954 0.007820136852394917 0.16556291390728478
0 0.8347996089931574 0.423841059602649 0.004887585532746823 0.06490066225165562
0 0.8167155425219942 0.44437086092715233 0.007820136852394917 0.06622516556291391
0 0.804496578690127 0.4649006622516556 0.006842619745845552 0.022516556291390728
0 0.7820136852394917 0.44039735099337746 0.006842619745845552 0.07417218543046358
0 0.7771260997067448 0.5046357615894039 0.006842619745845552 0.04370860927152318
0 0.7326490713587488 0.4470198675496689 0.005865102639296188 0.03708609271523179
0 0.7023460410557185 0.3086092715231788 0.007820136852394917 0.3350993377483444
0 0.5967741935483871 0.43443708609271525 0.007820136852394917 0.04900662251655629
0 0.5669599217986315 0.48410596026490066 0.008797653958944282 0.09801324503311258
0 0.5180840664711632 0.4509933774834437 0.008797653958944282 0.17218543046357615
0 0.5219941348973607 0.5496688741721855 0.010752688172043012 0.10728476821192053
0 0.5024437927663734 0.4794701986754967 0.008797653958944282 0.030463576158940398
0 0.47947214076246336 0.4602649006622517 0.005865102639296188 0.015894039735099338
0 0.46432062561094817 0.5066225165562914 0.006842619745845552 0.05033112582781457
0 0.4257086999022483 0.5317880794701987 0.007820136852394917 0.03443708609271523
0 0.4046920821114369 0.4463576158940397 0.008797653958944282 0.019867549668874173
0 0.34457478005865105 0.42980132450331127 0.005865102639296188 0.05033112582781457
0 0.2487781036168133 0.5185430463576159 0.007820136852394917 0.07152317880794702
0 0.22825024437927663 0.41788079470198675 0.007820136852394917 0.07682119205298013
0 0.1959921798631476 0.37748344370860926 0.005865102639296188 0.030463576158940398
0 0.20283479960899314 0.45165562913907287 0.005865102639296188 0.038410596026490065
0 0.7611367127496159 0.4754020813623463 0.01303356142065812 0.055502995900346845
0 0.7117953730856956 0.4766635130873541 0.007447749383233339 0.23967202775149796
