0 0.6930596285434996 0.39536423841059604 0.006842619745845552 0.10331125827814569
0 0.7052785923753666 0.447682119205298 0.005865102639296188 0.059602649006622516
0 0.6187683284457478 0.4503311258278146 0.006842619745845552 0.054304635761589407
0 0.5004887585532747 0.4357615894039735 0.006842619745845552 0.08344370860927153
0 0.5009775171065494 0.5105960264900662 0.005865102639296188 0.05562913907284768
0 0.44819159335288367 0.4642384105960265 0.007820136852394917 0.05827814569536424
0 0.46774193548387094 0.42251655629139073 0.005865102639296188 0.06490066225165562
0 0.2878787878787879 0.5311258278145695 0.011730205278592375 0.09933774834437085
0 0.2859237536656892 0.44834437086092715 0.007820136852394917 0.05562913907284768
0 0.23313782991202345 0.5079470198675496 0.005865102639296188 0.05033112582781457
0 0.18963831867057673 0.4649006622516556 0.006842619745845552 0.022516556291390728
0 0.187683284457478 0.4947019867549669 0.006842619745845552 0.02119205298013245
0 0.23313782991202345 0.4642384105960265 0.007820136852394917 0.026490066225165563
0 0.23998044965786902 0.48940397350993375 0.005865102639296188 0.013245033112582781
0 0.11290322580645161 0.42649006622516555 0.013685239491691105 0.04900662251655629
0 0.11290322580645161 0.49337748344370863 0.013685239491691105 0.02119205298013245
