0 0.90673828125 0.47368421052631576 0.0078125 0.05263157894736842
0 0.8232421875 0.46301564722617355 0.0048828125 0.02275960170697013
0 0.4609375 0.4167852062588905 0.0068359375 0.08961593172119488
0 0.4033203125 0.4544807965860597 0.0068359375 0.034139402560455195
0 0.3935546875 0.49786628733997157 0.0068359375 0.029871977240398292
0 0.3271484375 0.5028449502133713 0.0048828125 0.03698435277382646
0 0.255859375 0.4516358463726885 0.0068359375 0.051209103840682786
0 0.59130859375 0.4665718349928876 0.00390625 0.01849217638691323
0 0.6451880530973451 0.4861528971915558 0.006049502212389424 0.1800123365097748
0 0.6935840707964602 0.49937058623597985 0.007777931415929307 0.0402824808972922
0 0.84130859375 0.5277382645803699 0.01953125 0.029871977240398292
