0 0.8758553274682307 0.4066225165562914 0.006842619745845552 0.13642384105960265
0 0.8162267839687195 0.4562913907284768 0.006842619745845552 0.039735099337748346
0 0.7468230694037146 0.5185430463576159 0.006842619745845552 0.07417218543046358
0 0.636852394916911 0.5456953642384106 0.007820136852394917 0.08874172185430464
0 0.6065493646138808 0.49801324503311256 0.007820136852394917 0.02781456953642384
0 0.5249266862170088 0.43642384105960264 0.006842619745845552 0.0423841059602649
0 0.4335288367546432 0.3079470198675497 0.007820136852394917 0.28344370860927154
0 0.396871945259042 0.4649006622516556 0.010752688172043012 0.022516556291390728
0 0.32746823069403713 0.5423841059602649 0.006842619745845552 0.06887417218543046
0 0.3391984359726295 0.4609271523178808 0.008797653958944282 0.033112582781456956
0 0.24242424242424243 0.5158940397350993 0.006842619745845552 0.05827814569536424
0 0.21505376344086022 0.39867549668874175 0.020527859237536656 0.06754966887417219
0 0.1798631476050831 0.4596026490066225 0.006842619745845552 0.01456953642384106
0 0.37245729181213044 0.391516871649322 0.01024065540194573 0.3216650898770104
0 0.4487967229902713 0.48107852412488167 0.012102592747754064 0.1223588773257647
