0 0.9193548387096774 0.46357615894039733 0.005865102639296188 0.030463576158940398
0 0.8328445747800587 0.42582781456953644 0.006842619745845552 0.10331125827814569
0 0.8382209188660802 0.5072847682119205 0.007820136852394917 0.04900662251655629
0 0.7101661779081134 0.5059602649006623 0.007820136852394917 0.051655629139072845
0 0.6495601173020528 0.5278145695364238 0.007820136852394917 0.07682119205298013
0 0.47996089931573804 0.5364238410596026 0.006842619745845552 0.07019867549668875
0 0.3675464320625611 0.3966887417218543 0.006842619745845552 0.15894039735099338
0 0.35777126099706746 0.5039735099337749 0.006842619745845552 0.04768211920529802
0 0.18621700879765396 0.3529801324503311 0.007820136852394917 0.3258278145695364
0 0.17183354280128468 0.4741406496373384 0.0037238746916166696 0.07568590350047306
0 0.28005865102639294 0.5006622516556292 0.010752688172043012 0.039735099337748346
0 0.27908113391984357 0.44966887417218543 0.01466275659824047 0.046357615894039736
0 0.14467253176930597 0.5211920529801325 0.006842619745845552 0.045033112582781455
0 0.09775171065493646 0.4602649006622517 0.006842619745845552 0.018543046357615896
0 0.2013685239491691 0.5562913907284768 0.004887585532746823 0.04900662251655629
0 0.8919843597262952 0.45761589403973507 0.005865102639296188 0.026490066225165563
0 0.7805474095796676 0.4509933774834437 0.005865102639296188 0.0423841059602649
0 0.25268817204301075 0.5304635761589404 0.005865102639296188 0.060927152317880796
