0 0.91552734375 0.5046357615894039 0.005859375 0.05695364238410596
0 0.86181640625 0.5298013245033113 0.01171875 0.08344370860927153
0 0.76611328125 0.5483443708609271 0.005859375 0.04370860927152318
0 0.548828125 0.4019867549668874 0.0087890625 0.2119205298013245
0 0.49267578125 0.45827814569536424 0.0078125 0.08079470198675497
0 0.46923828125 0.5052980132450331 0.005859375 0.02384105960264901
0 0.4501953125 0.5317880794701987 0.0068359375 0.08211920529801324
0 0.38037109375 0.5377483443708609 0.005859375 0.08344370860927153
0 0.1865234375 0.5403973509933775 0.0048828125 0.08079470198675497
0 0.17578125 0.5264900662251656 0.0068359375 0.09536423841059603
