0 0.6959921798631477 0.41258278145695365 0.008797653958944282 0.1271523178807947
0 0.6285434995112414 0.3794701986754967 0.008797653958944282 0.5721854304635762
0 0.5640273704789834 0.5735099337748344 0.008797653958944282 0.09668874172185431
0 0.6001955034213099 0.5079470198675496 0.006842619745845552 0.05033112582781457
0 0.5400782013685239 0.4728476821192053 0.005865102639296188 0.08874172185430464
0 0.5141739980449658 0.5006622516556292 0.006842619745845552 0.04105960264900662
0 0.4051808406647116 0.5649006622516556 0.007820136852394917 0.06887417218543046
0 0.41300097751710657 0.4304635761589404 0.007820136852394917 0.0913907284768212
0 0.2849462365591398 0.4960264900662252 0.005865102639296188 0.026490066225165563
0 0.17497556207233628 0.5178807947019868 0.006842619745845552 0.0728476821192053
0 0.17155425219941348 0.4370860927152318 0.007820136852394917 0.04900662251655629
0 0.11925708699902249 0.45695364238410596 0.04985337243401759 0.12582781456953643
