0 0.83154296875 0.4672830725462304 0.005859375 0.08819345661450925
0 0.7568359375 0.484352773826458 0.0068359375 0.034139402560455195
0 0.70556640625 0.4594594594594595 0.005859375 0.032716927453769556
0 0.68115234375 0.4829302987197724 0.005859375 0.1593172119487909
0 0.6572265625 0.4061166429587482 0.0048828125 0.03698435277382646
0 0.642578125 0.4487908961593172 0.0068359375 0.05689900426742532
0 0.560546875 0.42318634423897583 0.0048828125 0.03698435277382646
0 0.52197265625 0.4423897581792319 0.005859375 0.049786628733997154
0 0.4931640625 0.519203413940256 0.0048828125 0.049786628733997154
0 0.4140625 0.47368421052631576 0.0068359375 0.041251778093883355
0 0.3681640625 0.48079658605974396 0.0068359375 0.13513513513513514
0 0.2607421875 0.46301564722617355 0.0048828125 0.01991465149359886
0 0.24951171875 0.5042674253200569 0.005859375 0.01422475106685633
0 0.203125 0.4487908961593172 0.0048828125 0.03698435277382646
0 0.17724609375 0.41963015647226176 0.00390625 0.02418207681365576
