0 0.9188660801564027 0.4688741721854305 0.006842619745845552 0.04370860927152318
0 0.8328445747800587 0.41788079470198675 0.006842619745845552 0.11655629139072848
0 0.8387096774193549 0.5225165562913907 0.006842619745845552 0.07682119205298013
0 0.7101661779081134 0.5066225165562914 0.007820136852394917 0.052980132450331126
0 0.6490713587487781 0.5271523178807948 0.006842619745845552 0.08079470198675497
0 0.6036168132942327 0.49801324503311256 0.005865102639296188 0.02781456953642384
0 0.47996089931573804 0.5337748344370861 0.006842619745845552 0.06490066225165562
0 0.3675464320625611 0.41324503311258276 0.006842619745845552 0.12847682119205298
0 0.35777126099706746 0.5039735099337749 0.006842619745845552 0.045033112582781455
0 0.25268817204301075 0.5443708609271524 0.005865102639296188 0.08874172185430464
0 0.18572825024437928 0.33112582781456956 0.006842619745845552 0.343046357615894
0 0.49069031327095836 0.4653106275622832 0.004654843364520726 0.14884894355093034
0 0.17136805846483263 0.47792494481236203 0.00651678071032906 0.11352885525070949
0 0.14467253176930597 0.519205298013245 0.006842619745845552 0.05695364238410596
0 0.8919843597262952 0.4596026490066225 0.005865102639296188 0.02781456953642384
0 0.7805474095796676 0.44370860927152317 0.005865102639296188 0.054304635761589407
0 0.2825024437927664 0.5046357615894039 0.007820136852394917 0.05033112582781457
0 0.27956989247311825 0.44900662251655626 0.013685239491691105 0.04768211920529802
0 0.3387096774193548 0.48874172185430464 0.008797653958944282 0.05827814569536424
0 0.5757575757575758 0.4410596026490066 0.007820136852394917 0.06622516556291391
0 0.9042033235581622 0.5165562913907285 0.007820136852394917 0.05033112582781457
0 0.47409579667644186 0.4556291390728477 0.005865102639296188 0.03708609271523179
