0 0.90380859375 0.4966887417218543 0.005859375 0.02781456953642384
0 0.8115234375 0.4867549668874172 0.0068359375 0.05827814569536424
0 0.64990234375 0.42119205298013246 0.01171875 0.22649006622516557
0 0.55615234375 0.4185430463576159 0.005859375 0.04105960264900662
0 0.5263671875 0.4675496688741722 0.0068359375 0.06490066225165562
0 0.41796875 0.40794701986754967 0.0068359375 0.09403973509933775
0 0.33251953125 0.41589403973509936 0.005859375 0.09403973509933775
0 0.29736328125 0.4543046357615894 0.005859375 0.030463576158940398
0 0.32080078125 0.5483443708609271 0.0234375 0.09933774834437085
0 0.31787109375 0.4596026490066225 0.01953125 0.03576158940397351
