0 0.80615234375 0.35960264900662253 0.0078125 0.20132450331125828
0 0.8896484375 0.5185430463576159 0.0068359375 0.07152317880794702
0 0.51708984375 0.5112582781456954 0.005859375 0.059602649006622516
0 0.3505859375 0.43642384105960264 0.0068359375 0.07152317880794702
0 0.47607421875 0.4390728476821192 0.005859375 0.05562913907284768
0 0.16162109375 0.40264900662251657 0.0078125 0.14437086092715232
0 0.09912109375 0.45364238410596025 0.005859375 0.03443708609271523
0 0.2060546875 0.41788079470198675 0.0068359375 0.09536423841059603
0 0.25732421875 0.5304635761589404 0.005859375 0.039735099337748346
0 0.3837890625 0.42450331125827817 0.0048828125 0.0423841059602649
0 0.9041108630952381 0.48170923998738563 0.009300595238095233 0.11100599180069377
0 0.767578125 0.5039735099337749 0.0810546875 0.045033112582781455
0 0.77880859375 0.40463576158940395 0.048828125 0.06622516556291391
0 0.3310546875 0.3973509933774834 0.0205078125 0.07019867549668875
