0 0.8421309872922776 0.5331125827814569 0.005865102639296188 0.045033112582781455
0 0.44819159335288367 0.4642384105960265 0.007820136852394917 0.05827814569536424
0 0.5004887585532747 0.5066225165562914 0.006842619745845552 0.052980132450331126
0 0.28690127077223854 0.5390728476821192 0.011730205278592375 0.1152317880794702
0 0.23313782991202345 0.48741721854304637 0.007820136852394917 0.0728476821192053
0 0.18866080156402737 0.46556291390728477 0.006842619745845552 0.02384105960264901
0 0.1603128054740958 0.4629139072847682 0.004887585532746823 0.026490066225165563
0 0.5263929618768328 0.4589403973509934 0.007820136852394917 0.03443708609271523
0 0.6182795698924731 0.4543046357615894 0.005865102639296188 0.03576158940397351
0 0.2849462365591398 0.45165562913907287 0.005865102639296188 0.051655629139072845
