0 0.8330078125 0.37350993377483444 0.0068359375 0.03576158940397351
0 0.6142578125 0.41788079470198675 0.0087890625 0.1827814569536424
0 0.4091796875 0.4695364238410596 0.0068359375 0.09006622516556291
0 0.24609375 0.4960264900662252 0.0107421875 0.06357615894039735
0 0.251953125 0.36688741721854307 0.0048828125 0.04900662251655629
0 0.18115234375 0.33973509933774837 0.005859375 0.052980132450331126
0 0.7380952380952381 0.42116051718700726 0.008370535714285698 0.14380321665089882
0 0.7255859375 0.41788079470198675 0.0068359375 0.0423841059602649
0 0.5176711309523809 0.3984547461368653 0.008370535714285587 0.08830022075055183
0 0.5688244047619048 0.38142541784925893 0.00837053571428581 0.0845159255755282
