0 0.6358748778103617 0.4324503311258278 0.007820136852394917 0.07682119205298013
0 0.6129032258064516 0.4357615894039735 0.006842619745845552 0.0781456953642384
0 0.541544477028348 0.47483443708609274 0.006842619745845552 0.0847682119205298
0 0.5234604105571847 0.4695364238410596 0.007820136852394917 0.09271523178807947
0 0.45161290322580644 0.4337748344370861 0.006842619745845552 0.08741721854304636
0 0.41837732160312807 0.5119205298013245 0.006842619745845552 0.05827814569536424
0 0.37145650048875856 0.5298013245033113 0.006842619745845552 0.0913907284768212
0 0.19794721407624633 0.44900662251655626 0.007820136852394917 0.04105960264900662
0 0.16177908113391984 0.48940397350993375 0.005865102639296188 0.013245033112582781
0 0.10361681329423265 0.46556291390728477 0.006842619745845552 0.02119205298013245
0 0.43743890518084066 0.4602649006622517 0.005865102639296188 0.02384105960264901
0 0.31133919843597263 0.44966887417218543 0.09970674486803519 0.1271523178807947
