0 0.90234375 0.43385490753911804 0.0068359375 0.08677098150782361
0 0.80322265625 0.5355618776671408 0.033203125 0.01991465149359886
0 0.79296875 0.457325746799431 0.0126953125 0.13086770981507823
0 0.69580078125 0.4623044096728307 0.0078125 0.13229018492176386
0 0.68798828125 0.4914651493598862 0.009765625 0.02275960170697013
0 0.59814453125 0.4366998577524893 0.0078125 0.06685633001422475
0 0.57373046875 0.3869132290184922 0.005859375 0.11522048364153627
0 0.4443359375 0.4971550497866287 0.0087890625 0.17069701280227595
0 0.41455078125 0.4516358463726885 0.005859375 0.05405405405405406
0 0.40478515625 0.5476529160739687 0.005859375 0.07539118065433854
0 0.400390625 0.3833570412517781 0.0048828125 0.06827880512091039
0 0.34326171875 0.45803698435277385 0.0078125 0.029871977240398292
0 0.330078125 0.4722617354196302 0.0107421875 0.16642958748221906
0 0.27099609375 0.41536273115220484 0.00390625 0.06116642958748222
0 0.31982421875 0.41251778093883357 0.005859375 0.029871977240398292
0 0.2509765625 0.5163584637268848 0.0048828125 0.06401137980085349
0 0.173828125 0.4487908961593172 0.0048828125 0.03698435277382646
0 0.13623046875 0.44950213371266 0.02734375 0.12660028449502134
