0 0.7737047898338221 0.4562913907284768 0.005865102639296188 0.026490066225165563
0 0.7502443792766373 0.45165562913907287 0.005865102639296188 0.019867549668874173
0 0.7336265884652982 0.4417218543046358 0.005865102639296188 0.02384105960264901
0 0.7057673509286413 0.44039735099337746 0.004887585532746823 0.06622516556291391
0 0.6862170087976539 0.5019867549668874 0.008797653958944282 0.11788079470198676
0 0.5791788856304986 0.4509933774834437 0.007820136852394917 0.052980132450331126
0 0.47947214076246336 0.495364238410596 0.011730205278592375 0.18940397350993377
0 0.39296187683284456 0.5437086092715232 0.006842619745845552 0.0847682119205298
0 0.33186705767350927 0.5754966887417219 0.013685239491691105 0.10860927152317881
0 0.28396871945259045 0.5596026490066225 0.005865102639296188 0.039735099337748346
0 0.26392961876832843 0.5748344370860927 0.004887585532746823 0.030463576158940398
0 0.2727272727272727 0.5033112582781457 0.008797653958944282 0.04105960264900662
0 0.20381231671554254 0.4986754966887417 0.005865102639296188 0.02913907284768212
