0 0.865234375 0.5455192034139402 0.0048828125 0.05689900426742532
0 0.7763671875 0.4132290184921764 0.0068359375 0.06258890469416785
0 0.73974609375 0.47581792318634425 0.005859375 0.11379800853485064
0 0.708984375 0.44310099573257467 0.0048828125 0.034139402560455195
0 0.65576171875 0.43385490753911804 0.005859375 0.07823613086770982
0 0.6474609375 0.4480796586059744 0.0068359375 0.05263157894736842
0 0.5634765625 0.4345661450924609 0.0068359375 0.08534850640113797
0 0.51953125 0.55049786628734 0.0068359375 0.19772403982930298
0 0.34912109375 0.43029871977240397 0.005859375 0.08534850640113797
0 0.32763671875 0.5376955903271693 0.029296875 0.112375533428165
0 0.3994140625 0.4743954480796586 0.0068359375 0.06543385490753911
0 0.32666015625 0.4544807965860597 0.017578125 0.025604551920341393
0 0.294921875 0.5184921763869133 0.0048828125 0.04836415362731152
0 0.20166015625 0.4914651493598862 0.005859375 0.03982930298719772
0 0.1630859375 0.5277382645803699 0.0068359375 0.09246088193456614
0 0.24267578125 0.46372688477951635 0.005859375 0.02418207681365576
0 0.37451171875 0.4623044096728307 0.005859375 0.01849217638691323
