0 0.9188660801564027 0.46357615894039733 0.008797653958944282 0.2370860927152318
0 0.9027370478983382 0.5079470198675496 0.005865102639296188 0.045033112582781455
0 0.6441837732160313 0.45827814569536424 0.004887585532746823 0.025165562913907286
0 0.6290322580645161 0.4609271523178808 0.007820136852394917 0.02781456953642384
0 0.5571847507331378 0.43973509933774835 0.006842619745845552 0.07549668874172186
0 0.5317693059628543 0.3675496688741722 0.010752688172043012 0.40264900662251657
0 0.3074291300097752 0.4 0.007820136852394917 0.08874172185430464
0 0.28983382209188663 0.5066225165562914 0.005865102639296188 0.07682119205298013
0 0.36314760508308896 0.5059602649006623 0.03128054740957967 0.051655629139072845
0 0.45161290322580644 0.4913907284768212 0.0039100684261974585 0.02119205298013245
0 0.4506353861192571 0.46622516556291393 0.005865102639296188 0.018543046357615896
