0 0.93115234375 0.45376955903271693 0.009765625 0.10099573257467995
0 0.82373046875 0.3990042674253201 0.0078125 0.3186344238975818
0 0.7998046875 0.5120910384068279 0.0126953125 0.13513513513513514
0 0.734375 0.4957325746799431 0.0048828125 0.01422475106685633
0 0.72021484375 0.42105263157894735 0.00390625 0.041251778093883355
0 0.70068359375 0.47368421052631576 0.005859375 0.03556187766714083
0 0.65576171875 0.42460881934566147 0.005859375 0.04836415362731152
0 0.54052734375 0.5206258890469416 0.005859375 0.03840682788051209
0 0.51904296875 0.48862019914651494 0.005859375 0.02275960170697013
0 0.4609375 0.5320056899004267 0.0048828125 0.03840682788051209
0 0.150390625 0.4722617354196302 0.0068359375 0.05832147937411095
0 0.8486328125 0.5277382645803699 0.0322265625 0.044096728307254626
