0 0.5654296875 0.48933143669985774 0.0048828125 0.10099573257467995
0 0.576171875 0.4366998577524893 0.0048828125 0.029871977240398292
0 0.5361328125 0.5206258890469416 0.0068359375 0.044096728307254626
0 0.5029296875 0.49359886201991465 0.0048828125 0.015647226173541962
0 0.3994140625 0.47297297297297297 0.0048828125 0.14509246088193456
0 0.12353515625 0.5071123755334281 0.005859375 0.08819345661450925
0 0.13818359375 0.4743954480796586 0.005859375 0.03698435277382646
0 0.2373046875 0.42105263157894735 0.0048828125 0.06116642958748222
0 0.31640625 0.46301564722617355 0.0908203125 0.14793741109530584
0 0.41943359375 0.46088193456614507 0.00390625 0.02418207681365576
0 0.25732421875 0.44950213371266 0.005859375 0.06116642958748222
