0 0.91845703125 0.40327169274537694 0.0078125 0.1763869132290185
0 0.89111328125 0.4260312944523471 0.005859375 0.09388335704125178
0 0.73388671875 0.47083926031294454 0.005859375 0.041251778093883355
0 0.64892578125 0.5440967283072546 0.005859375 0.06258890469416785
0 0.57373046875 0.4701280227596017 0.005859375 0.08250355618776671
0 0.4794921875 0.4864864864864865 0.0068359375 0.13229018492176386
0 0.3671875 0.42816500711237554 0.0068359375 0.14935988620199148
0 0.27783203125 0.47155049786628733 0.013671875 0.10526315789473684
0 0.2509765625 0.5199146514935988 0.0068359375 0.07965860597439545
0 0.2001953125 0.5483641536273115 0.0048828125 0.059743954480796585
0 0.185546875 0.41536273115220484 0.0068359375 0.12091038406827881
0 0.17138671875 0.49431009957325744 0.005859375 0.08250355618776671
0 0.12353515625 0.4601706970128023 0.005859375 0.03698435277382646
