0 0.79736328125 0.33841059602649004 0.005859375 0.05033112582781457
0 0.81201171875 0.3185430463576159 0.005859375 0.013245033112582781
0 0.6953125 0.3880794701986755 0.0068359375 0.08079470198675497
0 0.58837890625 0.27880794701986755 0.005859375 0.045033112582781455
0 0.5126953125 0.33774834437086093 0.0087890625 0.10728476821192053
0 0.49560546875 0.3741721854304636 0.0078125 0.03708609271523179
0 0.41796875 0.3801324503311258 0.0048828125 0.019867549668874173
0 0.33740234375 0.35960264900662253 0.005859375 0.03443708609271523
0 0.19384765625 0.34105960264900664 0.005859375 0.05033112582781457
0 0.16845703125 0.2986754966887417 0.005859375 0.03708609271523179
0 0.14794921875 0.35562913907284766 0.005859375 0.02384105960264901
0 0.8315662202380951 0.3397981709239987 0.007440476190476164 0.07694733522548093
