0 0.8701171875 0.5152317880794702 0.0087890625 0.038410596026490065
0 0.767578125 0.44966887417218543 0.0068359375 0.05033112582781457
0 0.73388671875 0.5311258278145695 0.005859375 0.04900662251655629
0 0.556640625 0.41589403973509936 0.0087890625 0.30596026490066225
0 0.46533203125 0.4377483443708609 0.005859375 0.07152317880794702
0 0.4931640625 0.5463576158940397 0.0048828125 0.02384105960264901
0 0.3564453125 0.49271523178807947 0.0068359375 0.038410596026490065
0 0.19921875 0.5066225165562914 0.0126953125 0.11390728476821192
0 0.13427734375 0.47218543046357614 0.005859375 0.11125827814569536
0 0.12255859375 0.38609271523178806 0.005859375 0.03708609271523179
