0 0.1181640625 0.4119205298013245 0.0478515625 0.09668874172185431
0 0.13916015625 0.28410596026490065 0.01171875 0.12450331125827814
0 0.88818359375 0.47152317880794703 0.005859375 0.04900662251655629
0 0.73046875 0.4768211920529801 0.0068359375 0.10463576158940398
0 0.56689453125 0.34966887417218545 0.005859375 0.03576158940397351
0 0.3935546875 0.3754966887417219 0.0068359375 0.06887417218543046
0 0.2646484375 0.4059602649006622 0.0068359375 0.018543046357615896
0 0.6328125 0.4377483443708609 0.0048828125 0.026490066225165563
0 0.6796875 0.356953642384106 0.0166015625 0.08741721854304636
0 0.623046875 0.3185430463576159 0.0107421875 0.4185430463576159
0 0.40625 0.35827814569536426 0.0068359375 0.05827814569536424
0 0.9152715773809523 0.4047619047619047 0.005580357142857095 0.10343740145064645
0 0.6609002976190477 0.4224219489120152 0.008370535714285698 0.04541154210028381
