0 0.9188660801564027 0.46688741721854304 0.006842619745845552 0.04768211920529802
0 0.7101661779081134 0.5039735099337749 0.007820136852394917 0.04768211920529802
0 0.6495601173020528 0.528476821192053 0.007820136852394917 0.0781456953642384
0 0.47996089931573804 0.5357615894039736 0.006842619745845552 0.06622516556291391
0 0.3680351906158358 0.41456953642384103 0.007820136852394917 0.12582781456953643
0 0.35777126099706746 0.5033112582781457 0.006842619745845552 0.04370860927152318
0 0.18621700879765396 0.46556291390728477 0.005865102639296188 0.10066225165562914
0 0.17204301075268819 0.433112582781457 0.006842619745845552 0.08609271523178808
0 0.8357771260997068 0.4370860927152318 0.01270772238514174 0.08079470198675497
0 0.2820136852394917 0.5086092715231788 0.006842619745845552 0.05827814569536424
0 0.27908113391984357 0.4503311258278146 0.01466275659824047 0.04768211920529802
0 0.7844574780058651 0.4609271523178808 0.01270772238514174 0.07682119205298013
0 0.8934506353861192 0.49403973509933774 0.005865102639296188 0.02384105960264901
0 0.8924731182795699 0.46225165562913906 0.007820136852394917 0.026490066225165563
0 0.14565004887585534 0.5185430463576159 0.005865102639296188 0.054304635761589407
