0 0.89013671875 0.457325746799431 0.005859375 0.02275960170697013
0 0.86181640625 0.5028449502133713 0.005859375 0.02844950213371266
0 0.82958984375 0.43243243243243246 0.005859375 0.07823613086770982
0 0.7392578125 0.46301564722617355 0.0048828125 0.01422475106685633
0 0.55126953125 0.4672830725462304 0.005859375 0.031294452347083924
0 0.388671875 0.4388335704125178 0.0048828125 0.03698435277382646
0 0.25341796875 0.45874822190611664 0.005859375 0.04551920341394026
0 0.11474609375 0.3918918918918919 0.005859375 0.06258890469416785
0 0.15966796875 0.4260312944523471 0.005859375 0.051209103840682786
0 0.1552734375 0.48862019914651494 0.0087890625 0.02275960170697013
0 0.13232421875 0.45874822190611664 0.005859375 0.04267425320056899
0 0.2529296875 0.5263157894736842 0.0087890625 0.049786628733997154
0 0.28369140625 0.41251778093883357 0.0107421875 0.1166429587482219
0 0.90478515625 0.4793741109530583 0.0048828125 0.09103840682788052
0 0.8759765625 0.4601706970128023 0.005859375 0.032716927453769556
0 0.718994140625 0.4914651493598862 0.17041015625 0.08250355618776671
0 0.444580078125 0.48079658605974396 0.12158203125 0.03556187766714083
