0 0.86181640625 0.5042674253200569 0.005859375 0.03982930298719772
0 0.7880859375 0.5248933143669986 0.0087890625 0.08961593172119488
0 0.77392578125 0.47297297297297297 0.005859375 0.04267425320056899
0 0.65673828125 0.48933143669985774 0.0078125 0.14082503556187767
0 0.59716796875 0.45590327169274536 0.005859375 0.07965860597439545
0 0.615234375 0.46799431009957326 0.0048828125 0.01849217638691323
0 0.40576171875 0.45519203413940257 0.005859375 0.03840682788051209
0 0.314453125 0.5120910384068279 0.0048828125 0.04694167852062589
0 0.1953125 0.46586059743954483 0.0068359375 0.02275960170697013
0 0.92333984375 0.4395448079658606 0.02734375 0.05263157894736842
0 0.69775390625 0.48577524893314367 0.0234375 0.14793741109530584
