0 0.93505859375 0.4466571834992888 0.005859375 0.049786628733997154
0 0.90283203125 0.5419630156472262 0.005859375 0.049786628733997154
0 0.8994140625 0.4189189189189189 0.0048828125 0.05689900426742532
0 0.8369140625 0.527027027027027 0.0068359375 0.09388335704125178
0 0.8125 0.55049786628734 0.0048828125 0.041251778093883355
0 0.85791015625 0.531294452347084 0.00390625 0.02844950213371266
0 0.75537109375 0.5462304409672831 0.00390625 0.08108108108108109
0 0.69775390625 0.48862019914651494 0.005859375 0.01422475106685633
0 0.59375 0.5263157894736842 0.0068359375 0.08677098150782361
0 0.51513671875 0.5362731152204836 0.005859375 0.09246088193456614
0 0.55859375 0.5320056899004267 0.0048828125 0.041251778093883355
0 0.4990234375 0.5398293029871978 0.0048828125 0.04836415362731152
0 0.42041015625 0.43314366998577525 0.009765625 0.08250355618776671
0 0.408203125 0.42105263157894735 0.0068359375 0.112375533428165
0 0.26220703125 0.5384068278805121 0.005859375 0.06827880512091039
0 0.24853515625 0.5042674253200569 0.005859375 0.04267425320056899
0 0.20751953125 0.5 0.005859375 0.025604551920341393
0 0.171875 0.4623044096728307 0.0068359375 0.08677098150782361
0 0.1328125 0.45590327169274536 0.0068359375 0.03698435277382646
0 0.9189453125 0.465149359886202 0.0048828125 0.01849217638691323
