0 0.5498046875 0.3790896159317212 0.0068359375 0.3584637268847795
0 0.49658203125 0.519203413940256 0.005859375 0.05832147937411095
0 0.220703125 0.35704125177809387 0.0087890625 0.35988620199146515
0 0.17724609375 0.4516358463726885 0.005859375 0.04551920341394026
0 0.29150390625 0.41109530583214793 0.005859375 0.07823613086770982
0 0.8427734375 0.5035561877667141 0.0048828125 0.041251778093883355
0 0.7470703125 0.49857752489331436 0.0048828125 0.03698435277382646
0 0.57177734375 0.43812233285917496 0.005859375 0.02418207681365576
0 0.265625 0.46586059743954483 0.0244140625 0.01991465149359886
0 0.21044921875 0.4366998577524893 0.005859375 0.02418207681365576
