0 0.85546875 0.47652916073968704 0.0107421875 0.05547652916073969
0 0.8427734375 0.4665718349928876 0.0048828125 0.08108108108108109
0 0.71923828125 0.4672830725462304 0.005859375 0.02844950213371266
0 0.62744140625 0.4566145092460882 0.00390625 0.02702702702702703
0 0.5390625 0.5056899004267426 0.0048828125 0.04267425320056899
0 0.5244140625 0.5056899004267426 0.0048828125 0.051209103840682786
0 0.35693359375 0.5341394025604552 0.005859375 0.07681365576102418
0 0.41455078125 0.4829302987197724 0.005859375 0.01991465149359886
0 0.18505859375 0.55049786628734 0.005859375 0.12091038406827881
0 0.15966796875 0.515647226173542 0.0078125 0.03982930298719772
0 0.21826171875 0.4516358463726885 0.005859375 0.02844950213371266
0 0.12548828125 0.45305832147937414 0.00390625 0.034139402560455195
0 0.505615234375 0.47415836889521107 0.00406901041666663 0.12192643771591141
0 0.65869140625 0.5263157894736842 0.044921875 0.08392603129445235
