0 0.9188660801564027 0.47019867549668876 0.008797653958944282 0.223841059602649
0 0.7756598240469208 0.5185430463576159 0.007820136852394917 0.06622516556291391
0 0.6441837732160313 0.4543046357615894 0.006842619745845552 0.04105960264900662
0 0.6290322580645161 0.45827814569536424 0.005865102639296188 0.030463576158940398
0 0.5576735092864125 0.4410596026490066 0.007820136852394917 0.0728476821192053
0 0.6827956989247311 0.4390728476821192 0.005865102639296188 0.06357615894039735
0 0.5312805474095796 0.4470198675496689 0.007820136852394917 0.27019867549668874
0 0.4002932551319648 0.428476821192053 0.007820136852394917 0.08211920529801324
0 0.3074291300097752 0.4019867549668874 0.007820136852394917 0.09006622516556291
0 0.2903225806451613 0.5079470198675496 0.004887585532746823 0.04768211920529802
0 0.3944281524926686 0.5145695364238411 0.009775171065493646 0.0423841059602649
0 0.36901270772238515 0.5052980132450331 0.017595307917888565 0.045033112582781455
