0 0.88134765625 0.35206258890469416 0.009765625 0.24466571834992887
0 0.8271484375 0.519203413940256 0.0068359375 0.07823613086770982
0 0.73828125 0.4189189189189189 0.0068359375 0.034139402560455195
0 0.740234375 0.5149359886201992 0.0048828125 0.05547652916073969
0 0.6416015625 0.45519203413940257 0.0068359375 0.03556187766714083
0 0.619140625 0.44096728307254623 0.0068359375 0.06116642958748222
0 0.60205078125 0.5547652916073968 0.005859375 0.04694167852062589
0 0.53515625 0.46301564722617355 0.0068359375 0.02275960170697013
0 0.51904296875 0.5668563300142248 0.005859375 0.12233285917496443
0 0.20947265625 0.4046941678520626 0.005859375 0.08819345661450925
0 0.12451171875 0.4665718349928876 0.0078125 0.26600284495021337
0 0.1083984375 0.4623044096728307 0.0068359375 0.02418207681365576
0 0.32177734375 0.5448079658605974 0.03515625 0.09815078236130868
