0 0.8359375 0.4594594594594595 0.0068359375 0.01849217638691323
0 0.83740234375 0.5241820768136558 0.005859375 0.04551920341394026
0 0.814453125 0.4914651493598862 0.0048828125 0.017069701280227598
0 0.7763671875 0.5398293029871978 0.0068359375 0.051209103840682786
0 0.70068359375 0.32147937411095306 0.0078125 0.3712660028449502
0 0.5966796875 0.43029871977240397 0.0048828125 0.01991465149359886
0 0.51416015625 0.5135135135135135 0.005859375 0.041251778093883355
0 0.49951171875 0.5177809388335705 0.005859375 0.05547652916073969
0 0.4892578125 0.5405405405405406 0.0048828125 0.02702702702702703
0 0.51416015625 0.46799431009957326 0.005859375 0.015647226173541962
0 0.45703125 0.5263157894736842 0.0048828125 0.02702702702702703
0 0.423828125 0.49786628733997157 0.0068359375 0.02702702702702703
0 0.3427734375 0.45590327169274536 0.0068359375 0.02275960170697013
0 0.42236328125 0.3883357041251778 0.005859375 0.02418207681365576
0 0.23291015625 0.49359886201991465 0.005859375 0.12375533428165007
0 0.22265625 0.5561877667140825 0.0068359375 0.1379800853485064
0 0.1650390625 0.5576102418207681 0.0068359375 0.14366998577524892
