0 0.89892578125 0.23443708609271524 0.0078125 0.10993377483443709
0 0.876953125 0.3019867549668874 0.0087890625 0.08344370860927153
0 0.8583984375 0.22450331125827813 0.0068359375 0.13245033112582782
0 0.71923828125 0.2721854304635762 0.005859375 0.0423841059602649
0 0.65283203125 0.28874172185430463 0.0078125 0.051655629139072845
0 0.3798828125 0.22251655629139072 0.0087890625 0.1947019867549669
0 0.2880859375 0.15960264900662252 0.0126953125 0.1456953642384106
0 0.19580078125 0.22251655629139072 0.0078125 0.10728476821192053
0 0.2529296875 0.26490066225165565 0.0068359375 0.06225165562913907
0 0.32666015625 0.28344370860927154 0.0048828125 0.06357615894039735
0 0.314453125 0.21788079470198676 0.00390625 0.04105960264900662
0 0.31201171875 0.3337748344370861 0.0029296875 0.010596026490066225
0 0.3125 0.26688741721854303 0.005859375 0.038410596026490065
