0 0.90234375 0.5234708392603129 0.0068359375 0.03840682788051209
0 0.83740234375 0.5540540540540541 0.005859375 0.08819345661450925
0 0.71533203125 0.4864864864864865 0.0078125 0.3200568990042674
0 0.51611328125 0.531294452347084 0.005859375 0.05689900426742532
0 0.5 0.5355618776671408 0.0068359375 0.24182076813655762
0 0.478515625 0.5576102418207681 0.0048828125 0.10953058321479374
0 0.44287109375 0.4694167852062589 0.005859375 0.06685633001422475
0 0.39404296875 0.5056899004267426 0.005859375 0.10241820768136557
0 0.3935546875 0.37268847795163584 0.0048828125 0.05263157894736842
0 0.39404296875 0.43243243243243246 0.005859375 0.029871977240398292
0 0.71484375 0.3563300142247511 0.0068359375 0.18207681365576103
0 0.32177734375 0.42105263157894735 0.005859375 0.08108108108108109
0 0.2958984375 0.45305832147937414 0.0068359375 0.025604551920341393
0 0.27587890625 0.4473684210526316 0.005859375 0.04836415362731152
0 0.2353515625 0.5199146514935988 0.0068359375 0.06258890469416785
0 0.12353515625 0.4317211948790896 0.005859375 0.059743954480796585
0 0.17919921875 0.5071123755334281 0.005859375 0.02275960170697013
