0 0.5185546875 0.47880794701986756 0.0068359375 0.09006622516556291
0 0.75830078125 0.528476821192053 0.00390625 0.04370860927152318
0 0.8408203125 0.5231788079470199 0.0048828125 0.03576158940397351
0 0.423828125 0.3629139072847682 0.0068359375 0.02781456953642384
0 0.41064453125 0.4543046357615894 0.005859375 0.017218543046357615
0 0.29736328125 0.42317880794701984 0.005859375 0.02913907284768212
0 0.23779296875 0.48741721854304637 0.005859375 0.03576158940397351
0 0.23583984375 0.4139072847682119 0.005859375 0.07682119205298013
0 0.2099609375 0.4377483443708609 0.0068359375 0.039735099337748346
0 0.20849609375 0.5033112582781457 0.005859375 0.017218543046357615
0 0.17529296875 0.4384105960264901 0.005859375 0.054304635761589407
0 0.2255859375 0.547682119205298 0.0068359375 0.12185430463576159
0 0.1669921875 0.5271523178807948 0.0068359375 0.0781456953642384
0 0.13818359375 0.5086092715231788 0.005859375 0.02781456953642384
