0 0.6396484375 0.5014224751066856 0.0087890625 0.11948790896159317
0 0.6123046875 0.4914651493598862 0.0068359375 0.14793741109530584
0 0.45751953125 0.4793741109530583 0.01171875 0.14366998577524892
0 0.3798828125 0.484352773826458 0.0048828125 0.04551920341394026
0 0.21826171875 0.5064011379800853 0.005859375 0.049786628733997154
0 0.10498046875 0.43385490753911804 0.0078125 0.07539118065433854
0 0.1064453125 0.5206258890469416 0.0087890625 0.07823613086770982
0 0.650390625 0.4238975817923186 0.0048828125 0.049786628733997154
0 0.62744140625 0.48364153627311524 0.0078125 0.06401137980085349
0 0.4755859375 0.4423897581792319 0.0068359375 0.02702702702702703
0 0.56689453125 0.48862019914651494 0.005859375 0.03982930298719772
0 0.2841796875 0.4310099573257468 0.0048828125 0.08961593172119488
0 0.14990234375 0.5448079658605974 0.005859375 0.03840682788051209
0 0.17138671875 0.48079658605974396 0.005859375 0.03840682788051209
0 0.1865234375 0.534850640113798 0.0107421875 0.03840682788051209
