0 0.90966796875 0.43443708609271525 0.005859375 0.08609271523178808
0 0.8828125 0.4410596026490066 0.0068359375 0.06225165562913907
0 0.80615234375 0.40066225165562913 0.005859375 0.08211920529801324
0 0.77734375 0.4827814569536424 0.0068359375 0.06357615894039735
0 0.5654296875 0.49205298013245036 0.0068359375 0.09006622516556291
0 0.53076171875 0.45761589403973507 0.005859375 0.11920529801324503
0 0.4404296875 0.5211920529801325 0.0068359375 0.05562913907284768
0 0.46923828125 0.44304635761589406 0.005859375 0.04768211920529802
0 0.3583984375 0.5304635761589404 0.0068359375 0.08211920529801324
0 0.16064453125 0.49801324503311256 0.005859375 0.12317880794701987
0 0.17529296875 0.43509933774834436 0.005859375 0.0847682119205298
0 0.11328125 0.4649006622516556 0.0068359375 0.025165562913907286
0 0.26953125 0.44437086092715233 0.0126953125 0.052980132450331126
