0 0.92431640625 0.5227596017069701 0.005859375 0.08250355618776671
0 0.8251953125 0.40256045519203415 0.0048828125 0.049786628733997154
0 0.80810546875 0.5028449502133713 0.005859375 0.034139402560455195
0 0.70654296875 0.5448079658605974 0.005859375 0.06116642958748222
0 0.5009765625 0.4011379800853485 0.0048828125 0.044096728307254626
0 0.42236328125 0.5163584637268848 0.005859375 0.06970128022759602
0 0.41259765625 0.42460881934566147 0.005859375 0.04836415362731152
0 0.39990234375 0.42105263157894735 0.005859375 0.07254623044096728
0 0.17236328125 0.42318634423897583 0.015625 0.01422475106685633
0 0.13427734375 0.3762446657183499 0.009765625 0.5604551920341394
0 0.61572265625 0.5049786628733998 0.005859375 0.041251778093883355
