0 0.9326171875 0.4556291390728477 0.0107421875 0.10463576158940398
0 0.9130859375 0.48940397350993375 0.0107421875 0.10066225165562914
0 0.82421875 0.3079470198675497 0.0087890625 0.423841059602649
0 0.8037109375 0.476158940397351 0.0126953125 0.18543046357615894
0 0.7216796875 0.4821192052980132 0.0087890625 0.12317880794701987
0 0.67626953125 0.40860927152317883 0.005859375 0.060927152317880796
0 0.7041015625 0.49271523178807947 0.0068359375 0.017218543046357615
0 0.58544921875 0.5397350993377483 0.0078125 0.07682119205298013
0 0.57421875 0.39867549668874175 0.0068359375 0.08344370860927153
0 0.54248046875 0.5331125827814569 0.005859375 0.03443708609271523
0 0.46142578125 0.3079470198675497 0.0078125 0.4291390728476821
0 0.48583984375 0.45695364238410596 0.005859375 0.03576158940397351
0 0.37744140625 0.49933774834437084 0.005859375 0.03576158940397351
0 0.28369140625 0.5152317880794702 0.005859375 0.04900662251655629
0 0.18994140625 0.4370860927152318 0.0078125 0.05695364238410596
0 0.14892578125 0.4596026490066225 0.005859375 0.019867549668874173
0 0.12109375 0.44834437086092715 0.0068359375 0.02384105960264901
0 0.1279296875 0.43642384105960264 0.0068359375 0.07682119205298013
0 0.8505859375 0.5278145695364238 0.0322265625 0.045033112582781455
