0 0.91845703125 0.4260312944523471 0.005859375 0.08534850640113797
0 0.912109375 0.5576102418207681 0.0068359375 0.15220483641536273
0 0.8291015625 0.5433854907539118 0.0068359375 0.06116642958748222
0 0.74560546875 0.42887624466571833 0.005859375 0.03982930298719772
0 0.70751953125 0.5113798008534851 0.005859375 0.03698435277382646
0 0.58544921875 0.527027027027027 0.005859375 0.051209103840682786
0 0.5654296875 0.49431009957325744 0.0048828125 0.025604551920341393
0 0.4794921875 0.5206258890469416 0.0068359375 0.07823613086770982
0 0.39013671875 0.42105263157894735 0.005859375 0.10668563300142248
0 0.37255859375 0.465149359886202 0.005859375 0.021337126600284494
0 0.30029296875 0.47083926031294454 0.0078125 0.08677098150782361
0 0.22119140625 0.4523470839260313 0.005859375 0.044096728307254626
