0 0.8154296875 0.4473684210526316 0.0048828125 0.06258890469416785
0 0.71533203125 0.5256045519203414 0.005859375 0.025604551920341393
0 0.7060546875 0.5142247510668563 0.0048828125 0.05689900426742532
0 0.5703125 0.4174964438122333 0.0068359375 0.06543385490753911
0 0.53125 0.4182076813655761 0.0068359375 0.11806543385490754
0 0.55029296875 0.5284495021337127 0.0078125 0.07965860597439545
0 0.63525390625 0.5149359886201992 0.0078125 0.06116642958748222
0 0.34130859375 0.46586059743954483 0.013671875 0.14509246088193456
0 0.30615234375 0.4601706970128023 0.0078125 0.051209103840682786
0 0.255859375 0.4217638691322902 0.0068359375 0.10810810810810811
0 0.23828125 0.4786628733997155 0.0048828125 0.034139402560455195
0 0.2451171875 0.4473684210526316 0.0068359375 0.02275960170697013
0 0.18310546875 0.4118065433854908 0.005859375 0.06543385490753911
0 0.1279296875 0.5128022759601707 0.0048828125 0.059743954480796585
