0 0.93212890625 0.42460881934566147 0.0078125 0.03982930298719772
0 0.8955078125 0.48079658605974396 0.0048828125 0.07823613086770982
0 0.8232421875 0.4473684210526316 0.0068359375 0.267425320056899
0 0.798828125 0.49857752489331436 0.0087890625 0.04267425320056899
0 0.75732421875 0.4402560455192034 0.0078125 0.08250355618776671
0 0.73828125 0.5049786628733998 0.0048828125 0.01849217638691323
0 0.72216796875 0.5085348506401138 0.005859375 0.04551920341394026
0 0.69482421875 0.5021337126600285 0.0078125 0.07539118065433854
0 0.59228515625 0.5056899004267426 0.00390625 0.03698435277382646
0 0.48779296875 0.527027027027027 0.005859375 0.025604551920341393
0 0.47998046875 0.4950213371266003 0.005859375 0.044096728307254626
0 0.474609375 0.5384068278805121 0.0048828125 0.07396870554765292
0 0.4609375 0.45803698435277385 0.0068359375 0.19487908961593173
0 0.39208984375 0.5113798008534851 0.005859375 0.02844950213371266
0 0.2666015625 0.4089615931721195 0.0068359375 0.08819345661450925
0 0.2412109375 0.4345661450924609 0.0048828125 0.034139402560455195
0 0.20556640625 0.40540540540540543 0.005859375 0.03556187766714083
0 0.11962890625 0.4118065433854908 0.005859375 0.059743954480796585
