0 0.8802541544477028 0.5635761589403974 0.007820136852394917 0.11655629139072848
0 0.8973607038123167 0.4503311258278146 0.004887585532746823 0.02781456953642384
0 0.7649071358748778 0.5132450331125827 0.005865102639296188 0.05033112582781457
0 0.7214076246334311 0.5072847682119205 0.004887585532746823 0.022516556291390728
0 0.6999022482893451 0.419205298013245 0.006842619745845552 0.07152317880794702
0 0.6202346041055719 0.41324503311258276 0.011730205278592375 0.3748344370860927
0 0.5777126099706745 0.45165562913907287 0.008797653958944282 0.038410596026490065
0 0.5869990224828935 0.5331125827814569 0.005865102639296188 0.03443708609271523
0 0.46725317693059626 0.41258278145695365 0.006842619745845552 0.10331125827814569
0 0.34408602150537637 0.4509933774834437 0.006842619745845552 0.05033112582781457
0 0.4051808406647116 0.5152317880794702 0.005865102639296188 0.030463576158940398
0 0.1441837732160313 0.44900662251655626 0.007820136852394917 0.051655629139072845
0 0.1906158357771261 0.433112582781457 0.004887585532746823 0.046357615894039736
0 0.15640273704789834 0.42251655629139073 0.004887585532746823 0.046357615894039736
0 0.30547409579667645 0.5033112582781457 0.005865102639296188 0.033112582781456956
