0 0.90771484375 0.428476821192053 0.005859375 0.045033112582781455
0 0.89013671875 0.5165562913907285 0.005859375 0.046357615894039736
0 0.82861328125 0.46622516556291393 0.005859375 0.019867549668874173
0 0.7705078125 0.4642384105960265 0.0048828125 0.02384105960264901
0 0.5849609375 0.519205298013245 0.0048828125 0.06754966887417219
0 0.57763671875 0.5033112582781457 0.005859375 0.038410596026490065
0 0.40771484375 0.5052980132450331 0.005859375 0.015894039735099338
0 0.5859375 0.4543046357615894 0.0048828125 0.01456953642384106
0 0.37939453125 0.5344370860927152 0.005859375 0.04768211920529802
0 0.259765625 0.4543046357615894 0.0048828125 0.017218543046357615
