0 0.8567937438905181 0.4589403973509934 0.007820136852394917 0.039735099337748346
0 0.8005865102639296 0.3437086092715232 0.016617790811339198 0.1827814569536424
0 0.7360703812316716 0.3291390728476821 0.010752688172043012 0.376158940397351
0 0.6642228739002932 0.3357615894039735 0.013685239491691105 0.4768211920529801
0 0.7106549364613881 0.4304635761589404 0.006842619745845552 0.02781456953642384
0 0.5772238514173998 0.44304635761589406 0.005865102639296188 0.06887417218543046
0 0.5249266862170088 0.4562913907284768 0.008797653958944282 0.0423841059602649
0 0.4946236559139785 0.43443708609271525 0.006842619745845552 0.04900662251655629
0 0.4912023460410557 0.5311258278145695 0.005865102639296188 0.06490066225165562
0 0.47702834799608995 0.2913907284768212 0.008797653958944282 0.3748344370860927
0 0.41544477028348 0.5211920529801325 0.006842619745845552 0.045033112582781455
0 0.2903225806451613 0.5258278145695364 0.004887585532746823 0.059602649006622516
0 0.34408602150537637 0.5132450331125827 0.010752688172043012 0.060927152317880796
0 0.2570869990224829 0.5205298013245033 0.008797653958944282 0.07549668874172186
0 0.23851417399804498 0.428476821192053 0.006842619745845552 0.03443708609271523
0 0.1402737047898338 0.4099337748344371 0.007820136852394917 0.060927152317880796
0 0.11730205278592376 0.46357615894039733 0.006842619745845552 0.025165562913907286
0 0.1705767350928641 0.45827814569536424 0.005865102639296188 0.033112582781456956
