0 0.92236328125 0.39470198675496687 0.005859375 0.08874172185430464
0 0.880859375 0.5576158940397351 0.0048828125 0.051655629139072845
0 0.88671875 0.42649006622516555 0.0068359375 0.04370860927152318
0 0.81201171875 0.45827814569536424 0.0078125 0.0913907284768212
0 0.79638671875 0.5152317880794702 0.005859375 0.05695364238410596
0 0.771484375 0.5350993377483444 0.0107421875 0.0913907284768212
0 0.6884765625 0.5152317880794702 0.0087890625 0.059602649006622516
0 0.62548828125 0.509271523178808 0.0078125 0.09271523178807947
0 0.52587890625 0.4860927152317881 0.005859375 0.030463576158940398
0 0.52197265625 0.433112582781457 0.005859375 0.019867549668874173
0 0.41064453125 0.5013245033112583 0.005859375 0.02119205298013245
0 0.2744140625 0.48013245033112584 0.0048828125 0.018543046357615896
