0 0.9242424242424242 0.4384105960264901 0.007820136852394917 0.059602649006622516
0 0.8973607038123167 0.4562913907284768 0.006842619745845552 0.039735099337748346
0 0.9027370478983382 0.5172185430463576 0.005865102639296188 0.060927152317880796
0 0.8543499511241447 0.4781456953642384 0.008797653958944282 0.046357615894039736
0 0.7116324535679375 0.4304635761589404 0.006842619745845552 0.06754966887417219
0 0.6231671554252199 0.48344370860927155 0.007820136852394917 0.08344370860927153
0 0.5063538611925709 0.5139072847682119 0.006842619745845552 0.06490066225165562
0 0.6397849462365591 0.5562913907284768 0.007820136852394917 0.09933774834437085
0 0.6915933528836755 0.5112582781456954 0.007820136852394917 0.04370860927152318
0 0.4359726295210166 0.580794701986755 0.006842619745845552 0.10596026490066225
0 0.3201368523949169 0.5748344370860927 0.005865102639296188 0.06490066225165562
0 0.2350928641251222 0.5198675496688742 0.007820136852394917 0.06887417218543046
0 0.23216031280547408 0.45298013245033114 0.005865102639296188 0.03576158940397351
0 0.22189638318670576 0.49403973509933774 0.006842619745845552 0.025165562913907286
0 0.10068426197458455 0.45165562913907287 0.008797653958944282 0.03576158940397351
0 0.8782991202346041 0.46158940397350995 0.005865102639296188 0.031788079470198675
0 0.6588465298142717 0.5344370860927152 0.04985337243401759 0.10331125827814569
