0 0.69140625 0.4751066856330014 0.0068359375 0.09815078236130868
0 0.67333984375 0.5284495021337127 0.005859375 0.07965860597439545
0 0.54052734375 0.5284495021337127 0.009765625 0.10810810810810811
0 0.28173828125 0.5056899004267426 0.005859375 0.017069701280227598
0 0.20849609375 0.45519203413940257 0.0078125 0.2147937411095306
0 0.29345703125 0.5049786628733998 0.005859375 0.03556187766714083
0 0.6322248340707964 0.49559410365185863 0.012963219026548733 0.1586122685330882
0 0.361328125 0.5120910384068279 0.0048828125 0.029871977240398292
0 0.24560546875 0.5412517780938834 0.005859375 0.02844950213371266
0 0.84423828125 0.4879089615931721 0.005859375 0.029871977240398292
0 0.8505859375 0.5092460881934566 0.0048828125 0.00995732574679943
0 0.83154296875 0.4800853485064011 0.005859375 0.034139402560455195
0 0.779296875 0.5056899004267426 0.0439453125 0.034139402560455195
0 0.7998046875 0.39971550497866287 0.0146484375 0.049786628733997154
0 0.4912109375 0.5725462304409673 0.0068359375 0.07112375533428165
