0 0.8563049853372434 0.4589403973509934 0.006842619745845552 0.03443708609271523
0 0.8010752688172043 0.3529801324503311 0.015640273704789834 0.16688741721854305
0 0.9359726295210166 0.4390728476821192 0.0039100684261974585 0.045033112582781455
0 0.7365591397849462 0.39536423841059604 0.009775171065493646 0.2410596026490066
0 0.6642228739002932 0.32450331125827814 0.011730205278592375 0.4384105960264901
0 0.5767350928641252 0.4503311258278146 0.004887585532746823 0.04900662251655629
0 0.5254154447702835 0.4549668874172185 0.005865102639296188 0.02913907284768212
0 0.4912023460410557 0.5271523178807948 0.005865102639296188 0.08344370860927153
0 0.47653958944281527 0.371523178807947 0.009775171065493646 0.3152317880794702
0 0.44330400782013685 0.447682119205298 0.005865102639296188 0.01456953642384106
0 0.4149560117302053 0.5185430463576159 0.005865102639296188 0.039735099337748346
0 0.1402737047898338 0.41324503311258276 0.007820136852394917 0.04900662251655629
0 0.11730205278592376 0.46225165562913906 0.006842619745845552 0.02781456953642384
0 0.1705767350928641 0.45827814569536424 0.005865102639296188 0.02781456953642384
0 0.25757575757575757 0.5172185430463576 0.007820136852394917 0.06887417218543046
0 0.10997067448680352 0.5450331125827814 0.005865102639296188 0.05033112582781457
