0 0.7737047898338221 0.45695364238410596 0.005865102639296188 0.03576158940397351
0 0.6857282502443792 0.49735099337748345 0.009775171065493646 0.10596026490066225
0 0.7057673509286413 0.509271523178808 0.004887585532746823 0.04768211920529802
0 0.706256109481916 0.4390728476821192 0.005865102639296188 0.06887417218543046
0 0.5796676441837733 0.45364238410596025 0.006842619745845552 0.03443708609271523
0 0.4789833822091887 0.46622516556291393 0.010752688172043012 0.12582781456953643
0 0.39296187683284456 0.5410596026490067 0.006842619745845552 0.07947019867549669
0 0.3367546432062561 0.5708609271523178 0.005865102639296188 0.0781456953642384
0 0.3284457478005865 0.5701986754966888 0.008797653958944282 0.12980132450331125
0 0.28396871945259045 0.5602649006622517 0.005865102639296188 0.051655629139072845
0 0.2512218963831867 0.5178807947019868 0.006842619745845552 0.07019867549668875
0 0.4046920821114369 0.4417218543046358 0.006842619745845552 0.05827814569536424
