0 0.6357421875 0.5540540540540541 0.0068359375 0.09672830725462304
0 0.7724609375 0.41109530583214793 0.0048828125 0.03840682788051209
0 0.76171875 0.4480796586059744 0.0048828125 0.02702702702702703
0 0.7451171875 0.45874822190611664 0.0048828125 0.031294452347083924
0 0.60595703125 0.49857752489331436 0.005859375 0.02844950213371266
0 0.4462890625 0.4694167852062589 0.0068359375 0.23470839260312945
0 0.3671875 0.5256045519203414 0.0068359375 0.051209103840682786
0 0.32763671875 0.5355618776671408 0.005859375 0.11095305832147938
0 0.2138671875 0.3968705547652916 0.0185546875 0.08392603129445235
0 0.14990234375 0.5106685633001422 0.005859375 0.05547652916073969
0 0.4295665099557523 0.4433527612381828 0.008642146017699082 0.26561260841652085
0 0.24159983407079655 0.5088117926962826 0.009506360619468968 0.3008597792016515
0 0.3671875 0.457325746799431 0.0517578125 0.09388335704125178
