0 0.8896484375 0.4722617354196302 0.0068359375 0.04694167852062589
0 0.8642578125 0.4914651493598862 0.0048828125 0.02844950213371266
0 0.85302734375 0.5163584637268848 0.0078125 0.11522048364153627
0 0.76904296875 0.4295874822190612 0.005859375 0.05263157894736842
0 0.73583984375 0.36770981507823614 0.0078125 0.36415362731152207
0 0.68310546875 0.37695590327169276 0.0078125 0.16642958748221906
0 0.62841796875 0.32930298719772405 0.0078125 0.406827880512091
0 0.48828125 0.4914651493598862 0.0068359375 0.1906116642958748
0 0.45263671875 0.5554765291607396 0.005859375 0.051209103840682786
0 0.3984375 0.4601706970128023 0.0068359375 0.034139402560455195
0 0.41015625 0.4132290184921764 0.0068359375 0.025604551920341393
0 0.3603515625 0.5128022759601707 0.0087890625 0.08250355618776671
0 0.3359375 0.49359886201991465 0.0068359375 0.021337126600284494
0 0.31982421875 0.4096728307254623 0.0078125 0.08677098150782361
0 0.27685546875 0.5007112375533428 0.0078125 0.03556187766714083
0 0.25439453125 0.41038406827880514 0.005859375 0.051209103840682786
0 0.232421875 0.45376955903271693 0.0048828125 0.03556187766714083
0 0.220703125 0.5142247510668563 0.0068359375 0.06827880512091039
0 0.21240234375 0.42532005689900426 0.005859375 0.06685633001422475
0 0.12109375 0.46372688477951635 0.0556640625 0.11522048364153627
