0 0.9261974584555229 0.4644381223328592 0.009775171065493646 0.05689900426742532
0 0.875366568914956 0.5305832147937412 0.005865102639296188 0.08961593172119488
0 0.8235581622678397 0.3506401137980085 0.007820136852394917 0.2332859174964438
0 0.7991202346041055 0.3364153627311522 0.013685239491691105 0.45519203413940257
0 0.7649071358748778 0.49644381223328593 0.005865102639296188 0.02702702702702703
0 0.7204301075268817 0.4871977240398293 0.008797653958944282 0.08250355618776671
0 0.655425219941349 0.42887624466571833 0.005865102639296188 0.06258890469416785
0 0.6417399804496579 0.4189189189189189 0.007820136852394917 0.11095305832147938
0 0.5713587487781037 0.45874822190611664 0.005865102639296188 0.034139402560455195
0 0.521505376344086 0.44594594594594594 0.005865102639296188 0.025604551920341393
0 0.4608993157380254 0.4914651493598862 0.007820136852394917 0.1678520625889047
0 0.39589442815249265 0.48150782361308675 0.002932551319648094 0.031294452347083924
0 0.3890518084066471 0.5 0.006842619745845552 0.1678520625889047
0 0.34995112414467255 0.43243243243243246 0.006842619745845552 0.032716927453769556
0 0.3533724340175953 0.5042674253200569 0.007820136852394917 0.04267425320056899
0 0.29765395894428154 0.4800853485064011 0.005865102639296188 0.04267425320056899
0 0.26637341153470184 0.45874822190611664 0.005865102639296188 0.01991465149359886
0 0.23264907135874877 0.5078236130867709 0.006842619745845552 0.05547652916073969
0 0.22140762463343108 0.45874822190611664 0.0039100684261974585 0.01991465149359886
0 0.12121212121212122 0.4402560455192034 0.006842619745845552 0.06258890469416785
0 0.11143695014662756 0.49431009957325744 0.006842619745845552 0.02844950213371266
0 0.8499511241446726 0.519203413940256 0.03128054740957967 0.05547652916073969
