0 0.92041015625 0.4516358463726885 0.009765625 0.17923186344238975
0 0.89306640625 0.5213371266002845 0.005859375 0.02275960170697013
0 0.8017578125 0.5376955903271693 0.0322265625 0.01849217638691323
0 0.79443359375 0.4487908961593172 0.005859375 0.04836415362731152
0 0.74072265625 0.4359886201991465 0.005859375 0.017069701280227598
0 0.68359375 0.4466571834992888 0.0068359375 0.05832147937411095
0 0.63134765625 0.5604551920341394 0.005859375 0.09815078236130868
0 0.63916015625 0.4800853485064011 0.00390625 0.034139402560455195
0 0.57763671875 0.4615931721194879 0.005859375 0.017069701280227598
0 0.55859375 0.3918918918918919 0.0068359375 0.09103840682788052
0 0.52099609375 0.5071123755334281 0.005859375 0.05405405405405406
0 0.45654296875 0.5327169274537695 0.005859375 0.03698435277382646
0 0.41259765625 0.43243243243243246 0.0078125 0.08108108108108109
0 0.28955078125 0.44950213371266 0.005859375 0.03556187766714083
0 0.28564453125 0.5 0.005859375 0.03698435277382646
0 0.26904296875 0.44950213371266 0.005859375 0.03556187766714083
0 0.35498046875 0.5355618776671408 0.005859375 0.03982930298719772
0 0.2314453125 0.49644381223328593 0.0068359375 0.032716927453769556
0 0.1982421875 0.5341394025604552 0.0068359375 0.07112375533428165
0 0.2138671875 0.4772403982930299 0.0126953125 0.12233285917496443
0 0.169921875 0.4544807965860597 0.0048828125 0.034139402560455195
0 0.13525390625 0.44950213371266 0.025390625 0.10668563300142248
