0 0.9198435972629521 0.4549668874172185 0.006842619745845552 0.08211920529801324
0 0.8919843597262952 0.45165562913907287 0.005865102639296188 0.04900662251655629
0 0.8318670576735093 0.42980132450331127 0.006842619745845552 0.09271523178807947
0 0.8391984359726296 0.45165562913907287 0.005865102639296188 0.04900662251655629
0 0.7106549364613881 0.49735099337748345 0.008797653958944282 0.07417218543046358
0 0.6490713587487781 0.5278145695364238 0.006842619745845552 0.07947019867549669
0 0.47996089931573804 0.5337748344370861 0.006842619745845552 0.06490066225165562
0 0.36901270772238515 0.4271523178807947 0.007820136852394917 0.09801324503311258
0 0.35777126099706746 0.5033112582781457 0.006842619745845552 0.04370860927152318
0 0.18621700879765396 0.4609271523178808 0.005865102639296188 0.11788079470198676
0 0.17253176930596287 0.423841059602649 0.007820136852394917 0.09933774834437085
0 0.14467253176930597 0.519205298013245 0.006842619745845552 0.059602649006622516
0 0.17155425219941348 0.5039735099337749 0.005865102639296188 0.039735099337748346
0 0.2825024437927664 0.5072847682119205 0.007820136852394917 0.05033112582781457
0 0.27908113391984357 0.44900662251655626 0.01466275659824047 0.04768211920529802
0 0.5752688172043011 0.44834437086092715 0.006842619745845552 0.054304635761589407
0 0.7805474095796676 0.44304635761589406 0.005865102639296188 0.045033112582781455
0 0.09775171065493646 0.4629139072847682 0.006842619745845552 0.02119205298013245
