0 0.794921875 0.49288762446657186 0.0048828125 0.025604551920341393
0 0.69580078125 0.49359886201991465 0.005859375 0.02418207681365576
0 0.5732421875 0.41038406827880514 0.0048828125 0.09103840682788052
0 0.599609375 0.45590327169274536 0.0048828125 0.03698435277382646
0 0.50048828125 0.5227596017069701 0.005859375 0.07396870554765292
0 0.5498046875 0.4260312944523471 0.0048828125 0.01991465149359886
0 0.6884765625 0.4992887624466572 0.0048828125 0.02418207681365576
0 0.5830078125 0.46301564722617355 0.0048828125 0.02275960170697013
0 0.50146484375 0.4445234708392603 0.00390625 0.025604551920341393
0 0.443359375 0.5071123755334281 0.0068359375 0.14793741109530584
0 0.4140625 0.4402560455192034 0.0068359375 0.10810810810810811
0 0.33251953125 0.37980085348506404 0.005859375 0.15220483641536273
0 0.3193359375 0.45376955903271693 0.0048828125 0.02418207681365576
0 0.27001953125 0.44310099573257467 0.005859375 0.03698435277382646
0 0.25146484375 0.5263157894736842 0.00390625 0.05263157894736842
0 0.21337890625 0.4167852062588905 0.005859375 0.09815078236130868
0 0.142578125 0.44523470839260315 0.0107421875 0.10953058321479374
0 0.1357421875 0.44523470839260315 0.0244140625 0.10953058321479374
