0 0.908203125 0.4971550497866287 0.0068359375 0.08534850640113797
0 0.86474609375 0.4694167852062589 0.005859375 0.041251778093883355
0 0.77294921875 0.40825035561877665 0.0078125 0.11522048364153627
0 0.69287109375 0.49857752489331436 0.009765625 0.11095305832147938
0 0.65576171875 0.47297297297297297 0.005859375 0.05405405405405406
0 0.57177734375 0.4480796586059744 0.005859375 0.03840682788051209
0 0.4970703125 0.45305832147937414 0.0068359375 0.051209103840682786
0 0.47509765625 0.5277382645803699 0.005859375 0.07539118065433854
0 0.474609375 0.45092460881934565 0.0048828125 0.05263157894736842
0 0.3857421875 0.3534850640113798 0.0087890625 0.4665718349928876
0 0.36376953125 0.4743954480796586 0.005859375 0.11095305832147938
0 0.291015625 0.3790896159317212 0.0068359375 0.19630156472261737
0 0.275390625 0.5448079658605974 0.0068359375 0.20056899004267426
0 0.25732421875 0.4594594594594595 0.005859375 0.08108108108108109
0 0.25048828125 0.5533428165007113 0.005859375 0.10384068278805121
0 0.22021484375 0.40042674253200566 0.009765625 0.3328591749644381
0 0.197265625 0.4523470839260313 0.0048828125 0.044096728307254626
0 0.1279296875 0.3705547652916074 0.0087890625 0.2759601706970128
