0 0.1474609375 0.4871977240398293 0.0068359375 0.19914651493598862
0 0.2763671875 0.3869132290184922 0.0126953125 0.24893314366998578
0 0.4306640625 0.40825035561877665 0.0068359375 0.15220483641536273
0 0.478515625 0.39829302987197723 0.0068359375 0.19203413940256045
0 0.52490234375 0.49359886201991465 0.005859375 0.032716927453769556
0 0.29833984375 0.465149359886202 0.005859375 0.07823613086770982
0 0.626953125 0.47297297297297297 0.0048828125 0.09388335704125178
0 0.8662109375 0.4992887624466572 0.0068359375 0.041251778093883355
0 0.8291015625 0.484352773826458 0.0068359375 0.1166429587482219
0 0.45263671875 0.46088193456614507 0.005859375 0.02702702702702703
0 0.123046875 0.4310099573257468 0.0068359375 0.05263157894736842
