0 0.91845703125 0.4786628733997155 0.005859375 0.07681365576102418
0 0.83154296875 0.41038406827880514 0.005859375 0.1166429587482219
0 0.7802734375 0.41109530583214793 0.0048828125 0.03556187766714083
0 0.76611328125 0.4473684210526316 0.00390625 0.017069701280227598
0 0.73876953125 0.4473684210526316 0.00390625 0.02275960170697013
0 0.7041015625 0.5078236130867709 0.0048828125 0.029871977240398292
0 0.65771484375 0.42034139402560455 0.005859375 0.034139402560455195
0 0.5595703125 0.5092460881934566 0.0048828125 0.01849217638691323
0 0.55908203125 0.4139402560455192 0.005859375 0.03556187766714083
0 0.4521484375 0.4267425320056899 0.0068359375 0.06685633001422475
0 0.59716796875 0.46870554765291605 0.005859375 0.01422475106685633
0 0.41455078125 0.4366998577524893 0.005859375 0.05832147937411095
0 0.287109375 0.5476529160739687 0.0048828125 0.06970128022759602
0 0.25927734375 0.4644381223328592 0.005859375 0.02275960170697013
0 0.2470703125 0.5028449502133713 0.0068359375 0.017069701280227598
0 0.1162109375 0.4779516358463727 0.0107421875 0.12375533428165007
0 0.177734375 0.42034139402560455 0.0048828125 0.031294452347083924
0 0.13818359375 0.4665718349928876 0.005859375 0.00995732574679943
0 0.20166015625 0.44950213371266 0.005859375 0.012802275960170697
