0 0.53173828125 0.406827880512091 0.009765625 0.5732574679943101
0 0.728515625 0.45021337126600286 0.0048828125 0.03982930298719772
0 0.45654296875 0.4850640113798009 0.005859375 0.05832147937411095
0 0.44873046875 0.49644381223328593 0.0078125 0.08392603129445235
0 0.501953125 0.5142247510668563 0.0048828125 0.059743954480796585
0 0.306640625 0.4046941678520626 0.0068359375 0.09388335704125178
0 0.28955078125 0.45305832147937414 0.0078125 0.15362731152204837
0 0.62841796875 0.4594594594594595 0.005859375 0.01849217638691323
0 0.6064453125 0.45874822190611664 0.0048828125 0.017069701280227598
0 0.380859375 0.5163584637268848 0.0322265625 0.049786628733997154
0 0.39013671875 0.44950213371266 0.0234375 0.04694167852062589
0 0.7431640625 0.45021337126600286 0.0048828125 0.025604551920341393
0 0.7685546875 0.43812233285917496 0.0048828125 0.02418207681365576
0 0.81396484375 0.5021337126600285 0.0029296875 0.03698435277382646
0 0.8134765625 0.4623044096728307 0.00390625 0.01422475106685633
