0 0.9091796875 0.419205298013245 0.0068359375 0.02913907284768212
0 0.8974609375 0.5258278145695364 0.0068359375 0.051655629139072845
0 0.82568359375 0.4562913907284768 0.009765625 0.14304635761589404
0 0.7412109375 0.4589403973509934 0.0048828125 0.010596026490066225
0 0.80126953125 0.4960264900662252 0.009765625 0.05562913907284768
0 0.64794921875 0.35165562913907283 0.0078125 0.29668874172185433
0 0.59423828125 0.49933774834437084 0.005859375 0.025165562913907286
0 0.396484375 0.4913907284768212 0.0068359375 0.051655629139072845
0 0.25830078125 0.4900662251655629 0.005859375 0.04370860927152318
0 0.7627418154761905 0.4596341847997477 0.007440476190476275 0.1274046042257963
0 0.3297991071428571 0.46152633238725954 0.006510416666666741 0.11352885525070956
