0 0.93115234375 0.45305832147937414 0.01171875 0.10241820768136557
0 0.82373046875 0.3442389758179232 0.0078125 0.2147937411095306
0 0.8017578125 0.527027027027027 0.0107421875 0.08250355618776671
0 0.67529296875 0.4786628733997155 0.01171875 0.11379800853485064
0 0.65576171875 0.4310099573257468 0.005859375 0.07539118065433854
0 0.541015625 0.4971550497866287 0.0048828125 0.02844950213371266
0 0.43310546875 0.43385490753911804 0.005859375 0.05547652916073969
0 0.283203125 0.5042674253200569 0.0048828125 0.034139402560455195
0 0.189453125 0.4352773826458037 0.0048828125 0.07254623044096728
0 0.2451171875 0.4260312944523471 0.0048828125 0.031294452347083924
0 0.1279296875 0.3883357041251778 0.0048828125 0.05547652916073969
0 0.12060546875 0.4473684210526316 0.005859375 0.01422475106685633
0 0.4606782356194691 0.4194350382054155 0.00691371681415931 0.1926006117901786
0 0.7197265625 0.4402560455192034 0.0029296875 0.031294452347083924
0 0.5185546875 0.492176386913229 0.0048828125 0.00995732574679943
0 0.701171875 0.48933143669985774 0.0048828125 0.00995732574679943
0 0.796875 0.4473684210526316 0.0068359375 0.017069701280227598
0 0.84814453125 0.5256045519203414 0.029296875 0.04267425320056899
