0 0.931640625 0.46799431009957326 0.0107421875 0.10668563300142248
0 0.8037109375 0.4722617354196302 0.0068359375 0.09815078236130868
0 0.73779296875 0.5092460881934566 0.005859375 0.05547652916073969
0 0.70703125 0.4487908961593172 0.0048828125 0.01991465149359886
0 0.40087890625 0.46870554765291605 0.0078125 0.051209103840682786
0 0.4873046875 0.4594594594594595 0.0048828125 0.015647226173541962
0 0.3935546875 0.492176386913229 0.0087890625 0.06116642958748222
0 0.291015625 0.46372688477951635 0.0048828125 0.00995732574679943
0 0.55126953125 0.3918918918918919 0.01953125 0.03698435277382646
0 0.14404296875 0.5113798008534851 0.005859375 0.01991465149359886
0 0.25 0.534850640113798 0.0068359375 0.09815078236130868
