0 0.09619140625 0.5597439544807966 0.005859375 0.13086770981507823
0 0.224609375 0.4829302987197724 0.0068359375 0.04267425320056899
0 0.1640625 0.4544807965860597 0.0087890625 0.03982930298719772
0 0.2470703125 0.43243243243243246 0.0048828125 0.03556187766714083
0 0.3623046875 0.5184921763869133 0.0048828125 0.051209103840682786
0 0.31982421875 0.5341394025604552 0.005859375 0.031294452347083924
0 0.564453125 0.4445234708392603 0.0068359375 0.07112375533428165
0 0.39404296875 0.5092460881934566 0.005859375 0.041251778093883355
0 0.623046875 0.5376955903271693 0.0048828125 0.03556187766714083
0 0.740234375 0.5576102418207681 0.0068359375 0.07823613086770982
0 0.7353515625 0.4786628733997155 0.0048828125 0.02844950213371266
0 0.806640625 0.42318634423897583 0.0068359375 0.034139402560455195
0 0.90966796875 0.4089615931721195 0.005859375 0.02844950213371266
0 0.52099609375 0.44594594594594594 0.005859375 0.03698435277382646
0 0.47705078125 0.4601706970128023 0.005859375 0.025604551920341393
0 0.3271484375 0.3662873399715505 0.0263671875 0.11948790896159317
0 0.79150390625 0.3890469416785206 0.025390625 0.031294452347083924
