0 0.8955078125 0.48862019914651494 0.0068359375 0.05689900426742532
0 0.82763671875 0.5135135135135135 0.005859375 0.044096728307254626
0 0.8115234375 0.531294452347084 0.0068359375 0.025604551920341393
0 0.68115234375 0.5199146514935988 0.005859375 0.08534850640113797
0 0.62060546875 0.5071123755334281 0.005859375 0.017069701280227598
0 0.53173828125 0.441678520625889 0.005859375 0.025604551920341393
0 0.20751953125 0.3890469416785206 0.0078125 0.07112375533428165
0 0.23486328125 0.47297297297297297 0.005859375 0.04551920341394026
0 0.19091796875 0.46088193456614507 0.005859375 0.015647226173541962
0 0.11865234375 0.49857752489331436 0.00390625 0.02844950213371266
0 0.4365234375 0.492176386913229 0.0048828125 0.01849217638691323
