0 0.654296875 0.48150782361308675 0.0048828125 0.07965860597439545
0 0.638671875 0.4480796586059744 0.0087890625 0.05263157894736842
0 0.634765625 0.5021337126600285 0.0048828125 0.041251778093883355
0 0.63427734375 0.46586059743954483 0.005859375 0.01991465149359886
0 0.61376953125 0.5056899004267426 0.005859375 0.04267425320056899
0 0.5673828125 0.5106685633001422 0.0048828125 0.049786628733997154
0 0.53955078125 0.4786628733997155 0.0078125 0.07965860597439545
0 0.52392578125 0.45874822190611664 0.0078125 0.034139402560455195
0 0.5244140625 0.5049786628733998 0.0068359375 0.044096728307254626
0 0.50732421875 0.5007112375533428 0.005859375 0.029871977240398292
0 0.484375 0.5170697012802276 0.0068359375 0.06258890469416785
0 0.4501953125 0.441678520625889 0.0068359375 0.06827880512091039
0 0.451171875 0.5064011379800853 0.0048828125 0.049786628733997154
0 0.4208984375 0.5284495021337127 0.0068359375 0.08250355618776671
0 0.42041015625 0.44594594594594594 0.0078125 0.04836415362731152
0 0.361328125 0.5469416785206259 0.0048828125 0.04267425320056899
0 0.296875 0.4544807965860597 0.1337890625 0.16216216216216217
