0 0.8955078125 0.41589403973509936 0.0068359375 0.1814569536423841
0 0.85205078125 0.45761589403973507 0.005859375 0.0423841059602649
0 0.8076171875 0.37880794701986753 0.0146484375 0.10198675496688742
0 0.73388671875 0.42251655629139073 0.005859375 0.10198675496688742
0 0.68701171875 0.4390728476821192 0.005859375 0.045033112582781455
0 0.49853515625 0.4390728476821192 0.0078125 0.280794701986755
0 0.51513671875 0.43112582781456954 0.005859375 0.08211920529801324
0 0.4013671875 0.46357615894039733 0.0068359375 0.06490066225165562
0 0.38671875 0.3841059602649007 0.0068359375 0.08874172185430464
0 0.34814453125 0.48079470198675495 0.0078125 0.06754966887417219
0 0.3349609375 0.3443708609271523 0.0244140625 0.08344370860927153
0 0.7861328125 0.3662251655629139 0.0283203125 0.07417218543046358
0 0.7841796875 0.4609271523178808 0.0576171875 0.04105960264900662
