0 0.8623046875 0.5099573257467994 0.0048828125 0.02844950213371266
0 0.77392578125 0.4879089615931721 0.005859375 0.012802275960170697
0 0.68408203125 0.49288762446657186 0.0078125 0.03982930298719772
0 0.67919921875 0.42105263157894735 0.005859375 0.029871977240398292
0 0.72998046875 0.46372688477951635 0.005859375 0.012802275960170697
0 0.5244140625 0.5327169274537695 0.0048828125 0.034139402560455195
0 0.537109375 0.5647226173541963 0.0048828125 0.029871977240398292
0 0.6142578125 0.5184921763869133 0.0048828125 0.02844950213371266
0 0.328125 0.5199146514935988 0.0048828125 0.04267425320056899
0 0.373046875 0.4829302987197724 0.0068359375 0.031294452347083924
