0 0.6826171875 0.4366998577524893 0.0048828125 0.06970128022759602
0 0.6298828125 0.48933143669985774 0.0048828125 0.049786628733997154
0 0.55810546875 0.414651493598862 0.005859375 0.04551920341394026
0 0.52880859375 0.46586059743954483 0.005859375 0.031294452347083924
0 0.51220703125 0.492176386913229 0.005859375 0.05547652916073969
0 0.45166015625 0.49359886201991465 0.005859375 0.02702702702702703
0 0.4111328125 0.41963015647226176 0.0048828125 0.02702702702702703
0 0.10693359375 0.441678520625889 0.005859375 0.04836415362731152
0 0.88720703125 0.5085348506401138 0.005859375 0.02275960170697013
0 0.85009765625 0.4950213371266003 0.005859375 0.041251778093883355
