0 0.8797653958944281 0.5668874172185431 0.006842619745845552 0.12582781456953643
0 0.6999022482893451 0.42980132450331127 0.006842619745845552 0.07152317880794702
0 0.6212121212121212 0.3973509933774834 0.011730205278592375 0.2900662251655629
0 0.5777126099706745 0.44900662251655626 0.008797653958944282 0.038410596026490065
0 0.7214076246334311 0.5033112582781457 0.006842619745845552 0.033112582781456956
0 0.8973607038123167 0.452317880794702 0.004887585532746823 0.03443708609271523
0 0.46725317693059626 0.419205298013245 0.006842619745845552 0.08741721854304636
0 0.4051808406647116 0.509271523178808 0.005865102639296188 0.02384105960264901
0 0.34359726295210163 0.4456953642384106 0.005865102639296188 0.05562913907284768
0 0.1441837732160313 0.44966887417218543 0.007820136852394917 0.052980132450331126
0 0.15640273704789834 0.4304635761589404 0.004887585532746823 0.08079470198675497
0 0.1906158357771261 0.4357615894039735 0.006842619745845552 0.06225165562913907
0 0.4227761485826002 0.4947019867549669 0.005865102639296188 0.02384105960264901
