0 0.87158203125 0.5125827814569537 0.009765625 0.10728476821192053
0 0.5166015625 0.5172185430463576 0.0068359375 0.06887417218543046
0 0.4541015625 0.4019867549668874 0.0068359375 0.11125827814569536
0 0.39453125 0.428476821192053 0.0068359375 0.045033112582781455
0 0.2705078125 0.44966887417218543 0.0068359375 0.0423841059602649
0 0.1728515625 0.5185430463576159 0.0068359375 0.060927152317880796
0 0.16845703125 0.5026490066225165 0.0078125 0.0423841059602649
0 0.13037109375 0.3609271523178808 0.009765625 0.423841059602649
0 0.1083984375 0.39867549668874175 0.0068359375 0.14966887417218544
0 0.7734375 0.49271523178807947 0.0048828125 0.019867549668874173
