0 0.916015625 0.39403973509933776 0.0068359375 0.0423841059602649
0 0.8310546875 0.41721854304635764 0.0068359375 0.17350993377483442
0 0.70166015625 0.43642384105960264 0.005859375 0.015894039735099338
0 0.5810546875 0.35562913907284766 0.0048828125 0.05033112582781457
0 0.59130859375 0.5046357615894039 0.009765625 0.04900662251655629
0 0.46875 0.3973509933774834 0.0068359375 0.14701986754966886
0 0.40869140625 0.46225165562913906 0.005859375 0.030463576158940398
0 0.263671875 0.3033112582781457 0.0087890625 0.10198675496688742
0 0.2978515625 0.40794701986754967 0.0068359375 0.011920529801324504
0 0.125 0.41788079470198675 0.0068359375 0.06357615894039735
0 0.15234375 0.48344370860927155 0.0087890625 0.0913907284768212
0 0.10986328125 0.35496688741721855 0.0078125 0.030463576158940398
0 0.8059895833333333 0.4198990854619994 0.008370535714285698 0.04036581520025229
