0 0.8763440860215054 0.4066225165562914 0.007820136852394917 0.1390728476821192
0 0.7468230694037146 0.5185430463576159 0.006842619745845552 0.07152317880794702
0 0.636852394916911 0.5655629139072847 0.007820136852394917 0.12847682119205298
0 0.6065493646138808 0.5079470198675496 0.009775171065493646 0.05033112582781457
0 0.6065493646138808 0.433112582781457 0.005865102639296188 0.04370860927152318
0 0.5254154447702835 0.4370860927152318 0.005865102639296188 0.033112582781456956
0 0.4335288367546432 0.31390728476821195 0.007820136852394917 0.271523178807947
0 0.3724340175953079 0.40397350993377484 0.010752688172043012 0.3483443708609272
0 0.3973607038123167 0.46158940397350995 0.013685239491691105 0.026490066225165563
0 0.32746823069403713 0.5403973509933775 0.006842619745845552 0.06225165562913907
0 0.34017595307917886 0.45827814569536424 0.006842619745845552 0.03576158940397351
0 0.24242424242424243 0.5158940397350993 0.006842619745845552 0.05562913907284768
0 0.21407624633431085 0.39470198675496687 0.020527859237536656 0.06754966887417219
0 0.2878787878787879 0.49933774834437084 0.005865102639296188 0.033112582781456956
0 0.2878787878787879 0.4695364238410596 0.005865102639296188 0.010596026490066225
0 0.1798631476050831 0.4596026490066225 0.006842619745845552 0.01456953642384106
