0 0.9326171875 0.4549668874172185 0.0107421875 0.10596026490066225
0 0.91259765625 0.4741721854304636 0.009765625 0.12847682119205298
0 0.8232421875 0.39867549668874175 0.0107421875 0.31390728476821195
0 0.80078125 0.5569536423841059 0.0068359375 0.02384105960264901
0 0.8037109375 0.48079470198675495 0.0126953125 0.176158940397351
0 0.7216796875 0.48543046357615893 0.0087890625 0.12980132450331125
0 0.6767578125 0.41324503311258276 0.0048828125 0.02781456953642384
0 0.5849609375 0.5350993377483444 0.0068359375 0.06754966887417219
0 0.57373046875 0.39470198675496687 0.005859375 0.0728476821192053
0 0.54248046875 0.5258278145695364 0.005859375 0.030463576158940398
0 0.48583984375 0.4602649006622517 0.005859375 0.026490066225165563
0 0.46142578125 0.2913907284768212 0.0078125 0.36423841059602646
0 0.4609375 0.3119205298013245 0.0107421875 0.4291390728476821
0 0.4326171875 0.42582781456953644 0.0048828125 0.02119205298013245
0 0.37744140625 0.49933774834437084 0.005859375 0.033112582781456956
0 0.283203125 0.5105960264900662 0.0068359375 0.0423841059602649
0 0.18994140625 0.4410596026490066 0.0078125 0.046357615894039736
0 0.1494140625 0.4596026490066225 0.0068359375 0.019867549668874173
0 0.12109375 0.4503311258278146 0.0068359375 0.017218543046357615
0 0.12744140625 0.4337748344370861 0.009765625 0.08741721854304636
0 0.85107421875 0.528476821192053 0.03125 0.046357615894039736
