0 0.90771484375 0.441678520625889 0.0078125 0.21621621621621623
0 0.86279296875 0.45590327169274536 0.005859375 0.04267425320056899
0 0.8115234375 0.4971550497866287 0.0048828125 0.017069701280227598
0 0.734375 0.4879089615931721 0.0068359375 0.14366998577524892
0 0.65478515625 0.5462304409672831 0.005859375 0.08961593172119488
0 0.6337890625 0.42034139402560455 0.0048828125 0.06827880512091039
0 0.634765625 0.527027027027027 0.0048828125 0.07965860597439545
0 0.5771484375 0.5035561877667141 0.0048828125 0.041251778093883355
0 0.5078125 0.5604551920341394 0.0048828125 0.04694167852062589
0 0.4482421875 0.48079658605974396 0.0048828125 0.03556187766714083
0 0.2021484375 0.5120910384068279 0.0048828125 0.05547652916073969
0 0.30078125 0.5028449502133713 0.0048828125 0.01422475106685633
0 0.60595703125 0.45874822190611664 0.0078125 0.02275960170697013
0 0.47900390625 0.4992887624466572 0.005859375 0.03840682788051209
0 0.2666015625 0.4665718349928876 0.0068359375 0.021337126600284494
0 0.22900390625 0.4644381223328592 0.005859375 0.02275960170697013
0 0.52978515625 0.5170697012802276 0.00390625 0.025604551920341393
0 0.208984375 0.39971550497866287 0.0048828125 0.02418207681365576
