0 0.6862170087976539 0.4821192052980132 0.008797653958944282 0.0781456953642384
0 0.5791788856304986 0.4509933774834437 0.007820136852394917 0.04768211920529802
0 0.7737047898338221 0.45695364238410596 0.005865102639296188 0.033112582781456956
0 0.7497556207233627 0.4543046357615894 0.006842619745845552 0.02781456953642384
0 0.4804496578690127 0.4913907284768212 0.013685239491691105 0.18410596026490067
0 0.3362658846529814 0.5536423841059602 0.006842619745845552 0.11258278145695365
0 0.3924731182795699 0.5357615894039736 0.005865102639296188 0.09801324503311258
0 0.2785923753665689 0.5516556291390728 0.016617790811339198 0.045033112582781455
0 0.25024437927663734 0.5072847682119205 0.006842619745845552 0.046357615894039736
0 0.20332355816226785 0.4642384105960265 0.008797653958944282 0.026490066225165563
