0 0.548828125 0.46586059743954483 0.0068359375 0.1251778093883357
0 0.64990234375 0.49288762446657186 0.009765625 0.08534850640113797
0 0.49658203125 0.5462304409672831 0.0078125 0.06116642958748222
0 0.78125 0.534850640113798 0.0048828125 0.05832147937411095
0 0.9083413993362832 0.5025176550560808 0.005185287610619427 0.03650599831317117
0 0.37451171875 0.5298719772403983 0.005859375 0.04836415362731152
0 0.31591796875 0.4957325746799431 0.009765625 0.15647226173541964
0 0.29150390625 0.4096728307254623 0.005859375 0.12091038406827881
0 0.22021484375 0.3940256045519203 0.0078125 0.16358463726884778
0 0.26416015625 0.46586059743954483 0.02734375 0.01991465149359886
0 0.20654296875 0.5341394025604552 0.005859375 0.04551920341394026
0 0.1748046875 0.4523470839260313 0.0087890625 0.044096728307254626
