0 0.90673828125 0.4907539118065434 0.005859375 0.012802275960170697
0 0.74169921875 0.5049786628733998 0.005859375 0.044096728307254626
0 0.74560546875 0.4615931721194879 0.005859375 0.04267425320056899
0 0.7431640625 0.48364153627311524 0.0087890625 0.08961593172119488
0 0.69384765625 0.48577524893314367 0.005859375 0.09103840682788052
0 0.65478515625 0.44950213371266 0.005859375 0.03556187766714083
0 0.62060546875 0.48862019914651494 0.005859375 0.02844950213371266
0 0.5146484375 0.47155049786628733 0.0048828125 0.031294452347083924
0 0.3671875 0.515647226173542 0.0068359375 0.06543385490753911
0 0.2646484375 0.5291607396870555 0.0068359375 0.08961593172119488
0 0.20654296875 0.4516358463726885 0.005859375 0.025604551920341393
0 0.13623046875 0.5113798008534851 0.005859375 0.02275960170697013
0 0.28662109375 0.5049786628733998 0.0078125 0.03840682788051209
0 0.6708984375 0.4480796586059744 0.0048828125 0.012802275960170697
0 0.34716796875 0.5547652916073968 0.005859375 0.01849217638691323
0 0.34814453125 0.5106685633001422 0.0078125 0.029871977240398292
