0 0.84228515625 0.5540540540540541 0.005859375 0.14509246088193456
0 0.80126953125 0.422475106685633 0.005859375 0.08108108108108109
0 0.79736328125 0.5284495021337127 0.005859375 0.04836415362731152
0 0.78271484375 0.43243243243243246 0.005859375 0.08108108108108109
0 0.84326171875 0.47581792318634425 0.013671875 0.13086770981507823
0 0.71923828125 0.4864864864864865 0.005859375 0.06116642958748222
0 0.64111328125 0.3883357041251778 0.005859375 0.06970128022759602
0 0.6201171875 0.43029871977240397 0.0068359375 0.06258890469416785
0 0.52734375 0.5092460881934566 0.0048828125 0.04694167852062589
0 0.486328125 0.45519203413940257 0.0068359375 0.05547652916073969
0 0.4052734375 0.5042674253200569 0.0048828125 0.034139402560455195
0 0.36376953125 0.45376955903271693 0.005859375 0.03556187766714083
0 0.31982421875 0.5049786628733998 0.005859375 0.032716927453769556
0 0.30126953125 0.5078236130867709 0.00390625 0.04694167852062589
0 0.2353515625 0.3883357041251778 0.0068359375 0.14935988620199148
0 0.185546875 0.42887624466571833 0.0087890625 0.3613086770981508
0 0.125 0.5049786628733998 0.0068359375 0.04694167852062589
0 0.1629563053097346 0.4559410365185866 0.009506360619468968 0.1422475106685633
0 0.658203125 0.5213371266002845 0.0478515625 0.07965860597439545
