0 0.9326171875 0.4438122332859175 0.0087890625 0.09815078236130868
0 0.796875 0.45519203413940257 0.0068359375 0.029871977240398292
0 0.71826171875 0.4793741109530583 0.005859375 0.01849217638691323
0 0.537109375 0.4438122332859175 0.0068359375 0.03840682788051209
0 0.4365234375 0.5170697012802276 0.0068359375 0.07112375533428165
0 0.41259765625 0.44310099573257467 0.005859375 0.05689900426742532
0 0.3271484375 0.5064011379800853 0.0048828125 0.049786628733997154
0 0.2666015625 0.47297297297297297 0.0068359375 0.059743954480796585
0 0.21728515625 0.3918918918918919 0.0078125 0.22475106685633
0 0.8486328125 0.5213371266002845 0.0263671875 0.034139402560455195
