0 0.85693359375 0.45590327169274536 0.005859375 0.12233285917496443
0 0.82470703125 0.43812233285917496 0.005859375 0.08108108108108109
0 0.81494140625 0.4544807965860597 0.005859375 0.06543385490753911
0 0.69091796875 0.4879089615931721 0.0078125 0.09815078236130868
0 0.67236328125 0.5120910384068279 0.005859375 0.06401137980085349
0 0.63818359375 0.5177809388335705 0.005859375 0.07539118065433854
0 0.6083984375 0.4879089615931721 0.0068359375 0.08108108108108109
0 0.48046875 0.5305832147937412 0.0068359375 0.06685633001422475
0 0.42333984375 0.45590327169274536 0.005859375 0.025604551920341393
0 0.40478515625 0.4544807965860597 0.005859375 0.04267425320056899
0 0.22119140625 0.5092460881934566 0.005859375 0.08961593172119488
0 0.20166015625 0.5291607396870555 0.005859375 0.05547652916073969
0 0.1123046875 0.43029871977240397 0.0126953125 0.04836415362731152
