0 0.919921875 0.5732574679943101 0.0087890625 0.14935988620199148
0 0.904296875 0.3911806543385491 0.0068359375 0.10668563300142248
0 0.89501953125 0.441678520625889 0.005859375 0.06258890469416785
0 0.85400390625 0.3918918918918919 0.0078125 0.19914651493598862
0 0.76904296875 0.4139402560455192 0.005859375 0.08961593172119488
0 0.73486328125 0.49786628733997157 0.005859375 0.19487908961593173
0 0.6943359375 0.3207681365576102 0.0107421875 0.406827880512091
0 0.6669921875 0.5085348506401138 0.0087890625 0.3584637268847795
0 0.626953125 0.3186344238975818 0.0087890625 0.45092460881934565
0 0.564453125 0.47155049786628733 0.0068359375 0.06543385490753911
0 0.5146484375 0.4822190611664296 0.0126953125 0.14935988620199148
0 0.4892578125 0.4317211948790896 0.0087890625 0.27880512091038406
0 0.451171875 0.4722617354196302 0.0068359375 0.05263157894736842
0 0.43212890625 0.5903271692745377 0.0078125 0.19203413940256045
0 0.4052734375 0.43029871977240397 0.0068359375 0.07965860597439545
0 0.3447265625 0.492176386913229 0.0048828125 0.05263157894736842
0 0.28564453125 0.4473684210526316 0.005859375 0.05405405405405406
0 0.18798828125 0.5035561877667141 0.0078125 0.12944523470839261
0 0.171875 0.4445234708392603 0.0068359375 0.04551920341394026
0 0.11962890625 0.46372688477951635 0.052734375 0.14082503556187767
