0 0.85400390625 0.48364153627311524 0.005859375 0.06685633001422475
0 0.890625 0.46799431009957326 0.0068359375 0.012802275960170697
0 0.68310546875 0.42318634423897583 0.005859375 0.06543385490753911
0 0.6279296875 0.47581792318634425 0.0068359375 0.07681365576102418
0 0.73583984375 0.4957325746799431 0.005859375 0.01422475106685633
0 0.4892578125 0.5199146514935988 0.0048828125 0.03982930298719772
0 0.4111328125 0.41109530583214793 0.0048828125 0.021337126600284494
0 0.3994140625 0.5049786628733998 0.0068359375 0.07823613086770982
0 0.1376953125 0.441678520625889 0.0244140625 0.09388335704125178
0 0.12255859375 0.5071123755334281 0.02734375 0.02844950213371266
