0 0.91162109375 0.4879089615931721 0.005859375 0.09815078236130868
0 0.81787109375 0.4743954480796586 0.005859375 0.07112375533428165
0 0.80224609375 0.5120910384068279 0.005859375 0.06685633001422475
0 0.71240234375 0.4473684210526316 0.0078125 0.2930298719772404
0 0.6357421875 0.55049786628734 0.0068359375 0.12375533428165007
0 0.6552734375 0.44523470839260315 0.0048828125 0.03840682788051209
0 0.3701171875 0.42460881934566147 0.0087890625 0.10810810810810811
0 0.33935546875 0.45021337126600286 0.0078125 0.03698435277382646
0 0.31884765625 0.5590327169274538 0.005859375 0.06970128022759602
0 0.21533203125 0.3990042674253201 0.013671875 0.059743954480796585
0 0.10693359375 0.4779516358463727 0.005859375 0.02418207681365576
0 0.1787109375 0.46870554765291605 0.0068359375 0.034139402560455195
0 0.5927734375 0.4310099573257468 0.0048828125 0.029871977240398292
0 0.62109375 0.45021337126600286 0.0048828125 0.02275960170697013
0 0.44677734375 0.4445234708392603 0.009765625 0.3669985775248933
0 0.431640625 0.31934566145092463 0.0087890625 0.42105263157894735
0 0.28515625 0.5064011379800853 0.0068359375 0.05263157894736842
0 0.6630859375 0.4039829302987198 0.0048828125 0.041251778093883355
