0 0.87158203125 0.38762446657183497 0.0078125 0.1678520625889047
0 0.81005859375 0.44310099573257467 0.005859375 0.06543385490753911
0 0.82421875 0.5142247510668563 0.0068359375 0.059743954480796585
0 0.794921875 0.5433854907539118 0.0048828125 0.049786628733997154
0 0.716796875 0.42318634423897583 0.0087890625 0.2019914651493599
0 0.6787109375 0.5142247510668563 0.0068359375 0.051209103840682786
0 0.6337890625 0.46372688477951635 0.0087890625 0.08961593172119488
0 0.46484375 0.441678520625889 0.0048828125 0.031294452347083924
0 0.37109375 0.49857752489331436 0.0048828125 0.031294452347083924
0 0.24755859375 0.5184921763869133 0.01171875 0.07681365576102418
0 0.18212890625 0.44950213371266 0.0078125 0.05547652916073969
0 0.1552734375 0.4800853485064011 0.0068359375 0.08819345661450925
0 0.09521484375 0.49359886201991465 0.005859375 0.06401137980085349
