0 0.9042033235581622 0.5324503311258278 0.006842619745845552 0.07019867549668875
0 0.8949169110459433 0.43112582781456954 0.005865102639296188 0.045033112582781455
0 0.8870967741935484 0.4503311258278146 0.005865102639296188 0.01456953642384106
0 0.8167155425219942 0.447682119205298 0.005865102639296188 0.05695364238410596
0 0.7820136852394917 0.44370860927152317 0.006842619745845552 0.06754966887417219
0 0.7771260997067448 0.528476821192053 0.008797653958944282 0.09403973509933775
0 0.7619745845552297 0.4774834437086093 0.013685239491691105 0.07152317880794702
0 0.7331378299120235 0.4456953642384106 0.004887585532746823 0.031788079470198675
0 0.8352883675464321 0.42185430463576157 0.005865102639296188 0.052980132450331126
0 0.7111436950146628 0.5152317880794702 0.007820136852394917 0.14172185430463577
0 0.7018572825024438 0.29072847682119207 0.008797653958944282 0.3443708609271523
0 0.5962854349951124 0.43642384105960264 0.008797653958944282 0.05033112582781457
0 0.5224828934506354 0.5417218543046357 0.009775171065493646 0.11258278145695365
0 0.5185728250244379 0.4509933774834437 0.007820136852394917 0.16158940397350993
0 0.5024437927663734 0.4768211920529801 0.006842619745845552 0.04105960264900662
0 0.47947214076246336 0.46225165562913906 0.005865102639296188 0.01456953642384106
0 0.49071358748778104 0.5059602649006623 0.008797653958944282 0.046357615894039736
0 0.46480938416422285 0.5006622516556292 0.005865102639296188 0.03576158940397351
0 0.4252199413489736 0.5258278145695364 0.006842619745845552 0.03576158940397351
0 0.24926686217008798 0.5165562913907285 0.006842619745845552 0.06754966887417219
0 0.1959921798631476 0.38741721854304634 0.0039100684261974585 0.04768211920529802
0 0.20283479960899314 0.4456953642384106 0.005865102639296188 0.04768211920529802
0 0.5674952287855514 0.4703563544623147 0.009309686729041563 0.11100599180069377
0 0.843992924638086 0.48990854619993696 0.009309686729041563 0.15011037527593815
