0 0.91162109375 0.44523470839260315 0.005859375 0.041251778093883355
0 0.90234375 0.4900426742532006 0.0048828125 0.017069701280227598
0 0.8876953125 0.47155049786628733 0.0048828125 0.011379800853485065
0 0.87451171875 0.4914651493598862 0.005859375 0.017069701280227598
0 0.841796875 0.5071123755334281 0.0068359375 0.11379800853485064
0 0.76416015625 0.44310099573257467 0.00390625 0.04267425320056899
0 0.70068359375 0.46301564722617355 0.005859375 0.04836415362731152
0 0.716796875 0.45803698435277385 0.0048828125 0.03556187766714083
0 0.63671875 0.45092460881934565 0.0048828125 0.044096728307254626
0 0.5966796875 0.42887624466571833 0.0048828125 0.02275960170697013
0 0.5380859375 0.4061166429587482 0.0068359375 0.09672830725462304
0 0.5732421875 0.44594594594594594 0.0087890625 0.02275960170697013
0 0.71533203125 0.4950213371266003 0.005859375 0.021337126600284494
0 0.5576171875 0.5519203413940256 0.0068359375 0.044096728307254626
0 0.5400390625 0.49786628733997157 0.0048828125 0.03556187766714083
0 0.5126953125 0.4615931721194879 0.0048828125 0.017069701280227598
0 0.48779296875 0.484352773826458 0.005859375 0.059743954480796585
0 0.47607421875 0.5590327169274538 0.005859375 0.049786628733997154
0 0.4609375 0.44950213371266 0.0068359375 0.02702702702702703
0 0.43798828125 0.45092460881934565 0.005859375 0.041251778093883355
0 0.4501953125 0.4694167852062589 0.0048828125 0.012802275960170697
0 0.423828125 0.5092460881934566 0.0048828125 0.02702702702702703
0 0.39306640625 0.5113798008534851 0.0078125 0.01422475106685633
0 0.37548828125 0.5092460881934566 0.005859375 0.05263157894736842
0 0.322265625 0.43741109530583216 0.0048828125 0.04551920341394026
0 0.30126953125 0.44096728307254623 0.005859375 0.012802275960170697
0 0.28125 0.4950213371266003 0.0048828125 0.021337126600284494
0 0.24658203125 0.5248933143669986 0.005859375 0.08108108108108109
0 0.27734375 0.43029871977240397 0.0048828125 0.01422475106685633
0 0.2587890625 0.4395448079658606 0.0048828125 0.029871977240398292
0 0.26904296875 0.5014224751066856 0.005859375 0.034139402560455195
0 0.1806640625 0.4132290184921764 0.0068359375 0.025604551920341393
0 0.16943359375 0.4822190611664296 0.005859375 0.04694167852062589
0 0.234375 0.5206258890469416 0.0048828125 0.029871977240398292
0 0.1220703125 0.465149359886202 0.0068359375 0.02702702702702703
0 0.322265625 0.36486486486486486 0.0068359375 0.06543385490753911
0 0.40623271570796465 0.4666410705069299 0.008642146017699193 0.128400407860119
