0 0.85693359375 0.37695590327169276 0.0078125 0.1721194879089616
0 0.8369140625 0.48862019914651494 0.0087890625 0.10241820768136557
0 0.8046875 0.4061166429587482 0.0068359375 0.08534850640113797
0 0.6650390625 0.5199146514935988 0.0166015625 0.1678520625889047
0 0.4443359375 0.42532005689900426 0.0068359375 0.01849217638691323
0 0.17138671875 0.566145092460882 0.0078125 0.16927453769559034
0 0.17138671875 0.4352773826458037 0.005859375 0.07539118065433854
0 0.1416015625 0.5035561877667141 0.0068359375 0.044096728307254626
0 0.1279296875 0.5291607396870555 0.0048828125 0.044096728307254626
0 0.1396484375 0.44594594594594594 0.0048828125 0.05405405405405406
