0 0.6358748778103617 0.4271523178807947 0.007820136852394917 0.09801324503311258
0 0.6129032258064516 0.433112582781457 0.006842619745845552 0.08344370860927153
0 0.541544477028348 0.48013245033112584 0.006842619745845552 0.0847682119205298
0 0.5234604105571847 0.4728476821192053 0.007820136852394917 0.08874172185430464
0 0.45161290322580644 0.4337748344370861 0.006842619745845552 0.0847682119205298
0 0.43743890518084066 0.4602649006622517 0.005865102639296188 0.02913907284768212
0 0.4178885630498534 0.5152317880794702 0.007820136852394917 0.06490066225165562
0 0.37145650048875856 0.5364238410596026 0.006842619745845552 0.10463576158940398
0 0.19794721407624633 0.44304635761589406 0.007820136852394917 0.039735099337748346
0 0.16129032258064516 0.495364238410596 0.006842619745845552 0.025165562913907286
0 0.10410557184750734 0.4649006622516556 0.005865102639296188 0.022516556291390728
0 0.31133919843597263 0.44437086092715233 0.10557184750733138 0.1695364238410596
