0 0.6964809384164223 0.4119205298013245 0.007820136852394917 0.12847682119205298
0 0.5645161290322581 0.5688741721854305 0.007820136852394917 0.07682119205298013
0 0.6001955034213099 0.5079470198675496 0.006842619745845552 0.05033112582781457
0 0.5410557184750733 0.4847682119205298 0.007820136852394917 0.06225165562913907
0 0.4051808406647116 0.5655629139072847 0.007820136852394917 0.0728476821192053
0 0.41300097751710657 0.42980132450331127 0.007820136852394917 0.09006622516556291
0 0.2849462365591398 0.49735099337748345 0.005865102639296188 0.02913907284768212
0 0.5141739980449658 0.4960264900662252 0.006842619745845552 0.02913907284768212
0 0.7888563049853372 0.42980132450331127 0.006842619745845552 0.0423841059602649
0 0.4051808406647116 0.49933774834437084 0.005865102639296188 0.030463576158940398
0 0.1744868035190616 0.5139072847682119 0.005865102639296188 0.06490066225165562
0 0.17155425219941348 0.44834437086092715 0.005865102639296188 0.02384105960264901
0 0.1187683284457478 0.45761589403973507 0.04887585532746823 0.12450331125827814
0 0.6290322580645161 0.3629139072847682 0.009775171065493646 0.5496688741721855
