0 0.696969696969697 0.4099337748344371 0.006842619745845552 0.13245033112582782
0 0.6290322580645161 0.371523178807947 0.007820136852394917 0.5403973509933775
0 0.5997067448680352 0.5072847682119205 0.007820136852394917 0.051655629139072845
0 0.5645161290322581 0.571523178807947 0.007820136852394917 0.09006622516556291
0 0.5405669599217986 0.48543046357615893 0.006842619745845552 0.06357615894039735
0 0.5141739980449658 0.49801324503311256 0.006842619745845552 0.030463576158940398
0 0.4051808406647116 0.5635761589403974 0.007820136852394917 0.06887417218543046
0 0.41300097751710657 0.4291390728476821 0.007820136852394917 0.08874172185430464
0 0.2849462365591398 0.4960264900662252 0.005865102639296188 0.026490066225165563
0 0.1744868035190616 0.5145695364238411 0.005865102639296188 0.06622516556291391
0 0.1710654936461388 0.4304635761589404 0.006842619745845552 0.059602649006622516
0 0.1187683284457478 0.45761589403973507 0.04887585532746823 0.12450331125827814
