0 0.912109375 0.465149359886202 0.0068359375 0.021337126600284494
0 0.861328125 0.5462304409672831 0.0107421875 0.10099573257467995
0 0.7626953125 0.5590327169274538 0.0068359375 0.07539118065433854
0 0.5771484375 0.45376955903271693 0.0068359375 0.021337126600284494
0 0.57177734375 0.5248933143669986 0.01171875 0.06685633001422475
0 0.548828125 0.3314366998577525 0.0087890625 0.29160739687055476
0 0.494140625 0.3136557610241821 0.0146484375 0.32432432432432434
0 0.43505859375 0.519203413940256 0.005859375 0.06401137980085349
0 0.53515625 0.519203413940256 0.0048828125 0.07254623044096728
0 0.38037109375 0.5583214793741109 0.005859375 0.15362731152204837
0 0.3642578125 0.4267425320056899 0.0068359375 0.19772403982930298
0 0.39990234375 0.4189189189189189 0.005859375 0.04836415362731152
0 0.32568359375 0.5476529160739687 0.005859375 0.08677098150782361
0 0.2724609375 0.5327169274537695 0.0068359375 0.07396870554765292
0 0.30126953125 0.4779516358463727 0.0078125 0.06401137980085349
0 0.18115234375 0.5227596017069701 0.009765625 0.19914651493598862
0 0.17333984375 0.55049786628734 0.009765625 0.14082503556187767
0 0.09765625 0.4751066856330014 0.0087890625 0.09246088193456614
