0 0.88720703125 0.34281650071123754 0.0078125 0.22901849217638692
0 0.91064453125 0.4544807965860597 0.005859375 0.03698435277382646
0 0.68115234375 0.43029871977240397 0.005859375 0.07681365576102418
0 0.6337890625 0.5384068278805121 0.0068359375 0.13655761024182078
0 0.3408203125 0.5469416785206259 0.0048828125 0.05405405405405406
0 0.47314453125 0.46586059743954483 0.005859375 0.01991465149359886
0 0.3064159292035399 0.4842646558994952 0.004321073008849652 0.05538841123377692
0 0.21999446902654873 0.5100706202243231 0.007777931415929196 0.046576618537494174
0 0.8447265625 0.457325746799431 0.0048828125 0.034139402560455195
0 0.78564453125 0.5334281650071123 0.005859375 0.08961593172119488
0 0.77392578125 0.457325746799431 0.0625 0.15647226173541964
0 0.328125 0.40753911806543386 0.0205078125 0.06827880512091039
0 0.48974609375 0.4189189189189189 0.0078125 0.22190611664295876
