0 0.896484375 0.41038406827880514 0.0048828125 0.05405405405405406
0 0.89404296875 0.5142247510668563 0.005859375 0.02275960170697013
0 0.7900390625 0.47581792318634425 0.0048828125 0.02275960170697013
0 0.74462890625 0.4544807965860597 0.005859375 0.11379800853485064
0 0.70947265625 0.42034139402560455 0.005859375 0.09388335704125178
0 0.63916015625 0.48862019914651494 0.005859375 0.06258890469416785
0 0.56494140625 0.42318634423897583 0.005859375 0.06543385490753911
0 0.51416015625 0.4992887624466572 0.005859375 0.015647226173541962
0 0.49658203125 0.484352773826458 0.005859375 0.031294452347083924
0 0.318359375 0.4644381223328592 0.0048828125 0.01422475106685633
0 0.310546875 0.3990042674253201 0.0068359375 0.05405405405405406
0 0.2626953125 0.38762446657183497 0.0087890625 0.10241820768136557
0 0.21484375 0.5149359886201992 0.0048828125 0.02702702702702703
0 0.09814453125 0.47368421052631576 0.005859375 0.015647226173541962
