0 0.91259765625 0.5412517780938834 0.005859375 0.04267425320056899
0 0.77392578125 0.5064011379800853 0.005859375 0.029871977240398292
0 0.70947265625 0.5419630156472262 0.005859375 0.03556187766714083
0 0.6767578125 0.4644381223328592 0.0048828125 0.025604551920341393
0 0.54541015625 0.48079658605974396 0.005859375 0.05547652916073969
0 0.5 0.5227596017069701 0.0048828125 0.034139402560455195
0 0.49609375 0.42816500711237554 0.0068359375 0.10384068278805121
0 0.4658203125 0.5298719772403983 0.0048828125 0.051209103840682786
0 0.447265625 0.49786628733997157 0.0048828125 0.021337126600284494
0 0.4423828125 0.531294452347084 0.0048828125 0.05689900426742532
0 0.40576171875 0.4011379800853485 0.005859375 0.1465149359886202
0 0.3876953125 0.47155049786628733 0.0048828125 0.03982930298719772
0 0.37939453125 0.5263157894736842 0.005859375 0.10668563300142248
0 0.34228515625 0.43314366998577525 0.00390625 0.03698435277382646
0 0.3203125 0.4395448079658606 0.0048828125 0.02702702702702703
0 0.28125 0.47083926031294454 0.0068359375 0.02418207681365576
0 0.27294921875 0.5355618776671408 0.005859375 0.07112375533428165
0 0.18310546875 0.5448079658605974 0.0078125 0.3058321479374111
0 0.17529296875 0.4722617354196302 0.01171875 0.23470839260312945
