0 0.9193548387096774 0.4688741721854305 0.007820136852394917 0.046357615894039736
0 0.9051808406647116 0.5099337748344371 0.004887585532746823 0.04370860927152318
0 0.8352883675464321 0.4324503311258278 0.011730205278592375 0.08741721854304636
0 0.8372434017595308 0.5119205298013245 0.009775171065493646 0.05827814569536424
0 0.7101661779081134 0.49933774834437084 0.007820136852394917 0.038410596026490065
0 0.6495601173020528 0.528476821192053 0.007820136852394917 0.0781456953642384
0 0.4897360703812317 0.39867549668874175 0.006842619745845552 0.12847682119205298
0 0.47996089931573804 0.5337748344370861 0.006842619745845552 0.07019867549668875
0 0.3680351906158358 0.43509933774834436 0.005865102639296188 0.07947019867549669
0 0.35826001955034215 0.5019867549668874 0.007820136852394917 0.04370860927152318
0 0.18572825024437928 0.36688741721854307 0.006842619745845552 0.2980132450331126
0 0.18621700879765396 0.5668874172185431 0.005865102639296188 0.07019867549668875
0 0.17155425219941348 0.4357615894039735 0.005865102639296188 0.0781456953642384
0 0.25268817204301075 0.5225165562913907 0.005865102639296188 0.04768211920529802
0 0.5738025415444771 0.45761589403973507 0.006842619745845552 0.031788079470198675
0 0.14467253176930597 0.5165562913907285 0.006842619745845552 0.051655629139072845
0 0.2013685239491691 0.5516556291390728 0.004887585532746823 0.0423841059602649
0 0.09775171065493646 0.4602649006622517 0.006842619745845552 0.02119205298013245
0 0.7800586510263929 0.4509933774834437 0.004887585532746823 0.031788079470198675
0 0.8919843597262952 0.4602649006622517 0.005865102639296188 0.026490066225165563
0 0.2825024437927664 0.5072847682119205 0.007820136852394917 0.05033112582781457
0 0.27908113391984357 0.44900662251655626 0.01466275659824047 0.04768211920529802
0 0.3391984359726295 0.49933774834437084 0.007820136852394917 0.039735099337748346
0 0.3357771260997067 0.4642384105960265 0.016617790811339198 0.025165562913907286
