0 0.9140625 0.5469416785206259 0.0068359375 0.13086770981507823
0 0.896484375 0.4466571834992888 0.0048828125 0.05832147937411095
0 0.83740234375 0.484352773826458 0.005859375 0.18492176386913228
0 0.73095703125 0.46586059743954483 0.005859375 0.10526315789473684
0 0.71142578125 0.45305832147937414 0.005859375 0.04836415362731152
0 0.62939453125 0.41963015647226176 0.0078125 0.112375533428165
0 0.38818359375 0.4423897581792319 0.005859375 0.06401137980085349
0 0.28369140625 0.4046941678520626 0.0078125 0.03698435277382646
0 0.25499516039823017 0.4534233814625058 0.005185287610619427 0.06671785898614027
0 0.3251953125 0.5135135135135135 0.0048828125 0.01849217638691323
0 0.91455078125 0.39544807965860596 0.005859375 0.16358463726884778
