0 0.9072265625 0.5327169274537695 0.0068359375 0.09672830725462304
0 0.91650390625 0.5625889046941679 0.005859375 0.07396870554765292
0 0.9072265625 0.4310099573257468 0.0048828125 0.04694167852062589
0 0.8232421875 0.4971550497866287 0.0068359375 0.031294452347083924
0 0.77587890625 0.5056899004267426 0.00390625 0.04551920341394026
0 0.81591796875 0.4260312944523471 0.005859375 0.06258890469416785
0 0.28369140625 0.5334281650071123 0.005859375 0.09815078236130868
0 0.49365234375 0.4601706970128023 0.005859375 0.02275960170697013
0 0.44384765625 0.4615931721194879 0.005859375 0.01991465149359886
0 0.2021484375 0.4174964438122333 0.0048828125 0.07965860597439545
0 0.21484375 0.5092460881934566 0.0048828125 0.05547652916073969
0 0.18701171875 0.5177809388335705 0.005859375 0.05263157894736842
0 0.15234375 0.45376955903271693 0.0068359375 0.044096728307254626
0 0.1083984375 0.39473684210526316 0.0107421875 0.03698435277382646
0 0.23095703125 0.45305832147937414 0.0078125 0.02844950213371266
