0 0.88671875 0.447682119205298 0.0068359375 0.059602649006622516
0 0.82763671875 0.3913907284768212 0.015625 0.28344370860927154
0 0.77099609375 0.37748344370860926 0.0078125 0.1576158940397351
0 0.873046875 0.49735099337748345 0.0068359375 0.031788079470198675
0 0.65625 0.4390728476821192 0.0068359375 0.060927152317880796
0 0.64892578125 0.45695364238410596 0.005859375 0.03576158940397351
0 0.62744140625 0.4324503311258278 0.00390625 0.031788079470198675
0 0.67578125 0.5344370860927152 0.0048828125 0.026490066225165563
0 0.6396484375 0.4947019867549669 0.0048828125 0.02119205298013245
0 0.60400390625 0.5105960264900662 0.00390625 0.018543046357615896
0 0.57861328125 0.5039735099337749 0.005859375 0.0423841059602649
0 0.564453125 0.46225165562913906 0.0068359375 0.025165562913907286
0 0.5361328125 0.4629139072847682 0.0068359375 0.026490066225165563
0 0.48193359375 0.5046357615894039 0.005859375 0.025165562913907286
0 0.42822265625 0.5152317880794702 0.009765625 0.06225165562913907
0 0.43212890625 0.4543046357615894 0.0078125 0.04105960264900662
0 0.40087890625 0.4589403973509934 0.005859375 0.03443708609271523
0 0.33349609375 0.43178807947019865 0.009765625 0.0913907284768212
0 0.24365234375 0.4503311258278146 0.00390625 0.038410596026490065
0 0.16259765625 0.5178807947019868 0.00390625 0.03576158940397351
0 0.32568359375 0.5423841059602649 0.03515625 0.11125827814569536
