0 0.759765625 0.4741721854304636 0.0068359375 0.2
0 0.86865234375 0.5264900662251656 0.0078125 0.10066225165562914
0 0.64453125 0.495364238410596 0.0068359375 0.051655629139072845
0 0.4541015625 0.4781456953642384 0.0107421875 0.21059602649006623
0 0.287109375 0.48344370860927155 0.0068359375 0.1814569536423841
0 0.30126953125 0.47086092715231787 0.0078125 0.0847682119205298
0 0.71240234375 0.4503311258278146 0.005859375 0.038410596026490065
0 0.56787109375 0.45165562913907287 0.005859375 0.038410596026490065
0 0.78857421875 0.42980132450331127 0.005859375 0.05562913907284768
0 0.8515625 0.5079470198675496 0.005859375 0.0781456953642384
0 0.8515625 0.42317880794701984 0.005859375 0.059602649006622516
