0 0.92431640625 0.45590327169274536 0.005859375 0.03698435277382646
0 0.912109375 0.4594594594594595 0.0048828125 0.044096728307254626
0 0.8583984375 0.4751066856330014 0.0068359375 0.11522048364153627
0 0.7412109375 0.5227596017069701 0.0068359375 0.05689900426742532
0 0.73046875 0.5135135135135135 0.0126953125 0.021337126600284494
0 0.8330078125 0.5128022759601707 0.0048828125 0.05405405405405406
0 0.6416015625 0.4907539118065434 0.0048828125 0.05832147937411095
0 0.6279296875 0.48577524893314367 0.0068359375 0.07396870554765292
0 0.52685546875 0.43314366998577525 0.005859375 0.04267425320056899
0 0.47802734375 0.5384068278805121 0.005859375 0.08534850640113797
0 0.44970703125 0.4473684210526316 0.005859375 0.051209103840682786
0 0.36865234375 0.4665718349928876 0.005859375 0.06401137980085349
0 0.33056640625 0.5007112375533428 0.005859375 0.07539118065433854
0 0.31591796875 0.48079658605974396 0.005859375 0.03840682788051209
0 0.19482421875 0.5633001422475107 0.005859375 0.044096728307254626
0 0.1357421875 0.5576102418207681 0.0068359375 0.05263157894736842
