0 0.9178885630498533 0.4470198675496689 0.010752688172043012 0.26225165562913905
0 0.7756598240469208 0.5139072847682119 0.005865102639296188 0.05695364238410596
0 0.6441837732160313 0.45298013245033114 0.006842619745845552 0.04105960264900662
0 0.5312805474095796 0.4509933774834437 0.007820136852394917 0.26225165562913905
0 0.5571847507331378 0.42649006622516555 0.006842619745845552 0.10198675496688742
0 0.3069403714565005 0.39470198675496687 0.006842619745845552 0.10728476821192053
0 0.28983382209188663 0.4556291390728477 0.005865102639296188 0.04370860927152318
0 0.4002932551319648 0.433112582781457 0.007820136852394917 0.07019867549668875
0 0.28983382209188663 0.5125827814569537 0.007820136852394917 0.05695364238410596
0 0.4502716588237968 0.4819035884799014 0.0028416194957830575 0.03696288310488221
0 0.6244629339152971 0.49191436932080695 0.0034099433949395354 0.04620360388110276
0 0.37732160312805474 0.5059602649006623 0.042033235581622676 0.046357615894039736
