0 0.8310546875 0.5028449502133713 0.0068359375 0.034139402560455195
0 0.82080078125 0.48577524893314367 0.009765625 0.11379800853485064
0 0.79541015625 0.45021337126600286 0.005859375 0.12233285917496443
0 0.76953125 0.4267425320056899 0.0068359375 0.18634423897581792
0 0.61572265625 0.47581792318634425 0.009765625 0.034139402560455195
0 0.56689453125 0.38549075391180654 0.009765625 0.2375533428165007
0 0.494140625 0.47368421052631576 0.0048828125 0.05263157894736842
0 0.5087890625 0.5064011379800853 0.0048828125 0.041251778093883355
0 0.32861328125 0.43029871977240397 0.005859375 0.07681365576102418
0 0.13330078125 0.48577524893314367 0.005859375 0.051209103840682786
0 0.4306640625 0.49288762446657186 0.0068359375 0.031294452347083924
0 0.3937016039823009 0.47104696685507125 0.006049502212389424 0.028953033144928846
0 0.599609375 0.4295874822190612 0.0048828125 0.02702702702702703
0 0.44970703125 0.46799431009957326 0.005859375 0.021337126600284494
0 0.1005859375 0.5092460881934566 0.0048828125 0.03556187766714083
