0 0.8564453125 0.41536273115220484 0.0087890625 0.08677098150782361
0 0.8369140625 0.44523470839260315 0.0068359375 0.11806543385490754
0 0.80517578125 0.46301564722617355 0.005859375 0.11095305832147938
0 0.73291015625 0.4786628733997155 0.005859375 0.06827880512091039
0 0.6708984375 0.5113798008534851 0.0048828125 0.04836415362731152
0 0.66455078125 0.542674253200569 0.009765625 0.08534850640113797
0 0.4443359375 0.4310099573257468 0.0068359375 0.02702702702702703
0 0.41552734375 0.5170697012802276 0.005859375 0.07396870554765292
0 0.30419921875 0.5213371266002845 0.005859375 0.07965860597439545
0 0.24365234375 0.40327169274537694 0.0078125 0.034139402560455195
0 0.171875 0.5647226173541963 0.0068359375 0.16358463726884778
0 0.140625 0.45021337126600286 0.0068359375 0.1166429587482219
0 0.1279296875 0.41963015647226176 0.0048828125 0.049786628733997154
