0 0.92431640625 0.4304635761589404 0.005859375 0.01456953642384106
0 0.865234375 0.4596026490066225 0.0068359375 0.033112582781456956
0 0.86083984375 0.5423841059602649 0.01171875 0.12185430463576159
0 0.849609375 0.44039735099337746 0.0068359375 0.026490066225165563
0 0.7685546875 0.47086092715231787 0.0068359375 0.07682119205298013
0 0.69775390625 0.447682119205298 0.0078125 0.1390728476821192
0 0.5712890625 0.4119205298013245 0.0224609375 0.18675496688741722
0 0.44921875 0.4152317880794702 0.0068359375 0.07947019867549669
0 0.400390625 0.44039735099337746 0.0087890625 0.060927152317880796
0 0.37890625 0.49403973509933774 0.0068359375 0.022516556291390728
0 0.21337890625 0.4377483443708609 0.005859375 0.02913907284768212
0 0.24365234375 0.43509933774834436 0.005859375 0.06887417218543046
0 0.1806640625 0.5417218543046357 0.0068359375 0.1205298013245033
0 0.1201171875 0.4509933774834437 0.0068359375 0.05033112582781457
0 0.3037574404761904 0.49432355723746446 0.00651041666666663 0.14380321665089882
0 0.16331845238095233 0.46594134342478705 0.006510416666666741 0.09713024282560703
