0 0.8623046875 0.36415362731152207 0.0068359375 0.1806543385490754
0 0.86669921875 0.519203413940256 0.0078125 0.12944523470839261
0 0.76123046875 0.44096728307254623 0.005859375 0.06685633001422475
0 0.7392578125 0.4822190611664296 0.0107421875 0.08392603129445235
0 0.478515625 0.3613086770981508 0.0068359375 0.23186344238975817
0 0.28173828125 0.4544807965860597 0.013671875 0.25889046941678523
0 0.4684561670353983 0.4754528632032125 0.005185287610619538 0.055388411233776844
0 0.251953125 0.422475106685633 0.0048828125 0.08108108108108109
0 0.626953125 0.5149359886201992 0.0048828125 0.032716927453769556
0 0.1220703125 0.45305832147937414 0.0087890625 0.04267425320056899
0 0.17138671875 0.5 0.005859375 0.01991465149359886
