0 0.642578125 0.32980132450331123 0.0068359375 0.1576158940397351
0 0.6416015625 0.4509933774834437 0.0048828125 0.05562913907284768
0 0.54150390625 0.39867549668874175 0.005859375 0.04370860927152318
0 0.4130859375 0.40794701986754967 0.0048828125 0.019867549668874173
0 0.4013671875 0.40264900662251657 0.0048828125 0.033112582781456956
0 0.2431640625 0.40264900662251657 0.0068359375 0.017218543046357615
0 0.134765625 0.4470198675496689 0.0048828125 0.0423841059602649
0 0.3779296875 0.3920529801324503 0.0068359375 0.019867549668874173
0 0.267578125 0.47019867549668876 0.0048828125 0.06225165562913907
0 0.2626953125 0.371523178807947 0.037109375 0.08874172185430464
