0 0.8486328125 0.49072847682119203 0.0068359375 0.07417218543046358
0 0.8056640625 0.3754966887417219 0.0087890625 0.07947019867549669
0 0.7275390625 0.48940397350993375 0.0068359375 0.10596026490066225
0 0.7900390625 0.4099337748344371 0.0068359375 0.03708609271523179
0 0.64794921875 0.38145695364238413 0.005859375 0.05695364238410596
0 0.365234375 0.4781456953642384 0.0068359375 0.08079470198675497
0 0.19091796875 0.3443708609271523 0.009765625 0.44370860927152317
0 0.2431640625 0.38609271523178806 0.0068359375 0.08211920529801324
0 0.169921875 0.4152317880794702 0.0068359375 0.06887417218543046
0 0.60205078125 0.3973509933774834 0.0078125 0.025165562913907286
0 0.8822544642857142 0.44323557237464517 0.008370535714285698 0.06181015452538634
0 0.67529296875 0.4947019867549669 0.03125 0.05562913907284768
