0 0.88671875 0.43642384105960264 0.0068359375 0.07152317880794702
0 0.8720703125 0.5006622516556292 0.0087890625 0.038410596026490065
0 0.82763671875 0.3927152317880795 0.015625 0.2781456953642384
0 0.771484375 0.3847682119205298 0.0068359375 0.1403973509933775
0 0.65625 0.4410596026490066 0.0068359375 0.05695364238410596
0 0.6484375 0.45827814569536424 0.0068359375 0.03576158940397351
0 0.63916015625 0.4947019867549669 0.005859375 0.02119205298013245
0 0.60400390625 0.5198675496688742 0.005859375 0.03708609271523179
0 0.5791015625 0.5052980132450331 0.0048828125 0.0423841059602649
0 0.56396484375 0.46225165562913906 0.0078125 0.02781456953642384
0 0.53564453125 0.4629139072847682 0.0078125 0.02913907284768212
0 0.50341796875 0.4629139072847682 0.005859375 0.02119205298013245
0 0.4814453125 0.5079470198675496 0.0068359375 0.0423841059602649
0 0.42822265625 0.5185430463576159 0.01171875 0.07417218543046358
0 0.40087890625 0.4609271523178808 0.0078125 0.030463576158940398
0 0.33154296875 0.4198675496688742 0.0078125 0.11258278145695365
0 0.24365234375 0.4549668874172185 0.005859375 0.03443708609271523
0 0.326171875 0.5417218543046357 0.0341796875 0.10993377483443709
