0 0.89404296875 0.4174964438122333 0.005859375 0.03982930298719772
0 0.8623046875 0.42105263157894735 0.0048828125 0.05832147937411095
0 0.859375 0.5497866287339972 0.0107421875 0.09957325746799431
0 0.763671875 0.5405405405405406 0.0048828125 0.07823613086770982
0 0.60302734375 0.4039829302987198 0.005859375 0.17780938833570412
0 0.4482421875 0.5021337126600285 0.0068359375 0.03840682788051209
0 0.3876953125 0.3783783783783784 0.0068359375 0.13513513513513514
0 0.37744140625 0.5362731152204836 0.00390625 0.16073968705547653
0 0.3330078125 0.48862019914651494 0.0048828125 0.04551920341394026
0 0.32275390625 0.44523470839260315 0.005859375 0.044096728307254626
0 0.2509765625 0.3662873399715505 0.0068359375 0.15362731152204837
0 0.17333984375 0.5384068278805121 0.005859375 0.07396870554765292
