0 0.92431640625 0.4992887624466572 0.005859375 0.0953058321479374
0 0.892578125 0.45305832147937414 0.0048828125 0.017069701280227598
0 0.83642578125 0.46870554765291605 0.005859375 0.1251778093883357
0 0.71142578125 0.4238975817923186 0.005859375 0.07823613086770982
0 0.6669921875 0.4011379800853485 0.0048828125 0.02702702702702703
0 0.61181640625 0.45874822190611664 0.0078125 0.017069701280227598
0 0.52880859375 0.45092460881934565 0.00390625 0.02418207681365576
0 0.45556640625 0.4310099573257468 0.005859375 0.04694167852062589
0 0.39453125 0.515647226173542 0.0068359375 0.034139402560455195
0 0.2333984375 0.5106685633001422 0.0048828125 0.041251778093883355
0 0.20458984375 0.46301564722617355 0.005859375 0.03698435277382646
0 0.171875 0.43029871977240397 0.0166015625 0.011379800853485065
0 0.17333984375 0.5391180654338549 0.005859375 0.03556187766714083
