0 0.74462890625 0.531294452347084 0.005859375 0.08819345661450925
0 0.89501953125 0.5234708392603129 0.005859375 0.015647226173541962
0 0.564453125 0.5768136557610242 0.0048828125 0.07965860597439545
0 0.51513671875 0.542674253200569 0.005859375 0.08250355618776671
0 0.47802734375 0.4900426742532006 0.005859375 0.051209103840682786
0 0.51513671875 0.47155049786628733 0.005859375 0.02844950213371266
0 0.5625 0.4950213371266003 0.0068359375 0.032716927453769556
0 0.42822265625 0.5355618776671408 0.005859375 0.10241820768136557
0 0.3232421875 0.5298719772403983 0.0068359375 0.09388335704125178
0 0.10302734375 0.5028449502133713 0.00390625 0.025604551920341393
0 0.12548828125 0.5298719772403983 0.00390625 0.01991465149359886
0 0.115234375 0.49786628733997157 0.0048828125 0.007112375533428165
