0 0.7919921875 0.46586059743954483 0.0068359375 0.27880512091038406
0 0.57470703125 0.4850640113798009 0.0078125 0.03840682788051209
0 0.4443359375 0.5832147937411095 0.0048828125 0.07823613086770982
0 0.37158203125 0.5128022759601707 0.005859375 0.03982930298719772
0 0.30712890625 0.5412517780938834 0.005859375 0.03982930298719772
0 0.29150390625 0.45376955903271693 0.0078125 0.08961593172119488
0 0.13671875 0.4800853485064011 0.0068359375 0.031294452347083924
0 0.1171875 0.4864864864864865 0.0068359375 0.03556187766714083
0 0.7125967920353982 0.4823764146074347 0.006049502212389424 0.03902365336925186
0 0.6698181692477876 0.4773411044952731 0.008642146017699082 0.0440589634814134
0 0.5280869745575221 0.5012588275280404 0.005185287610619427 0.03902365336925186
