0 0.8037109375 0.35206258890469416 0.0068359375 0.10526315789473684
0 0.78662109375 0.5554765291607396 0.009765625 0.06827880512091039
0 0.90576171875 0.42460881934566147 0.005859375 0.03698435277382646
0 0.7841796875 0.46586059743954483 0.0048828125 0.01991465149359886
0 0.66455078125 0.43812233285917496 0.005859375 0.05832147937411095
0 0.60888671875 0.43314366998577525 0.005859375 0.04267425320056899
0 0.59326171875 0.4566145092460882 0.005859375 0.012802275960170697
0 0.57421875 0.4096728307254623 0.0048828125 0.041251778093883355
0 0.546875 0.5199146514935988 0.0068359375 0.07112375533428165
0 0.4970703125 0.43243243243243246 0.0048828125 0.041251778093883355
0 0.45751953125 0.4388335704125178 0.005859375 0.03698435277382646
0 0.36767578125 0.4900426742532006 0.005859375 0.01991465149359886
0 0.35498046875 0.5199146514935988 0.009765625 0.06543385490753911
0 0.35107421875 0.43385490753911804 0.005859375 0.06401137980085349
0 0.3017578125 0.4388335704125178 0.0048828125 0.03982930298719772
0 0.3427734375 0.41536273115220484 0.0048828125 0.021337126600284494
0 0.27001953125 0.42105263157894735 0.005859375 0.05832147937411095
0 0.23681640625 0.5490753911806543 0.005859375 0.06401137980085349
0 0.21337890625 0.4594594594594595 0.005859375 0.032716927453769556
0 0.1396484375 0.36770981507823614 0.0068359375 0.15647226173541964
0 0.19091796875 0.4359886201991465 0.005859375 0.025604551920341393
0 0.7783203125 0.44310099573257467 0.0048828125 0.031294452347083924
0 0.7861328125 0.39046941678520625 0.0400390625 0.03982930298719772
0 0.78173828125 0.5007112375533428 0.044921875 0.03840682788051209
