0 0.696969696969697 0.4112582781456954 0.006842619745845552 0.12980132450331125
0 0.7888563049853372 0.4423841059602649 0.006842619745845552 0.051655629139072845
0 0.5640273704789834 0.5649006622516556 0.006842619745845552 0.07417218543046358
0 0.6666666666666666 0.5033112582781457 0.008797653958944282 0.025165562913907286
0 0.5405669599217986 0.47218543046357614 0.006842619745845552 0.08211920529801324
0 0.5141739980449658 0.49072847682119203 0.006842619745845552 0.045033112582781455
0 0.40371456500488756 0.562251655629139 0.010752688172043012 0.07682119205298013
0 0.41300097751710657 0.4291390728476821 0.007820136852394917 0.08874172185430464
0 0.6285434995112414 0.3794701986754967 0.006842619745845552 0.5695364238410596
0 0.17155425219941348 0.4410596026490066 0.007820136852394917 0.04370860927152318
0 0.1744868035190616 0.5225165562913907 0.005865102639296188 0.07947019867549669
0 0.2849462365591398 0.49735099337748345 0.005865102639296188 0.02913907284768212
0 0.11925708699902249 0.4589403973509934 0.04985337243401759 0.12185430463576159
