0 0.9189453125 0.43385490753911804 0.0048828125 0.08392603129445235
0 0.8154296875 0.5497866287339972 0.0068359375 0.13655761024182078
0 0.62646484375 0.5049786628733998 0.005859375 0.041251778093883355
0 0.4501953125 0.49786628733997157 0.0048828125 0.11806543385490754
0 0.47900390625 0.44594594594594594 0.005859375 0.06258890469416785
0 0.41943359375 0.5092460881934566 0.005859375 0.032716927453769556
0 0.3671875 0.457325746799431 0.0068359375 0.03698435277382646
0 0.34716796875 0.46088193456614507 0.005859375 0.029871977240398292
0 0.3167865044247788 0.4716763806190914 0.004321073008849541 0.07552965168242302
0 0.68115234375 0.4601706970128023 0.005859375 0.02844950213371266
