0 0.8232421875 0.5245033112582781 0.0068359375 0.04105960264900662
0 0.7578125 0.5536423841059602 0.0048828125 0.033112582781456956
0 0.70654296875 0.4291390728476821 0.005859375 0.08344370860927153
0 0.68115234375 0.433112582781457 0.005859375 0.08609271523178808
0 0.6396484375 0.5039735099337749 0.0068359375 0.039735099337748346
0 0.5205078125 0.5 0.0087890625 0.031788079470198675
0 0.49267578125 0.5410596026490067 0.005859375 0.018543046357615896
0 0.41357421875 0.4688741721854305 0.005859375 0.011920529801324504
0 0.28662109375 0.49403973509933774 0.005859375 0.07549668874172186
0 0.25927734375 0.4549668874172185 0.005859375 0.015894039735099338
0 0.2490234375 0.5066225165562914 0.0107421875 0.018543046357615896
0 0.2021484375 0.47218543046357614 0.0048828125 0.010596026490066225
0 0.1162109375 0.4735099337748344 0.0087890625 0.007947019867549669
0 0.5981212797619048 0.466572059287291 0.007440476190476053 0.055502995900346845
