0 0.89404296875 0.5291607396870555 0.005859375 0.05263157894736842
0 0.9072265625 0.4366998577524893 0.0029296875 0.015647226173541962
0 0.79736328125 0.47368421052631576 0.0078125 0.015647226173541962
0 0.7587890625 0.39758179231863444 0.0068359375 0.15362731152204837
0 0.65625 0.4295874822190612 0.0048828125 0.021337126600284494
0 0.64453125 0.3862019914651494 0.0068359375 0.17354196301564723
0 0.59228515625 0.5078236130867709 0.00390625 0.032716927453769556
0 0.57275390625 0.4786628733997155 0.005859375 0.04551920341394026
0 0.4599609375 0.46088193456614507 0.0087890625 0.1379800853485064
0 0.39306640625 0.4864864864864865 0.0078125 0.021337126600284494
0 0.361328125 0.5021337126600285 0.0048828125 0.03840682788051209
0 0.3544921875 0.441678520625889 0.0048828125 0.01422475106685633
0 0.3330078125 0.45874822190611664 0.0048828125 0.031294452347083924
0 0.26708984375 0.41963015647226176 0.005859375 0.032716927453769556
0 0.14404296875 0.5291607396870555 0.005859375 0.03556187766714083
0 0.10498046875 0.4594594594594595 0.005859375 0.015647226173541962
0 0.82373046875 0.5291607396870555 0.0078125 0.2631578947368421
0 0.8811186393805309 0.46915872556301064 0.006049502212389424 0.055388411233776844
