0 0.5981212797619047 0.46972563859981076 0.005580357142857095 0.05424156417533903
0 0.82373046875 0.519205298013245 0.005859375 0.025165562913907286
0 0.70654296875 0.4470198675496689 0.005859375 0.052980132450331126
0 0.681640625 0.43973509933774835 0.0048828125 0.033112582781456956
0 0.52099609375 0.5039735099337749 0.009765625 0.03443708609271523
0 0.4140625 0.4695364238410596 0.0068359375 0.013245033112582781
0 0.28662109375 0.509271523178808 0.005859375 0.05827814569536424
0 0.2490234375 0.5066225165562914 0.0087890625 0.018543046357615896
0 0.25927734375 0.45827814569536424 0.005859375 0.017218543046357615
0 0.2021484375 0.47152317880794703 0.0048828125 0.011920529801324504
0 0.11572265625 0.4728476821192053 0.0078125 0.009271523178807948
