0 0.84619140625 0.46556291390728477 0.0078125 0.060927152317880796
0 0.72509765625 0.3966887417218543 0.0078125 0.23311258278145697
0 0.68701171875 0.47019867549668876 0.005859375 0.059602649006622516
0 0.65478515625 0.46688741721854304 0.005859375 0.04768211920529802
0 0.62841796875 0.42185430463576157 0.005859375 0.1562913907284768
0 0.57958984375 0.4549668874172185 0.009765625 0.11655629139072848
0 0.564453125 0.4337748344370861 0.0048828125 0.05827814569536424
0 0.5302734375 0.4324503311258278 0.0068359375 0.12450331125827814
0 0.4599609375 0.43973509933774835 0.0068359375 0.12582781456953643
0 0.421875 0.5463576158940397 0.0068359375 0.1562913907284768
0 0.37841796875 0.5304635761589404 0.0078125 0.16423841059602648
0 0.2646484375 0.43509933774834436 0.0068359375 0.1827814569536424
0 0.193359375 0.4052980132450331 0.0068359375 0.05695364238410596
0 0.1796875 0.45364238410596025 0.0068359375 0.031788079470198675
0 0.10595703125 0.48940397350993375 0.0078125 0.05827814569536424
