0 0.89501953125 0.4672830725462304 0.0078125 0.12233285917496443
0 0.79638671875 0.49288762446657186 0.009765625 0.04836415362731152
0 0.8291015625 0.45803698435277385 0.0048828125 0.02418207681365576
0 0.7578125 0.40825035561877665 0.0068359375 0.10384068278805121
0 0.76220703125 0.5092460881934566 0.005859375 0.02418207681365576
0 0.69970703125 0.4466571834992888 0.00390625 0.05263157894736842
0 0.65771484375 0.45376955903271693 0.005859375 0.02702702702702703
0 0.64453125 0.40327169274537694 0.0068359375 0.08819345661450925
0 0.58544921875 0.5469416785206259 0.005859375 0.059743954480796585
0 0.55126953125 0.4871977240398293 0.005859375 0.01422475106685633
0 0.361328125 0.534850640113798 0.0048828125 0.10668563300142248
0 0.3330078125 0.43385490753911804 0.0068359375 0.08392603129445235
0 0.232421875 0.5049786628733998 0.0048828125 0.041251778093883355
0 0.18798828125 0.5305832147937412 0.005859375 0.04694167852062589
0 0.14306640625 0.5078236130867709 0.005859375 0.041251778093883355
0 0.1025390625 0.40825035561877665 0.0068359375 0.0953058321479374
