0 0.88720703125 0.45298013245033114 0.005859375 0.046357615894039736
0 0.873046875 0.49933774834437084 0.0068359375 0.03576158940397351
0 0.82958984375 0.3933774834437086 0.0078125 0.16026490066225166
0 0.82470703125 0.5033112582781457 0.0078125 0.04105960264900662
0 0.82177734375 0.46225165562913906 0.0078125 0.030463576158940398
0 0.77197265625 0.38543046357615895 0.0078125 0.14701986754966886
0 0.65625 0.4390728476821192 0.0068359375 0.060927152317880796
0 0.6484375 0.4556291390728477 0.0068359375 0.04105960264900662
0 0.60400390625 0.5225165562913907 0.005859375 0.0423841059602649
0 0.63916015625 0.4947019867549669 0.005859375 0.02119205298013245
0 0.57861328125 0.5086092715231788 0.005859375 0.04105960264900662
0 0.5361328125 0.46158940397350995 0.0068359375 0.02913907284768212
0 0.5654296875 0.46225165562913906 0.0068359375 0.025165562913907286
0 0.42919921875 0.49801324503311256 0.013671875 0.12847682119205298
0 0.40087890625 0.46158940397350995 0.0078125 0.03443708609271523
0 0.32568359375 0.519205298013245 0.041015625 0.1576158940397351
