0 0.7958984375 0.4445234708392603 0.0068359375 0.059743954480796585
0 0.7421875 0.5448079658605974 0.0068359375 0.12944523470839261
0 0.61962890625 0.4544807965860597 0.0078125 0.22190611664295876
0 0.74267578125 0.41607396870554764 0.005859375 0.07681365576102418
0 0.46533203125 0.4317211948790896 0.005859375 0.05405405405405406
0 0.5732421875 0.45803698435277385 0.0048828125 0.032716927453769556
0 0.4140625 0.5512091038406828 0.0048828125 0.08534850640113797
0 0.69775390625 0.4345661450924609 0.005859375 0.06543385490753911
0 0.720703125 0.5945945945945946 0.0048828125 0.05547652916073969
0 0.18701171875 0.4594594594594595 0.0078125 0.09246088193456614
0 0.15478515625 0.4694167852062589 0.005859375 0.10384068278805121
0 0.142578125 0.44950213371266 0.0048828125 0.03840682788051209
