0 0.9066471163245357 0.4345661450924609 0.005865102639296188 0.07112375533428165
0 0.8118279569892473 0.4480796586059744 0.005865102639296188 0.032716927453769556
0 0.7091886608015641 0.5149359886201992 0.011730205278592375 0.05263157894736842
0 0.6363636363636364 0.5718349928876245 0.006842619745845552 0.13513513513513514
0 0.5449657869012707 0.406827880512091 0.005865102639296188 0.05263157894736842
0 0.32746823069403713 0.5113798008534851 0.004887585532746823 0.04836415362731152
0 0.30596285434995113 0.4366998577524893 0.008797653958944282 0.07539118065433854
0 0.21652003910068426 0.414651493598862 0.015640273704789834 0.11379800853485064
0 0.15689149560117302 0.4189189189189189 0.007820136852394917 0.21337126600284495
0 0.241779773181429 0.4981117587079395 0.010380712635922372 0.18630647414997661
0 0.31487729132604964 0.4899293797756769 0.009515653249595636 0.14728282078072477
