0 0.8905180840664711 0.4864864864864865 0.006842619745845552 0.049786628733997154
0 0.875366568914956 0.42034139402560455 0.005865102639296188 0.05405405405405406
0 0.85386119257087 0.4274537695590327 0.005865102639296188 0.04551920341394026
0 0.793743890518084 0.4516358463726885 0.006842619745845552 0.02275960170697013
0 0.6280547409579668 0.45305832147937414 0.005865102639296188 0.2361308677098151
0 0.48826979472140764 0.5049786628733998 0.005865102639296188 0.05263157894736842
0 0.4521016617790811 0.5334281650071123 0.005865102639296188 0.044096728307254626
0 0.41104594330400784 0.41109530583214793 0.005865102639296188 0.029871977240398292
0 0.39882697947214074 0.47581792318634425 0.006842619745845552 0.08534850640113797
0 0.30791788856304986 0.4523470839260313 0.004887585532746823 0.015647226173541962
0 0.27712609970674484 0.492176386913229 0.007820136852394917 0.015647226173541962
0 0.2697947214076246 0.46088193456614507 0.004887585532746823 0.021337126600284494
0 0.135386119257087 0.4295874822190612 0.02737047898338221 0.07539118065433854
0 0.7361612124672359 0.4647528292148693 0.004325296931634229 0.19008295673409784
