0 0.8973607038123167 0.4417218543046358 0.006842619745845552 0.06357615894039735
0 0.8797653958944281 0.5635761589403974 0.006842619745845552 0.10596026490066225
0 0.7649071358748778 0.5278145695364238 0.005865102639296188 0.031788079470198675
0 0.7003910068426198 0.4105960264900662 0.007820136852394917 0.12582781456953643
0 0.6207233626588465 0.45165562913907287 0.006842619745845552 0.051655629139072845
0 0.46725317693059626 0.40066225165562913 0.006842619745845552 0.14304635761589404
0 0.34408602150537637 0.4794701986754967 0.006842619745845552 0.059602649006622516
0 0.1906158357771261 0.42649006622516555 0.006842619745845552 0.08609271523178808
0 0.1441837732160313 0.4589403973509934 0.005865102639296188 0.031788079470198675
0 0.46725317693059626 0.5013245033112583 0.006842619745845552 0.03708609271523179
0 0.6207233626588465 0.5205298013245033 0.006842619745845552 0.04105960264900662
0 0.5772238514173998 0.4543046357615894 0.007820136852394917 0.04105960264900662
0 0.30547409579667645 0.5072847682119205 0.005865102639296188 0.02781456953642384
0 0.4056695992179863 0.5132450331125827 0.006842619745845552 0.031788079470198675
