0 0.6357421875 0.4900662251655629 0.0068359375 0.04900662251655629
0 0.62158203125 0.45298013245033114 0.005859375 0.030463576158940398
0 0.53076171875 0.4251655629139073 0.005859375 0.07019867549668875
0 0.49267578125 0.47483443708609274 0.005859375 0.05033112582781457
0 0.470703125 0.44503311258278144 0.0048828125 0.0781456953642384
0 0.45849609375 0.42980132450331127 0.0078125 0.30993377483443707
0 0.43603515625 0.419205298013245 0.00390625 0.02384105960264901
0 0.42822265625 0.47549668874172185 0.005859375 0.0728476821192053
0 0.40673828125 0.4602649006622517 0.005859375 0.09271523178807947
0 0.3701171875 0.45761589403973507 0.0087890625 0.045033112582781455
0 0.2587890625 0.46158940397350995 0.0048828125 0.04768211920529802
0 0.24462890625 0.46225165562913906 0.005859375 0.054304635761589407
0 0.181640625 0.4543046357615894 0.0068359375 0.1390728476821192
0 0.15185546875 0.3847682119205298 0.005859375 0.09271523178807947
0 0.1328125 0.4357615894039735 0.0068359375 0.06754966887417219
0 0.10888671875 0.4370860927152318 0.005859375 0.1205298013245033
0 0.6640625 0.47483443708609274 0.0087890625 0.07152317880794702
0 0.3212890625 0.40728476821192056 0.0888671875 0.13774834437086092
