0 0.8720703125 0.5198675496688742 0.0087890625 0.07152317880794702
0 0.44580078125 0.38543046357615895 0.005859375 0.08079470198675497
0 0.517578125 0.4986754966887417 0.0048828125 0.018543046357615896
0 0.4736328125 0.5033112582781457 0.0068359375 0.030463576158940398
0 0.39453125 0.42119205298013246 0.0068359375 0.08609271523178808
0 0.306640625 0.47549668874172185 0.0068359375 0.11258278145695365
0 0.27099609375 0.4556291390728477 0.005859375 0.033112582781456956
0 0.16796875 0.4986754966887417 0.0048828125 0.031788079470198675
0 0.13037109375 0.3695364238410596 0.009765625 0.39602649006622515
0 0.64453125 0.45165562913907287 0.0068359375 0.046357615894039736
0 0.10791015625 0.41721854304635764 0.005859375 0.02781456953642384
