0 0.92431640625 0.4601706970128023 0.005859375 0.04267425320056899
0 0.8583984375 0.47368421052631576 0.0068359375 0.10099573257467995
0 0.8330078125 0.5128022759601707 0.0048828125 0.051209103840682786
0 0.671875 0.5149359886201992 0.0068359375 0.05832147937411095
0 0.64306640625 0.49431009957325744 0.00390625 0.03698435277382646
0 0.62890625 0.4992887624466572 0.0048828125 0.05547652916073969
0 0.6142578125 0.519203413940256 0.0048828125 0.05832147937411095
0 0.5703125 0.4445234708392603 0.0068359375 0.02275960170697013
0 0.52685546875 0.42034139402560455 0.005859375 0.059743954480796585
0 0.478515625 0.5433854907539118 0.0068359375 0.12660028449502134
0 0.44970703125 0.457325746799431 0.00390625 0.04551920341394026
0 0.33154296875 0.4174964438122333 0.005859375 0.13086770981507823
0 0.40673828125 0.4388335704125178 0.005859375 0.034139402560455195
0 0.31689453125 0.4793741109530583 0.005859375 0.029871977240398292
0 0.23681640625 0.4466571834992888 0.00390625 0.03840682788051209
0 0.20947265625 0.4274537695590327 0.005859375 0.07965860597439545
0 0.13623046875 0.55049786628734 0.005859375 0.07254623044096728
0 0.1240234375 0.561877667140825 0.0048828125 0.16642958748221906
0 0.1474609375 0.5163584637268848 0.0048828125 0.07254623044096728
0 0.724609375 0.4743954480796586 0.0166015625 0.034139402560455195
