0 0.9111328125 0.5056899004267426 0.0048828125 0.059743954480796585
0 0.9013671875 0.5241820768136558 0.0068359375 0.08534850640113797
0 0.82861328125 0.5497866287339972 0.005859375 0.02275960170697013
0 0.7744140625 0.4167852062588905 0.0048828125 0.08961593172119488
0 0.765625 0.5199146514935988 0.0048828125 0.08250355618776671
0 0.7421875 0.5305832147937412 0.0048828125 0.04694167852062589
0 0.68505859375 0.4672830725462304 0.005859375 0.025604551920341393
0 0.62255859375 0.5433854907539118 0.005859375 0.05263157894736842
0 0.5771484375 0.45874822190611664 0.0068359375 0.06543385490753911
0 0.25439453125 0.5078236130867709 0.005859375 0.029871977240398292
0 0.39111328125 0.5113798008534851 0.005859375 0.03698435277382646
