0 0.9052734375 0.5145695364238411 0.0068359375 0.05827814569536424
0 0.88818359375 0.5304635761589404 0.009765625 0.2304635761589404
0 0.47900390625 0.4278145695364238 0.01171875 0.0781456953642384
0 0.7265625 0.5390728476821192 0.0048828125 0.04900662251655629
0 0.3505859375 0.4456953642384106 0.0068359375 0.060927152317880796
0 0.16162109375 0.4139072847682119 0.0078125 0.12450331125827814
0 0.18505859375 0.5350993377483444 0.005859375 0.08344370860927153
0 0.7998046875 0.39933774834437086 0.0185546875 0.052980132450331126
0 0.7939453125 0.5046357615894039 0.0244140625 0.04105960264900662
0 0.3291015625 0.38079470198675497 0.0244140625 0.04768211920529802
