0 0.88818359375 0.41109530583214793 0.0078125 0.13229018492176386
0 0.8876953125 0.4907539118065434 0.0087890625 0.07254623044096728
0 0.8388671875 0.44310099573257467 0.0068359375 0.06543385490753911
0 0.81884765625 0.4402560455192034 0.005859375 0.06543385490753911
0 0.83935546875 0.4914651493598862 0.0078125 0.017069701280227598
0 0.80322265625 0.45803698435277385 0.005859375 0.032716927453769556
0 0.7763671875 0.5412517780938834 0.0068359375 0.04836415362731152
0 0.76220703125 0.4345661450924609 0.005859375 0.07965860597439545
0 0.83056640625 0.5732574679943101 0.005859375 0.05263157894736842
0 0.701171875 0.3840682788051209 0.0068359375 0.24039829302987198
0 0.59375 0.41536273115220484 0.0048828125 0.04694167852062589
0 0.50341796875 0.5042674253200569 0.005859375 0.034139402560455195
0 0.45654296875 0.5056899004267426 0.005859375 0.02275960170697013
0 0.42431640625 0.5206258890469416 0.005859375 0.032716927453769556
0 0.48974609375 0.4167852062588905 0.00390625 0.03556187766714083
0 0.20068359375 0.45519203413940257 0.005859375 0.03556187766714083
0 0.154296875 0.3869132290184922 0.0068359375 0.112375533428165
0 0.296875 0.5128022759601707 0.0048828125 0.02844950213371266
0 0.31591796875 0.457325746799431 0.005859375 0.02844950213371266
0 0.5168521847345132 0.4811175870793942 0.010370575221238854 0.08182378932262492
