0 0.6552734375 0.5298719772403983 0.0068359375 0.08250355618776671
0 0.62841796875 0.4871977240398293 0.005859375 0.07112375533428165
0 0.53173828125 0.49644381223328593 0.005859375 0.05547652916073969
0 0.18310546875 0.5099573257467994 0.005859375 0.04267425320056899
0 0.14111328125 0.5035561877667141 0.005859375 0.049786628733997154
0 0.4853515625 0.4295874822190612 0.0048828125 0.049786628733997154
0 0.2822265625 0.4566145092460882 0.0126953125 0.10099573257467995
0 0.5 0.5184921763869133 0.0048828125 0.04551920341394026
0 0.6171875 0.49644381223328593 0.0048828125 0.032716927453769556
0 0.86328125 0.492176386913229 0.00390625 0.017069701280227598
0 0.86328125 0.45021337126600286 0.00390625 0.01849217638691323
0 0.5546875 0.5355618776671408 0.00390625 0.10099573257467995
