0 0.873046875 0.44594594594594594 0.0048828125 0.03698435277382646
0 0.833984375 0.5071123755334281 0.0048828125 0.04836415362731152
0 0.8251953125 0.515647226173542 0.0048828125 0.03698435277382646
0 0.685546875 0.534850640113798 0.0107421875 0.07823613086770982
0 0.59716796875 0.542674253200569 0.0078125 0.1166429587482219
0 0.638671875 0.5042674253200569 0.0048828125 0.03698435277382646
0 0.35693359375 0.4544807965860597 0.005859375 0.031294452347083924
0 0.23828125 0.42318634423897583 0.0048828125 0.05689900426742532
0 0.2705078125 0.457325746799431 0.0048828125 0.02844950213371266
0 0.130859375 0.43314366998577525 0.0673828125 0.15647226173541964
