0 0.9193548387096774 0.44304635761589406 0.007820136852394917 0.2728476821192053
0 0.9022482893450635 0.5105960264900662 0.006842619745845552 0.052980132450331126
0 0.7756598240469208 0.5086092715231788 0.005865102639296188 0.04105960264900662
0 0.6436950146627566 0.45761589403973507 0.005865102639296188 0.026490066225165563
0 0.5312805474095796 0.5066225165562914 0.007820136852394917 0.05033112582781457
0 0.5576735092864125 0.4291390728476821 0.007820136852394917 0.09403973509933775
0 0.5312805474095796 0.3 0.007820136852394917 0.3337748344370861
0 0.3074291300097752 0.3980132450331126 0.007820136852394917 0.10331125827814569
0 0.28983382209188663 0.5112582781456954 0.005865102639296188 0.059602649006622516
0 0.4002932551319648 0.42980132450331127 0.007820136852394917 0.07682119205298013
0 0.3729227761485826 0.5152317880794702 0.05474095796676442 0.06754966887417219
