0 0.54296875 0.428476821192053 0.0068359375 0.05827814569536424
0 0.35693359375 0.44437086092715233 0.0078125 0.060927152317880796
0 0.3544921875 0.49205298013245036 0.0087890625 0.02384105960264901
0 0.24365234375 0.4596026490066225 0.005859375 0.03576158940397351
0 0.26025390625 0.5132450331125827 0.005859375 0.05827814569536424
0 0.15966796875 0.5417218543046357 0.005859375 0.0781456953642384
0 0.10107421875 0.4814569536423841 0.0078125 0.02119205298013245
0 0.62646484375 0.5158940397350993 0.005859375 0.06622516556291391
0 0.44970703125 0.5225165562913907 0.005859375 0.045033112582781455
0 0.72216796875 0.4543046357615894 0.005859375 0.033112582781456956
0 0.29248046875 0.47019867549668876 0.0078125 0.011920529801324504
0 0.2724609375 0.4642384105960265 0.0107421875 0.02119205298013245
0 0.1669921875 0.46357615894039733 0.0068359375 0.01456953642384106
