0 0.9149560117302052 0.46799431009957326 0.008797653958944282 0.18634423897581792
0 0.5752688172043011 0.45021337126600286 0.005865102639296188 0.08819345661450925
0 0.5508308895405669 0.44096728307254623 0.005865102639296188 0.05547652916073969
0 0.46920821114369504 0.46372688477951635 0.006842619745845552 0.07254623044096728
0 0.3597262952101662 0.46799431009957326 0.01466275659824047 0.049786628733997154
0 0.32649071358748777 0.5220483641536273 0.004887585532746823 0.08961593172119488
0 0.301564027370479 0.4957325746799431 0.005865102639296188 0.1763869132290185
0 0.25268817204301075 0.4793741109530583 0.005865102639296188 0.07539118065433854
0 0.2678396871945259 0.4871977240398293 0.004887585532746823 0.059743954480796585
0 0.17644183773216032 0.49288762446657186 0.005865102639296188 0.06543385490753911
0 0.10948191593352884 0.4317211948790896 0.006842619745845552 0.08534850640113797
0 0.7028347996089932 0.4516358463726885 0.004887585532746823 0.025604551920341393
0 0.8504398826979472 0.4957325746799431 0.004887585532746823 0.02275960170697013
0 0.2859237536656892 0.44523470839260315 0.015640273704789834 0.05832147937411095
0 0.1598240469208211 0.4466571834992888 0.005865102639296188 0.04694167852062589
0 0.20185728250244378 0.4544807965860597 0.005865102639296188 0.04267425320056899
0 0.40078201368523947 0.5120910384068279 0.006842619745845552 0.029871977240398292
