0 0.92529296875 0.45590327169274536 0.005859375 0.034139402560455195
0 0.78857421875 0.55049786628734 0.005859375 0.03840682788051209
0 0.619140625 0.41607396870554764 0.0087890625 0.22190611664295876
0 0.52783203125 0.4310099573257468 0.0078125 0.1465149359886202
0 0.4072265625 0.4238975817923186 0.0068359375 0.06970128022759602
0 0.3193359375 0.47368421052631576 0.0068359375 0.10099573257467995
0 0.1953125 0.5533428165007113 0.0068359375 0.09815078236130868
0 0.2099609375 0.4260312944523471 0.0068359375 0.07965860597439545
0 0.13671875 0.5042674253200569 0.0068359375 0.16500711237553342
0 0.73046875 0.5028449502133713 0.0068359375 0.04267425320056899
0 0.322265625 0.5419630156472262 0.0400390625 0.10384068278805121
