0 0.91552734375 0.4 0.009765625 0.20264900662251656
0 0.84814453125 0.40264900662251657 0.005859375 0.05695364238410596
0 0.82421875 0.4052980132450331 0.0126953125 0.16821192052980133
0 0.751953125 0.3622516556291391 0.0068359375 0.0423841059602649
0 0.6435546875 0.4768211920529801 0.0068359375 0.16026490066225166
0 0.61279296875 0.4562913907284768 0.0078125 0.03443708609271523
0 0.552734375 0.3708609271523179 0.0068359375 0.046357615894039736
0 0.45458984375 0.39072847682119205 0.0078125 0.14172185430463577
0 0.302734375 0.4549668874172185 0.0068359375 0.06887417218543046
0 0.31591796875 0.3841059602649007 0.005859375 0.09403973509933775
0 0.1669921875 0.39933774834437086 0.0068359375 0.05033112582781457
0 0.1064453125 0.43443708609271525 0.0068359375 0.025165562913907286
0 0.22314453125 0.3622516556291391 0.013671875 0.06887417218543046
