0 0.90625 0.4438122332859175 0.0126953125 0.16642958748221906
0 0.81640625 0.4829302987197724 0.0068359375 0.13655761024182078
0 0.744140625 0.4011379800853485 0.0068359375 0.0953058321479374
0 0.7119140625 0.4260312944523471 0.0048828125 0.059743954480796585
0 0.6357421875 0.5376955903271693 0.0068359375 0.112375533428165
0 0.60498046875 0.542674253200569 0.005859375 0.059743954480796585
0 0.544921875 0.41251778093883357 0.0068359375 0.09815078236130868
0 0.54931640625 0.49857752489331436 0.005859375 0.031294452347083924
0 0.3076171875 0.43385490753911804 0.0068359375 0.05263157894736842
0 0.15966796875 0.4267425320056899 0.005859375 0.032716927453769556
0 0.09912109375 0.465149359886202 0.005859375 0.032716927453769556
