0 0.82373046875 0.5172185430463576 0.005859375 0.02913907284768212
0 0.70556640625 0.45165562913907287 0.005859375 0.038410596026490065
0 0.681640625 0.4304635761589404 0.0087890625 0.20264900662251656
0 0.640625 0.4463576158940397 0.0087890625 0.046357615894039736
0 0.63916015625 0.5059602649006623 0.005859375 0.04370860927152318
0 0.52001953125 0.5039735099337749 0.0078125 0.02913907284768212
0 0.49267578125 0.5543046357615894 0.005859375 0.045033112582781455
0 0.41357421875 0.4827814569536424 0.005859375 0.039735099337748346
0 0.25927734375 0.45761589403973507 0.005859375 0.018543046357615896
0 0.25048828125 0.5066225165562914 0.005859375 0.015894039735099338
0 0.59765625 0.4754020813623462 0.006510416666666519 0.052980132450331126
