0 0.86181640625 0.4132290184921764 0.005859375 0.07396870554765292
0 0.75634765625 0.515647226173542 0.005859375 0.1251778093883357
0 0.453125 0.4238975817923186 0.0068359375 0.09815078236130868
0 0.4697265625 0.4601706970128023 0.0048828125 0.02844950213371266
0 0.2978515625 0.492176386913229 0.0048828125 0.01849217638691323
0 0.28466796875 0.5241820768136558 0.005859375 0.08534850640113797
0 0.78515625 0.44096728307254623 0.0048828125 0.03840682788051209
0 0.70947265625 0.44950213371266 0.00390625 0.04694167852062589
0 0.56689453125 0.49359886201991465 0.0048828125 0.02275960170697013
0 0.56640625 0.45874822190611664 0.005859375 0.032716927453769556
