0 0.9140625 0.5448079658605974 0.0068359375 0.049786628733997154
0 0.83203125 0.45376955903271693 0.0068359375 0.14082503556187767
0 0.861328125 0.5028449502133713 0.0048828125 0.025604551920341393
0 0.73095703125 0.5014224751066856 0.005859375 0.11379800853485064
0 0.80322265625 0.4786628733997155 0.005859375 0.04267425320056899
0 0.65087890625 0.4701280227596017 0.013671875 0.06543385490753911
0 0.5654296875 0.43812233285917496 0.0068359375 0.06401137980085349
0 0.45068359375 0.43812233285917496 0.005859375 0.07539118065433854
0 0.42431640625 0.4829302987197724 0.0078125 0.09103840682788052
0 0.2841796875 0.3783783783783784 0.0087890625 0.2887624466571835
0 0.8759765625 0.515647226173542 0.0048828125 0.05405405405405406
0 0.4814453125 0.44096728307254623 0.0048828125 0.049786628733997154
0 0.1142578125 0.49786628733997157 0.0048828125 0.05263157894736842
0 0.18115234375 0.5142247510668563 0.005859375 0.04551920341394026
0 0.3408203125 0.5362731152204836 0.0048828125 0.044096728307254626
0 0.31640625 0.5064011379800853 0.0048828125 0.03556187766714083
