0 0.87255859375 0.41251778093883357 0.005859375 0.0953058321479374
0 0.8330078125 0.38193456614509247 0.0068359375 0.1906116642958748
0 0.83154296875 0.5213371266002845 0.0078125 0.05405405405405406
0 0.5888671875 0.5135135135135135 0.0068359375 0.07254623044096728
0 0.48974609375 0.5583214793741109 0.005859375 0.13086770981507823
0 0.49267578125 0.5576102418207681 0.01171875 0.13229018492176386
0 0.38720703125 0.47652916073968704 0.005859375 0.032716927453769556
0 0.25732421875 0.49786628733997157 0.005859375 0.041251778093883355
0 0.13134765625 0.5142247510668563 0.005859375 0.06543385490753911
0 0.095703125 0.43243243243243246 0.0048828125 0.044096728307254626
0 0.1005859375 0.5 0.0126953125 0.02275960170697013
0 0.5280869745575221 0.49937058623597985 0.005185287610619427 0.09567089213106904
0 0.3712320243362832 0.5484648598295547 0.006049502212389424 0.07049434157026148
0 0.34400926438053103 0.4798587595513539 0.005185287610619538 0.0440589634814134
0 0.337890625 0.5483641536273115 0.0048828125 0.034139402560455195
0 0.65478515625 0.5092460881934566 0.00390625 0.03840682788051209
0 0.67724609375 0.5170697012802276 0.00390625 0.03698435277382646
0 0.36181640625 0.4274537695590327 0.00390625 0.04551920341394026
