0 0.87353515625 0.4694167852062589 0.005859375 0.02418207681365576
0 0.85791015625 0.4850640113798009 0.005859375 0.02418207681365576
0 0.84375 0.46799431009957326 0.0068359375 0.05832147937411095
0 0.7841796875 0.5099573257467994 0.0048828125 0.031294452347083924
0 0.7587890625 0.5007112375533428 0.0048828125 0.04694167852062589
0 0.64013671875 0.4402560455192034 0.005859375 0.06543385490753911
0 0.67822265625 0.5405405405405406 0.009765625 0.03556187766714083
0 0.48681640625 0.5056899004267426 0.005859375 0.07681365576102418
0 0.62060546875 0.45803698435277385 0.005859375 0.03840682788051209
0 0.46142578125 0.5135135135135135 0.005859375 0.032716927453769556
0 0.41796875 0.4829302987197724 0.0048828125 0.034139402560455195
0 0.3984375 0.5 0.0048828125 0.01422475106685633
0 0.34619140625 0.5305832147937412 0.005859375 0.07539118065433854
0 0.31982421875 0.4480796586059744 0.005859375 0.05832147937411095
0 0.20947265625 0.5476529160739687 0.005859375 0.08108108108108109
0 0.177734375 0.42887624466571833 0.0048828125 0.051209103840682786
0 0.16845703125 0.5320056899004267 0.005859375 0.05547652916073969
