0 0.79931640625 0.5590327169274538 0.005859375 0.02702702702702703
0 0.80322265625 0.5007112375533428 0.005859375 0.03556187766714083
0 0.75439453125 0.5078236130867709 0.005859375 0.03556187766714083
0 0.73046875 0.4317211948790896 0.0048828125 0.017069701280227598
0 0.701171875 0.527027027027027 0.0068359375 0.07112375533428165
0 0.6728515625 0.5042674253200569 0.0068359375 0.17069701280227595
0 0.583984375 0.5277382645803699 0.0068359375 0.08677098150782361
0 0.541015625 0.5547652916073968 0.0048828125 0.05547652916073969
0 0.52685546875 0.4623044096728307 0.005859375 0.02702702702702703
0 0.40185546875 0.48862019914651494 0.005859375 0.01422475106685633
0 0.29296875 0.5433854907539118 0.0068359375 0.06970128022759602
0 0.2568359375 0.42318634423897583 0.0068359375 0.22190611664295876
0 0.16748046875 0.4310099573257468 0.005859375 0.06685633001422475
0 0.1181640625 0.4516358463726885 0.0068359375 0.051209103840682786
0 0.9070450774336283 0.46412341545084906 0.007777931415929196 0.07301199662634217
0 0.7998046875 0.4516358463726885 0.0146484375 0.04551920341394026
0 0.14696833517699126 0.4804881733153741 0.00691371681415931 0.04280013595337306
0 0.84326171875 0.5298719772403983 0.021484375 0.025604551920341393
