0 0.93017578125 0.5113798008534851 0.005859375 0.025604551920341393
0 0.83544921875 0.4623044096728307 0.005859375 0.012802275960170697
0 0.8310546875 0.5120910384068279 0.0068359375 0.02418207681365576
0 0.7255859375 0.47368421052631576 0.0048828125 0.021337126600284494
0 0.615234375 0.5227596017069701 0.0048828125 0.07396870554765292
0 0.53759765625 0.48150782361308675 0.005859375 0.07681365576102418
0 0.4228515625 0.49431009957325744 0.0048828125 0.034139402560455195
0 0.224609375 0.5128022759601707 0.0048828125 0.05405405405405406
0 0.23779296875 0.4366998577524893 0.01171875 0.00995732574679943
0 0.1689453125 0.4445234708392603 0.0107421875 0.005689900426742532
