0 0.91845703125 0.4480796586059744 0.005859375 0.032716927453769556
0 0.84716796875 0.44594594594594594 0.005859375 0.059743954480796585
0 0.7353515625 0.5170697012802276 0.0048828125 0.06543385490753911
0 0.71484375 0.44310099573257467 0.0048828125 0.034139402560455195
0 0.5615234375 0.4395448079658606 0.0087890625 0.06116642958748222
0 0.60107421875 0.4352773826458037 0.005859375 0.08108108108108109
0 0.4130859375 0.4310099573257468 0.0048828125 0.041251778093883355
0 0.40380859375 0.4395448079658606 0.00390625 0.032716927453769556
0 0.38916015625 0.42816500711237554 0.00390625 0.032716927453769556
0 0.37939453125 0.465149359886202 0.005859375 0.041251778093883355
0 0.3525390625 0.45305832147937414 0.0048828125 0.04267425320056899
0 0.33056640625 0.5184921763869133 0.0078125 0.07396870554765292
0 0.19775390625 0.4601706970128023 0.0078125 0.03698435277382646
0 0.697265625 0.4445234708392603 0.0107421875 0.08250355618776671
