0 0.7888563049853372 0.4410596026490066 0.006842619745845552 0.054304635761589407
0 0.718475073313783 0.4860927152317881 0.01270772238514174 0.12582781456953643
0 0.7619745845552297 0.49801324503311256 0.005865102639296188 0.017218543046357615
0 0.696969696969697 0.4119205298013245 0.006842619745845552 0.09668874172185431
0 0.6285434995112414 0.38675496688741723 0.006842619745845552 0.5867549668874172
0 0.6001955034213099 0.5218543046357615 0.006842619745845552 0.0728476821192053
0 0.5405669599217986 0.4867549668874172 0.006842619745845552 0.06622516556291391
0 0.4051808406647116 0.5701986754966888 0.005865102639296188 0.05033112582781457
0 0.41300097751710657 0.423841059602649 0.007820136852394917 0.0781456953642384
0 0.3391984359726295 0.44304635761589406 0.008797653958944282 0.06357615894039735
0 0.23020527859237536 0.5490066225165563 0.007820136852394917 0.09801324503311258
0 0.1744868035190616 0.5198675496688742 0.005865102639296188 0.07152317880794702
0 0.17155425219941348 0.4370860927152318 0.007820136852394917 0.059602649006622516
0 0.16617790811339198 0.4271523178807947 0.006842619745845552 0.09801324503311258
0 0.12072336265884653 0.4602649006622517 0.05083088954056696 0.12185430463576159
