0 0.91064453125 0.484352773826458 0.005859375 0.07112375533428165
0 0.8779296875 0.4900426742532006 0.0068359375 0.07681365576102418
0 0.69921875 0.4907539118065434 0.0068359375 0.14366998577524892
0 0.46728515625 0.4118065433854908 0.01171875 0.19914651493598862
0 0.189453125 0.4274537695590327 0.0048828125 0.08250355618776671
0 0.23193359375 0.534850640113798 0.00390625 0.044096728307254626
0 0.1547462665929204 0.4685293117989905 0.005185287610619427 0.05412958370573649
0 0.1435114767699116 0.4565704502826068 0.008642146017699082 0.06545903145809993
0 0.6201171875 0.4189189189189189 0.0048828125 0.03698435277382646
0 0.6201171875 0.46301564722617355 0.0048828125 0.01991465149359886
0 0.5859375 0.5170697012802276 0.0048828125 0.03982930298719772
0 0.5712890625 0.492176386913229 0.0048828125 0.02418207681365576
0 0.3037109375 0.4900426742532006 0.0048828125 0.017069701280227598
