0 0.8837890625 0.5163584637268848 0.0068359375 0.06116642958748222
0 0.86962890625 0.5277382645803699 0.005859375 0.08108108108108109
0 0.83642578125 0.48933143669985774 0.0078125 0.08677098150782361
0 0.51708984375 0.5704125177809388 0.005859375 0.07254623044096728
0 0.44482421875 0.44523470839260315 0.005859375 0.06116642958748222
0 0.5 0.4359886201991465 0.0048828125 0.017069701280227598
0 0.18359375 0.5490753911806543 0.0068359375 0.12091038406827881
0 0.1728515625 0.4786628733997155 0.0068359375 0.03982930298719772
0 0.1240234375 0.45092460881934565 0.0087890625 0.11522048364153627
0 0.13330078125 0.4345661450924609 0.005859375 0.04836415362731152
