0 0.6376953125 0.4900662251655629 0.0107421875 0.27417218543046357
0 0.5537109375 0.4271523178807947 0.0068359375 0.060927152317880796
0 0.42578125 0.4629139072847682 0.0068359375 0.07417218543046358
0 0.3916015625 0.45165562913907287 0.0068359375 0.08344370860927153
0 0.1650390625 0.509271523178808 0.0068359375 0.045033112582781455
0 0.25439453125 0.4596026490066225 0.0078125 0.033112582781456956
0 0.35693359375 0.5013245033112583 0.0048828125 0.04370860927152318
0 0.35693359375 0.46225165562913906 0.0068359375 0.026490066225165563
0 0.2802734375 0.42119205298013246 0.0234375 0.09536423841059603
0 0.2822265625 0.3403973509933775 0.013671875 0.052980132450331126
0 0.2890625 0.5377483443708609 0.0068359375 0.0728476821192053
