0 0.923828125 0.4423897581792319 0.0068359375 0.06685633001422475
0 0.90234375 0.5206258890469416 0.0068359375 0.07823613086770982
0 0.896484375 0.44310099573257467 0.0068359375 0.06543385490753911
0 0.8779296875 0.45376955903271693 0.0068359375 0.044096728307254626
0 0.8544921875 0.5248933143669986 0.0087890625 0.09246088193456614
0 0.50537109375 0.47083926031294454 0.009765625 0.14935988620199148
0 0.232421875 0.4359886201991465 0.0068359375 0.06827880512091039
0 0.599609375 0.4623044096728307 0.0048828125 0.02418207681365576
0 0.6240234375 0.5 0.0048828125 0.034139402560455195
0 0.7121646847345132 0.4490174851143645 0.003456858407079766 0.04783544606553452
0 0.69091796875 0.5170697012802276 0.005859375 0.03982930298719772
0 0.6669921875 0.5497866287339972 0.0244140625 0.05689900426742532
