0 0.640625 0.3911806543385491 0.0068359375 0.12660028449502134
0 0.54248046875 0.4850640113798009 0.009765625 0.08108108108108109
0 0.50732421875 0.5128022759601707 0.005859375 0.04551920341394026
0 0.1044921875 0.4615931721194879 0.0068359375 0.02844950213371266
0 0.10400390625 0.4950213371266003 0.005859375 0.02418207681365576
0 0.2177734375 0.4480796586059744 0.0048828125 0.05263157894736842
0 0.18994140625 0.4523470839260313 0.005859375 0.049786628733997154
0 0.41162109375 0.4665718349928876 0.005859375 0.01849217638691323
0 0.36083984375 0.5604551920341394 0.00390625 0.041251778093883355
0 0.1484375 0.5263157894736842 0.0068359375 0.021337126600284494
0 0.28369140625 0.4615931721194879 0.005859375 0.02844950213371266
0 0.2841796875 0.5149359886201992 0.0048828125 0.029871977240398292
0 0.3154296875 0.44523470839260315 0.0869140625 0.12375533428165007
