0 0.908203125 0.5256045519203414 0.0087890625 0.2361308677098151
0 0.8212890625 0.4295874822190612 0.0068359375 0.06685633001422475
0 0.81982421875 0.5049786628733998 0.0078125 0.05832147937411095
0 0.73681640625 0.4829302987197724 0.0078125 0.1337126600284495
0 0.70458984375 0.5263157894736842 0.005859375 0.07254623044096728
0 0.67236328125 0.5064011379800853 0.005859375 0.08961593172119488
0 0.638671875 0.5384068278805121 0.0068359375 0.18776671408250356
0 0.6171875 0.4879089615931721 0.0068359375 0.08677098150782361
0 0.498046875 0.49431009957325744 0.0048828125 0.01991465149359886
0 0.4951171875 0.5234708392603129 0.0087890625 0.07539118065433854
0 0.5087890625 0.4174964438122333 0.0048828125 0.04551920341394026
0 0.40869140625 0.4644381223328592 0.0078125 0.1507823613086771
0 0.376953125 0.45803698435277385 0.0048828125 0.044096728307254626
0 0.34716796875 0.5512091038406828 0.005859375 0.07681365576102418
0 0.255859375 0.5199146514935988 0.0048828125 0.02844950213371266
0 0.25048828125 0.4317211948790896 0.005859375 0.04551920341394026
0 0.2216796875 0.5220483641536273 0.0048828125 0.02418207681365576
0 0.1044921875 0.5320056899004267 0.0068359375 0.09246088193456614
