0 0.8558162267839687 0.4384105960264901 0.005865102639296188 0.038410596026490065
0 0.7052785923753666 0.44503311258278144 0.005865102639296188 0.06490066225165562
0 0.6930596285434996 0.39072847682119205 0.006842619745845552 0.11258278145695365
0 0.6192570869990225 0.4185430463576159 0.007820136852394917 0.1205298013245033
0 0.5004887585532747 0.4821192052980132 0.006842619745845552 0.05695364238410596
0 0.46774193548387094 0.4185430463576159 0.005865102639296188 0.06225165562913907
0 0.44819159335288367 0.4596026490066225 0.007820136852394917 0.11258278145695365
0 0.2883675464320626 0.547682119205298 0.010752688172043012 0.12450331125827814
0 0.30254154447702836 0.4410596026490066 0.005865102639296188 0.04370860927152318
0 0.2849462365591398 0.44370860927152317 0.005865102639296188 0.06225165562913907
0 0.23264907135874877 0.45827814569536424 0.006842619745845552 0.04105960264900662
0 0.23313782991202345 0.4960264900662252 0.005865102639296188 0.026490066225165563
0 0.25317693059628543 0.5119205298013245 0.004887585532746823 0.03443708609271523
0 0.2404692082111437 0.4947019867549669 0.004887585532746823 0.02119205298013245
0 0.18914956011730205 0.4649006622516556 0.005865102639296188 0.022516556291390728
0 0.187683284457478 0.49403973509933774 0.006842619745845552 0.019867549668874173
0 0.11290322580645161 0.4291390728476821 0.013685239491691105 0.059602649006622516
0 0.11290322580645161 0.49337748344370863 0.013685239491691105 0.02119205298013245
0 0.4393939393939394 0.5264900662251656 0.005865102639296188 0.02913907284768212
0 0.7057673509286413 0.509271523178808 0.006842619745845552 0.05033112582781457
