0 0.919921875 0.465149359886202 0.0068359375 0.02418207681365576
0 0.82958984375 0.49786628733997157 0.005859375 0.07823613086770982
0 0.8818359375 0.5085348506401138 0.0048828125 0.017069701280227598
0 0.8203125 0.4907539118065434 0.0068359375 0.14082503556187767
0 0.77001953125 0.414651493598862 0.005859375 0.17354196301564723
0 0.7724609375 0.4480796586059744 0.0107421875 0.07539118065433854
0 0.70947265625 0.42532005689900426 0.005859375 0.06116642958748222
0 0.69189453125 0.5078236130867709 0.005859375 0.04694167852062589
0 0.66748046875 0.4345661450924609 0.005859375 0.07965860597439545
0 0.6552734375 0.39046941678520625 0.0068359375 0.1507823613086771
0 0.64599609375 0.43029871977240397 0.00390625 0.06258890469416785
0 0.6103515625 0.42460881934566147 0.0048828125 0.07396870554765292
0 0.6025390625 0.5227596017069701 0.0048828125 0.05405405405405406
0 0.64599609375 0.4359886201991465 0.0078125 0.07965860597439545
0 0.57763671875 0.5241820768136558 0.005859375 0.059743954480796585
0 0.5625 0.45874822190611664 0.0048828125 0.034139402560455195
0 0.53515625 0.43029871977240397 0.0068359375 0.13086770981507823
0 0.39990234375 0.4423897581792319 0.005859375 0.05832147937411095
0 0.349609375 0.4352773826458037 0.0048828125 0.044096728307254626
0 0.30908203125 0.5099573257467994 0.005859375 0.059743954480796585
0 0.240234375 0.42034139402560455 0.0048828125 0.051209103840682786
0 0.1748046875 0.4366998577524893 0.0048828125 0.032716927453769556
0 0.17529296875 0.5568990042674253 0.00390625 0.02844950213371266
0 0.20068359375 0.45376955903271693 0.00390625 0.021337126600284494
0 0.13232421875 0.46301564722617355 0.005859375 0.031294452347083924
0 0.3740234375 0.47083926031294454 0.0068359375 0.05263157894736842
0 0.47998046875 0.5469416785206259 0.0078125 0.06543385490753911
0 0.3251953125 0.5284495021337127 0.0380859375 0.13086770981507823
