0 0.8720703125 0.4516358463726885 0.0087890625 0.17354196301564723
0 0.82763671875 0.5 0.005859375 0.03982930298719772
0 0.8310546875 0.45376955903271693 0.0107421875 0.044096728307254626
0 0.79541015625 0.46870554765291605 0.005859375 0.14793741109530584
0 0.74267578125 0.531294452347084 0.0078125 0.21052631578947367
0 0.68896484375 0.5334281650071123 0.00390625 0.03556187766714083
0 0.48974609375 0.5369843527738265 0.005859375 0.07681365576102418
0 0.37109375 0.5220483641536273 0.0068359375 0.05263157894736842
0 0.1875 0.39758179231863444 0.0068359375 0.22759601706970128
0 0.21826171875 0.5135135135135135 0.005859375 0.03556187766714083
0 0.15478515625 0.4772403982930299 0.0078125 0.06258890469416785
0 0.12646484375 0.5640113798008535 0.005859375 0.08250355618776671
0 0.09619140625 0.39829302987197723 0.005859375 0.09246088193456614
0 0.47061670353982304 0.46915872556301064 0.004321073008849541 0.11832978763579607
