0 0.908203125 0.47483443708609274 0.0068359375 0.031788079470198675
0 0.91650390625 0.4271523178807947 0.005859375 0.015894039735099338
0 0.7919921875 0.38145695364238413 0.0126953125 0.11258278145695365
0 0.65283203125 0.40463576158940395 0.0078125 0.08741721854304636
0 0.65869140625 0.4695364238410596 0.005859375 0.018543046357615896
0 0.6337890625 0.4562913907284768 0.0068359375 0.1271523178807947
0 0.39599609375 0.4105960264900662 0.00390625 0.04105960264900662
0 0.28564453125 0.48013245033112584 0.005859375 0.045033112582781455
0 0.248046875 0.4821192052980132 0.0087890625 0.11788079470198676
0 0.11767578125 0.39536423841059604 0.005859375 0.08211920529801324
0 0.10546875 0.42317880794701984 0.0068359375 0.026490066225165563
