0 0.7353515625 0.5 0.0068359375 0.19630156472261737
0 0.7939453125 0.45305832147937414 0.0048828125 0.031294452347083924
0 0.62841796875 0.3933143669985775 0.005859375 0.45803698435277385
0 0.521484375 0.5241820768136558 0.0048828125 0.03982930298719772
0 0.45166015625 0.48577524893314367 0.005859375 0.02844950213371266
0 0.39990234375 0.4118065433854908 0.005859375 0.08534850640113797
0 0.26904296875 0.4594594594594595 0.005859375 0.02418207681365576
0 0.232421875 0.46372688477951635 0.0048828125 0.02418207681365576
0 0.21240234375 0.40753911806543386 0.005859375 0.05405405405405406
0 0.169921875 0.45092460881934565 0.0048828125 0.032716927453769556
0 0.10791015625 0.5384068278805121 0.005859375 0.059743954480796585
0 0.1279296875 0.45092460881934565 0.0439453125 0.12091038406827881
