0 0.91015625 0.43314366998577525 0.0068359375 0.03698435277382646
0 0.904296875 0.5362731152204836 0.0068359375 0.08677098150782361
0 0.9013671875 0.5668563300142248 0.0126953125 0.14793741109530584
0 0.86328125 0.5056899004267426 0.0068359375 0.23044096728307253
0 0.8095703125 0.5590327169274538 0.0048828125 0.07254623044096728
0 0.83642578125 0.4594594594594595 0.005859375 0.03556187766714083
0 0.7861328125 0.4466571834992888 0.0048828125 0.04694167852062589
0 0.69384765625 0.5220483641536273 0.0078125 0.09246088193456614
0 0.5498046875 0.4182076813655761 0.0068359375 0.26884779516358465
0 0.25146484375 0.45874822190611664 0.005859375 0.12802275960170698
0 0.279296875 0.49359886201991465 0.0048828125 0.03840682788051209
0 0.50048828125 0.4615931721194879 0.005859375 0.02844950213371266
0 0.12841796875 0.4295874822190612 0.005859375 0.04694167852062589
0 0.2353515625 0.43029871977240397 0.0048828125 0.06543385490753911
0 0.2685546875 0.4310099573257468 0.0048828125 0.03840682788051209
0 0.27783203125 0.4423897581792319 0.005859375 0.044096728307254626
0 0.48681640625 0.4096728307254623 0.00390625 0.04694167852062589
0 0.634765625 0.3869132290184922 0.0048828125 0.049786628733997154
0 0.580078125 0.5234708392603129 0.0048828125 0.04694167852062589
0 0.11669921875 0.38975817923186346 0.005859375 0.032716927453769556
0 0.76171875 0.47297297297297297 0.0068359375 0.059743954480796585
0 0.7138671875 0.4793741109530583 0.0048828125 0.041251778093883355
0 0.17041015625 0.515647226173542 0.005859375 0.059743954480796585
