0 0.9345703125 0.48933143669985774 0.0068359375 0.03556187766714083
0 0.84423828125 0.4694167852062589 0.005859375 0.021337126600284494
0 0.779296875 0.45874822190611664 0.0048828125 0.01991465149359886
0 0.6845703125 0.4480796586059744 0.0068359375 0.029871977240398292
0 0.75 0.4594594594594595 0.0068359375 0.01849217638691323
0 0.6005859375 0.43243243243243246 0.0048828125 0.01849217638691323
0 0.56396484375 0.41607396870554764 0.0078125 0.04267425320056899
0 0.49267578125 0.5284495021337127 0.0078125 0.08534850640113797
0 0.47607421875 0.5007112375533428 0.005859375 0.032716927453769556
0 0.3330078125 0.5021337126600285 0.0068359375 0.09246088193456614
0 0.3896484375 0.41963015647226176 0.0048828125 0.04694167852062589
0 0.30810546875 0.4310099573257468 0.0078125 0.03840682788051209
0 0.2763671875 0.4914651493598862 0.0107421875 0.08534850640113797
0 0.24951171875 0.44310099573257467 0.005859375 0.14793741109530584
