0 0.90478515625 0.5633001422475107 0.005859375 0.06401137980085349
0 0.89794921875 0.4772403982930299 0.0078125 0.02844950213371266
0 0.86376953125 0.4523470839260313 0.0078125 0.17496443812233287
0 0.76025390625 0.49431009957325744 0.005859375 0.04267425320056899
0 0.73486328125 0.5391180654338549 0.005859375 0.07823613086770982
0 0.5498046875 0.40256045519203415 0.0068359375 0.22048364153627312
0 0.49462890625 0.43741109530583216 0.005859375 0.025604551920341393
0 0.44677734375 0.5341394025604552 0.005859375 0.04836415362731152
0 0.1943359375 0.5014224751066856 0.0087890625 0.07396870554765292
0 0.17041015625 0.5483641536273115 0.005859375 0.06827880512091039
0 0.162109375 0.55049786628734 0.0048828125 0.04694167852062589
0 0.23388671875 0.492176386913229 0.0078125 0.05832147937411095
