0 0.74560546875 0.5163584637268848 0.005859375 0.06970128022759602
0 0.6044921875 0.5213371266002845 0.0068359375 0.034139402560455195
0 0.4990234375 0.4480796586059744 0.0087890625 0.049786628733997154
0 0.44970703125 0.43385490753911804 0.005859375 0.05547652916073969
0 0.4326171875 0.3620199146514936 0.0068359375 0.19914651493598862
0 0.37060546875 0.5035561877667141 0.0078125 0.04694167852062589
0 0.32666015625 0.5355618776671408 0.005859375 0.09957325746799431
0 0.87451171875 0.47368421052631576 0.0078125 0.17496443812233287
0 0.60498046875 0.441678520625889 0.00390625 0.02844950213371266
0 0.63623046875 0.5391180654338549 0.005859375 0.05832147937411095
