0 0.93115234375 0.4741721854304636 0.0078125 0.06490066225165562
0 0.74609375 0.4913907284768212 0.0087890625 0.0728476821192053
0 0.685546875 0.4456953642384106 0.0068359375 0.03708609271523179
0 0.673828125 0.4900662251655629 0.0087890625 0.10728476821192053
0 0.654296875 0.49072847682119203 0.0048828125 0.02913907284768212
0 0.61669921875 0.49933774834437084 0.005859375 0.07549668874172186
0 0.52294921875 0.4549668874172185 0.005859375 0.07417218543046358
0 0.3603515625 0.4165562913907285 0.0068359375 0.07682119205298013
0 0.27490234375 0.4066225165562914 0.0078125 0.10993377483443709
0 0.20263671875 0.4503311258278146 0.005859375 0.046357615894039736
0 0.10888671875 0.48741721854304637 0.005859375 0.04105960264900662
0 0.13818359375 0.4251655629139073 0.005859375 0.07019867549668875
