0 0.85693359375 0.3762446657183499 0.0078125 0.19630156472261737
0 0.80224609375 0.31152204836415365 0.01953125 0.25177809388335703
0 0.72802734375 0.465149359886202 0.005859375 0.02702702702702703
0 0.66357421875 0.5170697012802276 0.0078125 0.1166429587482219
0 0.54248046875 0.4011379800853485 0.0078125 0.07539118065433854
0 0.47900390625 0.49288762446657186 0.0078125 0.17069701280227595
0 0.44384765625 0.4366998577524893 0.0078125 0.07539118065433854
0 0.41455078125 0.5071123755334281 0.005859375 0.05689900426742532
0 0.349609375 0.40825035561877665 0.0048828125 0.049786628733997154
0 0.29296875 0.42532005689900426 0.0068359375 0.07539118065433854
0 0.2431640625 0.4523470839260313 0.0107421875 0.10099573257467995
0 0.17138671875 0.43812233285917496 0.005859375 0.07539118065433854
0 0.1474609375 0.5455192034139402 0.0048828125 0.08819345661450925
0 0.14111328125 0.4466571834992888 0.005859375 0.05547652916073969
0 0.1171875 0.48364153627311524 0.0068359375 0.05263157894736842
