0 0.82373046875 0.5264900662251656 0.005859375 0.039735099337748346
0 0.70654296875 0.44834437086092715 0.005859375 0.04768211920529802
0 0.8310546875 0.45695364238410596 0.0048828125 0.02781456953642384
0 0.75830078125 0.5496688741721855 0.00390625 0.02781456953642384
0 0.68115234375 0.4370860927152318 0.005859375 0.04105960264900662
0 0.59765625 0.47086092715231787 0.0107421875 0.10596026490066225
0 0.52099609375 0.5086092715231788 0.009765625 0.019867549668874173
0 0.4140625 0.47019867549668876 0.0068359375 0.011920529801324504
0 0.287109375 0.4986754966887417 0.0087890625 0.08211920529801324
0 0.25927734375 0.4543046357615894 0.005859375 0.022516556291390728
0 0.2490234375 0.5059602649006623 0.0087890625 0.017218543046357615
0 0.20263671875 0.47152317880794703 0.005859375 0.011920529801324504
0 0.11669921875 0.46556291390728477 0.0078125 0.02119205298013245
