0 0.90234375 0.5021337126600285 0.0048828125 0.049786628733997154
0 0.75830078125 0.45092460881934565 0.09375 0.16642958748221906
0 0.5673828125 0.441678520625889 0.0048828125 0.04267425320056899
0 0.583984375 0.43243243243243246 0.0048828125 0.041251778093883355
0 0.67919921875 0.5170697012802276 0.005859375 0.05405405405405406
0 0.83056640625 0.44594594594594594 0.005859375 0.05405405405405406
0 0.927734375 0.45092460881934565 0.0048828125 0.02702702702702703
0 0.90234375 0.43243243243243246 0.0068359375 0.08108108108108109
0 0.63427734375 0.5832147937411095 0.005859375 0.22617354196301565
0 0.6337890625 0.3833570412517781 0.0068359375 0.1251778093883357
0 0.5146484375 0.5462304409672831 0.0048828125 0.06401137980085349
0 0.501953125 0.4864864864864865 0.0048828125 0.029871977240398292
0 0.4892578125 0.34992887624466573 0.0087890625 0.3314366998577525
0 0.39453125 0.45092460881934565 0.0048828125 0.029871977240398292
0 0.34716796875 0.49359886201991465 0.005859375 0.06116642958748222
0 0.27978515625 0.5284495021337127 0.005859375 0.08534850640113797
0 0.21923828125 0.41536273115220484 0.005859375 0.09246088193456614
0 0.16015625 0.4317211948790896 0.0068359375 0.15362731152204837
0 0.10986328125 0.46301564722617355 0.005859375 0.02844950213371266
0 0.16015625 0.534850640113798 0.0068359375 0.032716927453769556
