0 0.8435274403016337 0.4867549668874172 0.00651678071032906 0.14632608010091455
0 0.7643951031047804 0.4766635130873541 0.00651678071032906 0.052980132450331126
0 0.7797560862076991 0.49306212551245654 0.011171624074849786 0.1665089877010407
0 0.7113298887492435 0.47792494481236203 0.006516780710329171 0.18669189530116684
0 0.9046920821114369 0.5185430463576159 0.005865102639296188 0.045033112582781455
0 0.8949169110459433 0.4324503311258278 0.005865102639296188 0.039735099337748346
0 0.8870967741935484 0.44834437086092715 0.005865102639296188 0.015894039735099338
0 0.8347996089931574 0.423841059602649 0.004887585532746823 0.04105960264900662
0 0.8167155425219942 0.44437086092715233 0.005865102639296188 0.06357615894039735
0 0.7331378299120235 0.44834437086092715 0.006842619745845552 0.039735099337748346
0 0.7580645161290323 0.4589403973509934 0.005865102639296188 0.03443708609271523
0 0.7023460410557185 0.31456953642384106 0.007820136852394917 0.3258278145695364
0 0.5967741935483871 0.44437086092715233 0.007820136852394917 0.0423841059602649
0 0.5210166177908113 0.4741721854304636 0.01270772238514174 0.19735099337748344
0 0.2487781036168133 0.47152317880794703 0.007820136852394917 0.16556291390728478
0 0.1959921798631476 0.3880794701986755 0.005865102639296188 0.054304635761589407
0 0.22678396871945258 0.5072847682119205 0.004887585532746823 0.04105960264900662
0 0.4051808406647116 0.44834437086092715 0.007820136852394917 0.015894039735099338
0 0.34457478005865105 0.43178807947019865 0.005865102639296188 0.02781456953642384
0 0.3680351906158358 0.49735099337748345 0.005865102639296188 0.026490066225165563
0 0.4257086999022483 0.5271523178807948 0.007820136852394917 0.04105960264900662
0 0.46432062561094817 0.5344370860927152 0.006842619745845552 0.10331125827814569
0 0.4912023460410557 0.495364238410596 0.005865102639296188 0.019867549668874173
0 0.4227761485826002 0.4033112582781457 0.007820136852394917 0.052980132450331126
0 0.5674952287855514 0.48107852412488167 0.005585812037425004 0.07947019867549661
0 0.5027929060187125 0.47792494481236203 0.00651678071032906 0.02775149795017346
0 0.7174975562072337 0.4609271523178808 0.006842619745845552 0.030463576158940398
