0 0.62890625 0.5177809388335705 0.0048828125 0.06401137980085349
0 0.62841796875 0.44523470839260315 0.005859375 0.03840682788051209
0 0.498046875 0.5241820768136558 0.0048828125 0.03982930298719772
0 0.42822265625 0.4480796586059744 0.005859375 0.049786628733997154
0 0.400390625 0.45092460881934565 0.0068359375 0.04694167852062589
0 0.259765625 0.41607396870554764 0.0048828125 0.07965860597439545
0 0.2548828125 0.4665718349928876 0.0048828125 0.029871977240398292
0 0.10205078125 0.4523470839260313 0.005859375 0.041251778093883355
0 0.29541015625 0.45874822190611664 0.126953125 0.1251778093883357
0 0.1455078125 0.4388335704125178 0.0048828125 0.02844950213371266
