0 0.8271484375 0.4013245033112583 0.0146484375 0.2635761589403974
0 0.88720703125 0.44834437086092715 0.005859375 0.05562913907284768
0 0.7705078125 0.3920529801324503 0.0107421875 0.12582781456953643
0 0.65673828125 0.44437086092715233 0.005859375 0.045033112582781455
0 0.64794921875 0.44966887417218543 0.005859375 0.05033112582781457
0 0.67626953125 0.5317880794701987 0.005859375 0.02913907284768212
0 0.60400390625 0.519205298013245 0.005859375 0.04105960264900662
0 0.6396484375 0.4947019867549669 0.0048828125 0.02119205298013245
0 0.564453125 0.4602649006622517 0.0068359375 0.02913907284768212
0 0.5361328125 0.45695364238410596 0.0068359375 0.038410596026490065
0 0.482421875 0.5033112582781457 0.0048828125 0.033112582781456956
0 0.4248046875 0.5311258278145695 0.0068359375 0.033112582781456956
0 0.43017578125 0.4966887417218543 0.005859375 0.02781456953642384
0 0.33203125 0.4198675496688742 0.0087890625 0.1152317880794702
0 0.244140625 0.44900662251655626 0.0048828125 0.038410596026490065
0 0.2568359375 0.419205298013245 0.0048828125 0.03443708609271523
0 0.16259765625 0.523841059602649 0.00390625 0.02913907284768212
0 0.3251953125 0.5443708609271524 0.0341796875 0.10463576158940398
