0 0.8949169110459433 0.428476821192053 0.005865102639296188 0.0423841059602649
0 0.8870967741935484 0.44900662251655626 0.005865102639296188 0.017218543046357615
0 0.8440860215053764 0.48874172185430464 0.007820136852394917 0.12317880794701987
0 0.8347996089931574 0.423841059602649 0.004887585532746823 0.059602649006622516
0 0.7820136852394917 0.4602649006622517 0.006842619745845552 0.03443708609271523
0 0.7639296187683284 0.4602649006622517 0.005865102639296188 0.07947019867549669
0 0.760019550342131 0.4860927152317881 0.009775171065493646 0.059602649006622516
0 0.7111436950146628 0.5357615894039736 0.007820136852394917 0.10596026490066225
0 0.7018572825024438 0.43112582781456954 0.006842619745845552 0.052980132450331126
0 0.7336265884652982 0.44370860927152317 0.005865102639296188 0.02781456953642384
0 0.5962854349951124 0.43973509933774835 0.008797653958944282 0.06754966887417219
0 0.5664711632453568 0.4695364238410596 0.007820136852394917 0.1880794701986755
0 0.46529814271749753 0.49337748344370863 0.006842619745845552 0.08741721854304636
0 0.42473118279569894 0.528476821192053 0.005865102639296188 0.022516556291390728
0 0.4051808406647116 0.44900662251655626 0.007820136852394917 0.017218543046357615
0 0.19648093841642228 0.38211920529801324 0.006842619745845552 0.02913907284768212
0 0.18084066471163246 0.4139072847682119 0.006842619745845552 0.02384105960264901
0 0.34506353861192574 0.43443708609271525 0.004887585532746823 0.02781456953642384
0 0.3514173998044966 0.4867549668874172 0.005865102639296188 0.013245033112582781
0 0.5175953079178885 0.4682119205298013 0.005865102639296188 0.02119205298013245
