0 0.9242424242424242 0.4463576158940397 0.007820136852394917 0.046357615894039736
0 0.896871945259042 0.4556291390728477 0.007820136852394917 0.04105960264900662
0 0.9032258064516129 0.519205298013245 0.004887585532746823 0.04105960264900662
0 0.8782991202346041 0.4562913907284768 0.005865102639296188 0.03443708609271523
0 0.8548387096774194 0.4741721854304636 0.007820136852394917 0.059602649006622516
0 0.6407624633431085 0.5503311258278145 0.005865102639296188 0.08741721854304636
0 0.6236559139784946 0.4596026490066225 0.006842619745845552 0.03576158940397351
0 0.5063538611925709 0.5185430463576159 0.006842619745845552 0.07417218543046358
0 0.22189638318670576 0.5019867549668874 0.006842619745845552 0.038410596026490065
0 0.10117302052785923 0.44900662251655626 0.007820136852394917 0.038410596026490065
0 0.2341153470185728 0.519205298013245 0.007820136852394917 0.07019867549668875
0 0.23216031280547408 0.4549668874172185 0.005865102639296188 0.02913907284768212
0 0.6666666666666666 0.5344370860927152 0.059628543499511244 0.10331125827814569
