0 0.9242424242424242 0.4417218543046358 0.007820136852394917 0.05827814569536424
0 0.896871945259042 0.4562913907284768 0.007820136852394917 0.039735099337748346
0 0.9027370478983382 0.5245033112582781 0.005865102639296188 0.046357615894039736
0 0.8782991202346041 0.45827814569536424 0.005865102639296188 0.033112582781456956
0 0.8548387096774194 0.47218543046357614 0.007820136852394917 0.039735099337748346
0 0.7116324535679375 0.433112582781457 0.004887585532746823 0.054304635761589407
0 0.6407624633431085 0.547682119205298 0.005865102639296188 0.0847682119205298
0 0.6241446725317693 0.4728476821192053 0.009775171065493646 0.14437086092715232
0 0.5043988269794721 0.5006622516556292 0.010752688172043012 0.09668874172185431
0 0.4359726295210166 0.5887417218543046 0.004887585532746823 0.12980132450331125
0 0.3201368523949169 0.5754966887417219 0.005865102639296188 0.05827814569536424
0 0.23460410557184752 0.5218543046357615 0.008797653958944282 0.07549668874172186
0 0.23216031280547408 0.452317880794702 0.005865102639296188 0.03443708609271523
0 0.22238514173998045 0.49933774834437084 0.007820136852394917 0.033112582781456956
0 0.15053763440860216 0.49735099337748345 0.008797653958944282 0.03708609271523179
0 0.10019550342130987 0.4509933774834437 0.007820136852394917 0.039735099337748346
0 0.6915933528836755 0.5291390728476821 0.007820136852394917 0.02913907284768212
0 0.6598240469208211 0.5344370860927152 0.04398826979472141 0.10331125827814569
