0 0.892578125 0.4345661450924609 0.0048828125 0.07112375533428165
0 0.814453125 0.43812233285917496 0.0068359375 0.06116642958748222
0 0.7880859375 0.4487908961593172 0.0107421875 0.05405405405405406
0 0.77001953125 0.5227596017069701 0.005859375 0.051209103840682786
0 0.71044921875 0.5234708392603129 0.005859375 0.08392603129445235
0 0.5751953125 0.4615931721194879 0.0048828125 0.034139402560455195
0 0.47802734375 0.4366998577524893 0.005859375 0.06116642958748222
0 0.44873046875 0.48079658605974396 0.005859375 0.06685633001422475
0 0.43798828125 0.46586059743954483 0.005859375 0.02844950213371266
0 0.26416015625 0.45092460881934565 0.005859375 0.04694167852062589
0 0.18505859375 0.4295874822190612 0.005859375 0.07823613086770982
0 0.169921875 0.5277382645803699 0.0048828125 0.09815078236130868
0 0.12255859375 0.43029871977240397 0.005859375 0.07965860597439545
0 0.5570381637168141 0.4823764146074347 0.007777931415929196 0.05916489381789804
0 0.27392578125 0.5042674253200569 0.0185546875 0.04694167852062589
0 0.27392578125 0.4438122332859175 0.0205078125 0.06258890469416785
0 0.84423828125 0.4366998577524893 0.005859375 0.04694167852062589
0 0.853515625 0.4487908961593172 0.0048828125 0.02275960170697013
0 0.34814453125 0.5220483641536273 0.0048828125 0.08534850640113797
0 0.34765625 0.4672830725462304 0.00390625 0.01849217638691323
0 0.5341796875 0.4395448079658606 0.00390625 0.03698435277382646
