0 0.85498046875 0.5397350993377483 0.0078125 0.10860927152317881
0 0.8408203125 0.5086092715231788 0.0068359375 0.051655629139072845
0 0.76416015625 0.5456953642384106 0.005859375 0.05695364238410596
0 0.7197265625 0.41324503311258276 0.0048828125 0.03576158940397351
0 0.59716796875 0.48741721854304637 0.0078125 0.05695364238410596
0 0.47265625 0.43973509933774835 0.0068359375 0.017218543046357615
0 0.33544921875 0.44966887417218543 0.005859375 0.031788079470198675
0 0.2939453125 0.4642384105960265 0.0048828125 0.07682119205298013
0 0.26904296875 0.5006622516556292 0.00390625 0.030463576158940398
0 0.19775390625 0.4152317880794702 0.005859375 0.03443708609271523
0 0.14013671875 0.423841059602649 0.005859375 0.017218543046357615
