0 0.8603515625 0.46301564722617355 0.0068359375 0.03698435277382646
0 0.84716796875 0.3705547652916074 0.0078125 0.27880512091038406
0 0.82373046875 0.534850640113798 0.005859375 0.02702702702702703
0 0.80908203125 0.42816500711237554 0.005859375 0.05547652916073969
0 0.791015625 0.42460881934566147 0.0048828125 0.04551920341394026
0 0.76513671875 0.45376955903271693 0.005859375 0.021337126600284494
0 0.74462890625 0.5305832147937412 0.005859375 0.06401137980085349
0 0.6923828125 0.43243243243243246 0.0048828125 0.03556187766714083
0 0.51513671875 0.5078236130867709 0.005859375 0.10668563300142248
0 0.49609375 0.44950213371266 0.0048828125 0.01849217638691323
0 0.54345703125 0.49786628733997157 0.005859375 0.12660028449502134
0 0.560546875 0.5042674253200569 0.0068359375 0.031294452347083924
0 0.349609375 0.4139402560455192 0.0087890625 0.08677098150782361
0 0.263671875 0.39758179231863444 0.0048828125 0.07681365576102418
0 0.2568359375 0.42532005689900426 0.0068359375 0.1721194879089616
0 0.361328125 0.5064011379800853 0.0048828125 0.015647226173541962
0 0.3232421875 0.48150782361308675 0.0068359375 0.01991465149359886
0 0.21533203125 0.519203413940256 0.005859375 0.03840682788051209
0 0.11669921875 0.5042674253200569 0.005859375 0.03982930298719772
0 0.09716796875 0.4992887624466572 0.005859375 0.01849217638691323
