0 0.8896484375 0.3385490753911807 0.0068359375 0.3399715504978663
0 0.908203125 0.4566145092460882 0.0048828125 0.03556187766714083
0 0.75146484375 0.4665718349928876 0.005859375 0.10668563300142248
0 0.79248046875 0.519203413940256 0.005859375 0.07254623044096728
0 0.64990234375 0.4118065433854908 0.005859375 0.09103840682788052
0 0.6015625 0.5440967283072546 0.0068359375 0.12233285917496443
0 0.6025390625 0.4217638691322902 0.0068359375 0.09672830725462304
0 0.56982421875 0.45021337126600286 0.005859375 0.051209103840682786
0 0.5380859375 0.5298719772403983 0.0068359375 0.09957325746799431
0 0.501953125 0.5184921763869133 0.0048828125 0.07681365576102418
0 0.46728515625 0.5078236130867709 0.005859375 0.16927453769559034
0 0.44970703125 0.4473684210526316 0.0078125 0.18492176386913228
0 0.337890625 0.4317211948790896 0.0068359375 0.08534850640113797
0 0.33642578125 0.5256045519203414 0.0078125 0.08534850640113797
0 0.171875 0.3278805120910384 0.0087890625 0.46372688477951635
0 0.1103515625 0.465149359886202 0.0048828125 0.021337126600284494
0 0.12451171875 0.5014224751066856 0.005859375 0.031294452347083924
0 0.294921875 0.5085348506401138 0.0048828125 0.04267425320056899
0 0.423828125 0.5668563300142248 0.0068359375 0.059743954480796585
0 0.37548828125 0.5135135135135135 0.03515625 0.06685633001422475
