0 0.8310546875 0.465149359886202 0.0068359375 0.08677098150782361
0 0.73828125 0.45021337126600286 0.0048828125 0.04267425320056899
0 0.70556640625 0.41963015647226176 0.0078125 0.10953058321479374
0 0.681640625 0.4359886201991465 0.0068359375 0.15647226173541964
0 0.64111328125 0.45590327169274536 0.005859375 0.02844950213371266
0 0.56298828125 0.5206258890469416 0.00390625 0.032716927453769556
0 0.4140625 0.4615931721194879 0.0068359375 0.034139402560455195
0 0.26025390625 0.46301564722617355 0.005859375 0.01422475106685633
0 0.24951171875 0.5028449502133713 0.005859375 0.011379800853485065
0 0.20263671875 0.4516358463726885 0.005859375 0.01991465149359886
