0 0.8740234375 0.4423897581792319 0.0048828125 0.044096728307254626
0 0.82080078125 0.4345661450924609 0.005859375 0.04836415362731152
0 0.744140625 0.5405405405405406 0.0048828125 0.08392603129445235
0 0.65869140625 0.4822190611664296 0.005859375 0.10953058321479374
0 0.68505859375 0.5305832147937412 0.009765625 0.049786628733997154
0 0.59765625 0.5028449502133713 0.0068359375 0.1763869132290185
0 0.5615234375 0.4743954480796586 0.0068359375 0.13940256045519203
0 0.44775390625 0.4701280227596017 0.005859375 0.09388335704125178
0 0.365234375 0.5334281650071123 0.0048828125 0.08392603129445235
0 0.26953125 0.4829302987197724 0.0068359375 0.04836415362731152
0 0.23974609375 0.4402560455192034 0.0078125 0.06827880512091039
0 0.201171875 0.5135135135135135 0.0048828125 0.05832147937411095
0 0.126953125 0.5135135135135135 0.0048828125 0.044096728307254626
0 0.146484375 0.457325746799431 0.0068359375 0.03698435277382646
