0 0.9242424242424242 0.44900662251655626 0.007820136852394917 0.038410596026490065
0 0.896871945259042 0.4562913907284768 0.007820136852394917 0.039735099337748346
0 0.9032258064516129 0.519205298013245 0.004887585532746823 0.038410596026490065
0 0.8782991202346041 0.46158940397350995 0.005865102639296188 0.026490066225165563
0 0.8548387096774194 0.4860927152317881 0.007820136852394917 0.03576158940397351
0 0.7116324535679375 0.43178807947019865 0.004887585532746823 0.04105960264900662
0 0.6407624633431085 0.547682119205298 0.005865102639296188 0.08741721854304636
0 0.6241446725317693 0.49403973509933774 0.007820136852394917 0.10198675496688742
0 0.5058651026392962 0.495364238410596 0.007820136852394917 0.08874172185430464
0 0.4359726295210166 0.5675496688741721 0.006842619745845552 0.12980132450331125
0 0.2341153470185728 0.5211920529801325 0.009775171065493646 0.07682119205298013
0 0.2316715542521994 0.4503311258278146 0.008797653958944282 0.04105960264900662
0 0.22238514173998045 0.5052980132450331 0.007820136852394917 0.045033112582781455
0 0.15053763440860216 0.5079470198675496 0.008797653958944282 0.052980132450331126
0 0.10068426197458455 0.44900662251655626 0.008797653958944282 0.04105960264900662
0 0.6920821114369502 0.5311258278145695 0.008797653958944282 0.038410596026490065
0 0.6617790811339198 0.5364238410596026 0.04007820136852395 0.09933774834437085
