0 0.923828125 0.5113798008534851 0.0048828125 0.04836415362731152
0 0.9091796875 0.4829302987197724 0.0068359375 0.08250355618776671
0 0.8310546875 0.5462304409672831 0.0068359375 0.08392603129445235
0 0.7421875 0.5405405405405406 0.0068359375 0.10953058321479374
0 0.71728515625 0.45803698435277385 0.005859375 0.03556187766714083
0 0.705078125 0.42105263157894735 0.0048828125 0.05832147937411095
0 0.68603515625 0.5234708392603129 0.005859375 0.03840682788051209
0 0.5390625 0.5376955903271693 0.0068359375 0.08961593172119488
0 0.47802734375 0.38762446657183497 0.009765625 0.15647226173541964
0 0.36083984375 0.4623044096728307 0.01171875 0.13229018492176386
0 0.18359375 0.43243243243243246 0.0087890625 0.08108108108108109
0 0.220703125 0.5085348506401138 0.0068359375 0.051209103840682786
0 0.32763671875 0.5889046941678521 0.005859375 0.05263157894736842
0 0.392578125 0.5519203413940256 0.0068359375 0.032716927453769556
