0 0.857421875 0.5099573257467994 0.0068359375 0.07681365576102418
0 0.8408203125 0.48150782361308675 0.0107421875 0.27311522048364156
0 0.78271484375 0.5120910384068279 0.0078125 0.03840682788051209
0 0.79931640625 0.4402560455192034 0.005859375 0.06827880512091039
0 0.71923828125 0.4971550497866287 0.005859375 0.025604551920341393
0 0.666015625 0.5476529160739687 0.0322265625 0.05547652916073969
0 0.640625 0.5440967283072546 0.0068359375 0.08819345661450925
0 0.63330078125 0.47368421052631576 0.005859375 0.041251778093883355
0 0.56982421875 0.45305832147937414 0.005859375 0.034139402560455195
0 0.5390625 0.5284495021337127 0.0068359375 0.059743954480796585
0 0.52392578125 0.4523470839260313 0.005859375 0.13513513513513514
0 0.4560546875 0.5064011379800853 0.0068359375 0.03840682788051209
0 0.42041015625 0.4466571834992888 0.009765625 0.07539118065433854
0 0.35791015625 0.5135135135135135 0.0078125 0.16927453769559034
0 0.236328125 0.4644381223328592 0.0048828125 0.10526315789473684
0 0.19677734375 0.4722617354196302 0.005859375 0.10953058321479374
0 0.1611328125 0.5056899004267426 0.0068359375 0.03698435277382646
0 0.1171875 0.4822190611664296 0.0068359375 0.04694167852062589
0 0.1015625 0.5128022759601707 0.0068359375 0.05689900426742532
