0 0.7717497556207233 0.4596026490066225 0.009775171065493646 0.033112582781456956
0 0.749266862170088 0.4556291390728477 0.007820136852394917 0.033112582781456956
0 0.706256109481916 0.4278145695364238 0.005865102639296188 0.08874172185430464
0 0.706256109481916 0.5099337748344371 0.005865102639296188 0.051655629139072845
0 0.6862170087976539 0.4947019867549669 0.008797653958944282 0.10596026490066225
0 0.5796676441837733 0.45364238410596025 0.006842619745845552 0.03443708609271523
0 0.4789833822091887 0.49271523178807947 0.010752688172043012 0.18940397350993377
0 0.39345063538611924 0.5384105960264901 0.005865102639296188 0.09536423841059603
0 0.4051808406647116 0.43642384105960264 0.005865102639296188 0.06357615894039735
0 0.3367546432062561 0.5543046357615894 0.007820136852394917 0.11390728476821192
0 0.3289345063538612 0.5642384105960265 0.009775171065493646 0.1337748344370861
0 0.28396871945259045 0.5609271523178808 0.005865102639296188 0.039735099337748346
0 0.27370478983382207 0.5066225165562914 0.008797653958944282 0.03708609271523179
0 0.250733137829912 0.5152317880794702 0.005865102639296188 0.06490066225165562
