0 0.88916015625 0.46622516556291393 0.005859375 0.11788079470198676
0 0.8046875 0.44503311258278144 0.0068359375 0.06225165562913907
0 0.62109375 0.4847682119205298 0.0068359375 0.054304635761589407
0 0.521484375 0.5456953642384106 0.0048828125 0.10728476821192053
0 0.52392578125 0.49205298013245036 0.009765625 0.08211920529801324
0 0.44873046875 0.43642384105960264 0.005859375 0.060927152317880796
0 0.39013671875 0.44503311258278144 0.005859375 0.059602649006622516
0 0.26806640625 0.44966887417218543 0.005859375 0.0423841059602649
0 0.1687863372093023 0.46650238718620046 0.004542151162790664 0.05852456491606347
0 0.3837890625 0.5139072847682119 0.0107421875 0.04105960264900662
