0 0.6171875 0.43243243243243246 0.0068359375 0.08677098150782361
0 0.7275390625 0.4871977240398293 0.0087890625 0.051209103840682786
0 0.84130859375 0.5170697012802276 0.00390625 0.034139402560455195
0 0.67724609375 0.4957325746799431 0.00390625 0.02844950213371266
0 0.66455078125 0.534850640113798 0.005859375 0.06401137980085349
0 0.75732421875 0.5405405405405406 0.00390625 0.02418207681365576
0 0.52734375 0.4388335704125178 0.0068359375 0.06258890469416785
0 0.466796875 0.4189189189189189 0.0048828125 0.08819345661450925
0 0.5 0.5177809388335705 0.0068359375 0.07254623044096728
0 0.44775390625 0.4850640113798009 0.0078125 0.06116642958748222
0 0.287109375 0.4950213371266003 0.0126953125 0.155049786628734
0 0.23974609375 0.4523470839260313 0.00390625 0.029871977240398292
0 0.15966796875 0.45376955903271693 0.005859375 0.03556187766714083
0 0.232421875 0.4950213371266003 0.0048828125 0.02418207681365576
