0 0.9193548387096774 0.4695364238410596 0.007820136852394917 0.04768211920529802
0 0.8914956011730205 0.4589403973509934 0.006842619745845552 0.03443708609271523
0 0.7106549364613881 0.49801324503311256 0.006842619745845552 0.03576158940397351
0 0.6495601173020528 0.5331125827814569 0.005865102639296188 0.06887417218543046
0 0.5742913000977518 0.47483443708609274 0.005865102639296188 0.09801324503311258
0 0.4858260019550342 0.433112582781457 0.016617790811339198 0.2503311258278146
0 0.4736070381231672 0.4629139072847682 0.005865102639296188 0.026490066225165563
0 0.35777126099706746 0.5033112582781457 0.006842619745845552 0.04370860927152318
0 0.25268817204301075 0.5410596026490067 0.005865102639296188 0.09536423841059603
0 0.18621700879765396 0.46158940397350995 0.005865102639296188 0.09271523178807947
0 0.18963831867057673 0.4205298013245033 0.008797653958944282 0.11125827814569536
0 0.2013685239491691 0.547682119205298 0.004887585532746823 0.045033112582781455
0 0.17204301075268819 0.4463576158940397 0.004887585532746823 0.05695364238410596
0 0.2805474095796676 0.4913907284768212 0.019550342130987292 0.13774834437086092
