0 0.6376953125 0.48543046357615893 0.0087890625 0.2728476821192053
0 0.55419921875 0.423841059602649 0.0078125 0.08079470198675497
0 0.42578125 0.4794701986754967 0.0068359375 0.09668874172185431
0 0.3916015625 0.4463576158940397 0.0068359375 0.12582781456953643
0 0.2548828125 0.4596026490066225 0.0068359375 0.033112582781456956
0 0.1650390625 0.44370860927152317 0.0087890625 0.04900662251655629
0 0.2548828125 0.5 0.0048828125 0.03443708609271523
0 0.2890625 0.5324503311258278 0.0068359375 0.06490066225165562
0 0.89453125 0.43112582781456954 0.0068359375 0.04768211920529802
0 0.35693359375 0.5066225165562914 0.0068359375 0.051655629139072845
0 0.35693359375 0.4549668874172185 0.0087890625 0.04105960264900662
0 0.79345703125 0.4913907284768212 0.0048828125 0.02119205298013245
0 0.7939453125 0.46622516556291393 0.005859375 0.018543046357615896
0 0.2802734375 0.42251655629139073 0.0234375 0.09536423841059603
0 0.283203125 0.3456953642384106 0.015625 0.0423841059602649
