0 0.82763671875 0.43314366998577525 0.005859375 0.07965860597439545
0 0.783203125 0.46870554765291605 0.0048828125 0.034139402560455195
0 0.7666015625 0.4274537695590327 0.0048828125 0.04267425320056899
0 0.71826171875 0.4772403982930299 0.0078125 0.12233285917496443
0 0.6484375 0.5355618776671408 0.0068359375 0.10241820768136557
0 0.62109375 0.49431009957325744 0.0087890625 0.18776671408250356
0 0.59033203125 0.4466571834992888 0.005859375 0.05832147937411095
0 0.556640625 0.465149359886202 0.0048828125 0.06401137980085349
0 0.529296875 0.4779516358463727 0.0068359375 0.06401137980085349
0 0.45263671875 0.4601706970128023 0.005859375 0.13086770981507823
0 0.388671875 0.4366998577524893 0.0048828125 0.032716927453769556
0 0.287109375 0.441678520625889 0.0048828125 0.04551920341394026
0 0.1796875 0.4907539118065434 0.0068359375 0.03556187766714083
0 0.11376953125 0.41536273115220484 0.005859375 0.06401137980085349
0 0.5738903484513275 0.4697881393270308 0.00691371681415931 0.10951799493951334
0 0.10400390625 0.492176386913229 0.021484375 0.041251778093883355
