0 0.91064453125 0.5072847682119205 0.0078125 0.04900662251655629
0 0.83154296875 0.4602649006622517 0.005859375 0.02119205298013245
0 0.6943359375 0.5006622516556292 0.0068359375 0.030463576158940398
0 0.5732421875 0.44304635761589406 0.0068359375 0.02384105960264901
0 0.54833984375 0.3264900662251656 0.015625 0.4423841059602649
0 0.2578125 0.523841059602649 0.0068359375 0.07947019867549669
0 0.31689453125 0.5079470198675496 0.005859375 0.05033112582781457
0 0.29248046875 0.4384105960264901 0.005859375 0.07019867549668875
0 0.22021484375 0.4198675496688742 0.0078125 0.11258278145695365
0 0.19091796875 0.4470198675496689 0.005859375 0.052980132450331126
0 0.125 0.4503311258278146 0.0068359375 0.04105960264900662
