0 0.78662109375 0.42582781456953644 0.0078125 0.07947019867549669
0 0.7197265625 0.42450331125827817 0.0068359375 0.18543046357615894
0 0.6796875 0.4509933774834437 0.0068359375 0.02119205298013245
0 0.62353515625 0.46225165562913906 0.0078125 0.051655629139072845
0 0.5791015625 0.4423841059602649 0.0087890625 0.10198675496688742
0 0.56005859375 0.44966887417218543 0.005859375 0.02913907284768212
0 0.5302734375 0.49403973509933774 0.0068359375 0.0913907284768212
0 0.4560546875 0.4470198675496689 0.0068359375 0.052980132450331126
0 0.4169921875 0.5039735099337749 0.0068359375 0.11655629139072848
0 0.107421875 0.4867549668874172 0.0283203125 0.031788079470198675
