0 0.88818359375 0.47368421052631576 0.0078125 0.2034139402560455
0 0.86669921875 0.531294452347084 0.0078125 0.07965860597439545
0 0.6416015625 0.5149359886201992 0.0068359375 0.05263157894736842
0 0.2431640625 0.4672830725462304 0.0068359375 0.13655761024182078
0 0.185546875 0.4665718349928876 0.0068359375 0.18349928876244664
0 0.31640625 0.4957325746799431 0.0048828125 0.08250355618776671
0 0.30029296875 0.5071123755334281 0.005859375 0.05689900426742532
0 0.3701171875 0.49786628733997157 0.0126953125 0.06685633001422475
0 0.80908203125 0.616642958748222 0.005859375 0.08534850640113797
0 0.73388671875 0.5028449502133713 0.005859375 0.07112375533428165
