0 0.90087890625 0.4907539118065434 0.0078125 0.1465149359886202
0 0.8291015625 0.4566145092460882 0.0048828125 0.032716927453769556
0 0.82177734375 0.3933143669985775 0.005859375 0.03698435277382646
0 0.7958984375 0.4879089615931721 0.0068359375 0.015647226173541962
0 0.6943359375 0.4352773826458037 0.0048828125 0.02418207681365576
0 0.92724609375 0.4217638691322902 0.0078125 0.017069701280227598
0 0.64501953125 0.4957325746799431 0.005859375 0.1678520625889047
0 0.50244140625 0.4786628733997155 0.005859375 0.12802275960170698
0 0.51611328125 0.44096728307254623 0.005859375 0.00995732574679943
0 0.46142578125 0.48079658605974396 0.005859375 0.021337126600284494
0 0.3916015625 0.5064011379800853 0.0068359375 0.03556187766714083
0 0.39453125 0.40042674253200566 0.0068359375 0.034139402560455195
0 0.22509765625 0.5277382645803699 0.005859375 0.08677098150782361
0 0.203125 0.5199146514935988 0.0068359375 0.11379800853485064
0 0.18798828125 0.5234708392603129 0.00390625 0.029871977240398292
0 0.16748046875 0.39971550497866287 0.0078125 0.05547652916073969
0 0.10107421875 0.43314366998577525 0.005859375 0.01422475106685633
