0 0.85498046875 0.43741109530583216 0.005859375 0.03698435277382646
0 0.88916015625 0.5163584637268848 0.005859375 0.032716927453769556
0 0.71875 0.43385490753911804 0.0048828125 0.032716927453769556
0 0.69091796875 0.5078236130867709 0.005859375 0.044096728307254626
0 0.634765625 0.5355618776671408 0.0107421875 0.1678520625889047
0 0.4990234375 0.4516358463726885 0.0087890625 0.11948790896159317
0 0.5712890625 0.4779516358463727 0.0068359375 0.044096728307254626
0 0.5146484375 0.45874822190611664 0.0048828125 0.031294452347083924
0 0.451171875 0.40042674253200566 0.0107421875 0.11095305832147938
0 0.46630859375 0.527027027027027 0.005859375 0.09103840682788052
0 0.70458984375 0.5128022759601707 0.00390625 0.06258890469416785
0 0.2841796875 0.5234708392603129 0.0068359375 0.12375533428165007
0 0.240234375 0.4480796586059744 0.0068359375 0.05263157894736842
0 0.25244140625 0.5071123755334281 0.005859375 0.04267425320056899
0 0.115234375 0.43741109530583216 0.0244140625 0.11948790896159317
