0 0.9193548387096774 0.4384105960264901 0.007820136852394917 0.2768211920529801
0 0.7756598240469208 0.5132450331125827 0.005865102639296188 0.052980132450331126
0 0.9022482893450635 0.5145695364238411 0.004887585532746823 0.060927152317880796
0 0.6441837732160313 0.4470198675496689 0.006842619745845552 0.05562913907284768
0 0.5312805474095796 0.5291390728476821 0.007820136852394917 0.09536423841059603
0 0.5571847507331378 0.44039735099337746 0.006842619745845552 0.07417218543046358
0 0.5312805474095796 0.29602649006622517 0.009775171065493646 0.33642384105960266
0 0.4002932551319648 0.43112582781456954 0.007820136852394917 0.07947019867549669
0 0.3074291300097752 0.3933774834437086 0.007820136852394917 0.10463576158940398
0 0.28983382209188663 0.5119205298013245 0.005865102639296188 0.06887417218543046
0 0.37390029325513197 0.5099337748344371 0.05083088954056696 0.05695364238410596
