0 0.7421875 0.542674253200569 0.0068359375 0.09672830725462304
0 0.74267578125 0.44096728307254623 0.005859375 0.05832147937411095
0 0.7294921875 0.46372688477951635 0.0068359375 0.04694167852062589
0 0.5869140625 0.44594594594594594 0.0029296875 0.04551920341394026
0 0.57763671875 0.44594594594594594 0.005859375 0.05405405405405406
0 0.52783203125 0.4395448079658606 0.005859375 0.032716927453769556
0 0.46533203125 0.4345661450924609 0.005859375 0.09388335704125178
0 0.3544921875 0.42887624466571833 0.0048828125 0.05405405405405406
0 0.1142578125 0.3840682788051209 0.0068359375 0.04694167852062589
0 0.142578125 0.4786628733997155 0.0087890625 0.04267425320056899
0 0.50732421875 0.44950213371266 0.0078125 0.049786628733997154
0 0.1025390625 0.4850640113798009 0.0166015625 0.029871977240398292
