0 0.923828125 0.4445234708392603 0.0068359375 0.17354196301564723
0 0.896484375 0.48577524893314367 0.0068359375 0.06827880512091039
0 0.88671875 0.4167852062588905 0.0087890625 0.07254623044096728
0 0.85693359375 0.5120910384068279 0.009765625 0.10099573257467995
0 0.80078125 0.5227596017069701 0.0087890625 0.07396870554765292
0 0.79638671875 0.35135135135135137 0.0078125 0.2546230440967283
0 0.76611328125 0.5263157894736842 0.005859375 0.05263157894736842
0 0.74365234375 0.5078236130867709 0.005859375 0.13229018492176386
0 0.7109375 0.4310099573257468 0.0068359375 0.044096728307254626
0 0.658203125 0.4694167852062589 0.0087890625 0.06116642958748222
0 0.62353515625 0.47155049786628733 0.005859375 0.051209103840682786
0 0.599609375 0.48577524893314367 0.0068359375 0.08250355618776671
0 0.59814453125 0.42460881934566147 0.0078125 0.10241820768136557
0 0.45654296875 0.4793741109530583 0.005859375 0.03840682788051209
0 0.435546875 0.5675675675675675 0.0048828125 0.12660028449502134
0 0.330078125 0.5263157894736842 0.0048828125 0.07254623044096728
0 0.3125 0.5014224751066856 0.0048828125 0.02844950213371266
0 0.29638671875 0.43741109530583216 0.005859375 0.06827880512091039
0 0.2900390625 0.5163584637268848 0.0068359375 0.06401137980085349
0 0.23291015625 0.4352773826458037 0.005859375 0.07823613086770982
0 0.22265625 0.42460881934566147 0.0068359375 0.10241820768136557
0 0.6572265625 0.5341394025604552 0.0478515625 0.10241820768136557
