0 0.90625 0.4402560455192034 0.0068359375 0.01991465149359886
0 0.79736328125 0.48079658605974396 0.009765625 0.044096728307254626
0 0.65625 0.42887624466571833 0.0068359375 0.16216216216216217
0 0.5849609375 0.5654338549075392 0.0068359375 0.10526315789473684
0 0.5908203125 0.46586059743954483 0.0048828125 0.02275960170697013
0 0.55029296875 0.5113798008534851 0.00390625 0.01991465149359886
0 0.46533203125 0.5064011379800853 0.00390625 0.02702702702702703
0 0.25634765625 0.37766714082503555 0.0078125 0.1422475106685633
0 0.1435546875 0.5113798008534851 0.0048828125 0.025604551920341393
0 0.10205078125 0.4238975817923186 0.0078125 0.05832147937411095
0 0.5732421875 0.3961593172119488 0.0048828125 0.02844950213371266
0 0.8240804756637168 0.47608227696723276 0.006049502212389424 0.46450735784690134
0 0.849609375 0.531294452347084 0.0380859375 0.04267425320056899
