0 0.6358748778103617 0.43443708609271525 0.007820136852394917 0.0781456953642384
0 0.6129032258064516 0.43509933774834436 0.006842619745845552 0.07947019867549669
0 0.541544477028348 0.476158940397351 0.006842619745845552 0.06887417218543046
0 0.5234604105571847 0.4682119205298013 0.007820136852394917 0.11655629139072848
0 0.45112414467253176 0.4390728476821192 0.005865102639296188 0.07682119205298013
0 0.436950146627566 0.45827814569536424 0.006842619745845552 0.030463576158940398
0 0.4178885630498534 0.5125827814569537 0.007820136852394917 0.059602649006622516
0 0.37145650048875856 0.5311258278145695 0.006842619745845552 0.09403973509933775
0 0.19794721407624633 0.44834437086092715 0.007820136852394917 0.0423841059602649
0 0.16129032258064516 0.4900662251655629 0.006842619745845552 0.01456953642384106
0 0.10410557184750734 0.46622516556291393 0.005865102639296188 0.019867549668874173
0 0.3147605083088954 0.4503311258278146 0.093841642228739 0.1562913907284768
