0 0.7692522321428572 0.4703563544623147 0.009300595238095233 0.05802585935036264
0 0.30329241071428564 0.4886471144749291 0.009300595238095233 0.16272469252601698
0 0.16285342261904762 0.4703563544623147 0.007440476190476164 0.10596026490066225
0 0.12060546875 0.45364238410596025 0.0078125 0.04768211920529802
0 0.21337890625 0.43642384105960264 0.005859375 0.03708609271523179
0 0.37890625 0.5086092715231788 0.0068359375 0.054304635761589407
0 0.40185546875 0.43112582781456954 0.005859375 0.06357615894039735
0 0.44970703125 0.40397350993377484 0.005859375 0.06225165562913907
0 0.57080078125 0.423841059602649 0.0234375 0.1629139072847682
0 0.6982421875 0.4278145695364238 0.0068359375 0.09933774834437085
0 0.865234375 0.46158940397350995 0.0068359375 0.031788079470198675
0 0.861328125 0.5423841059602649 0.0107421875 0.11920529801324503
0 0.92431640625 0.42649006622516555 0.005859375 0.022516556291390728
0 0.49951171875 0.4966887417218543 0.005859375 0.022516556291390728
0 0.24365234375 0.43443708609271525 0.005859375 0.08609271523178808
0 0.18115234375 0.5562913907284768 0.0078125 0.152317880794702
