0 0.921875 0.45021337126600286 0.0068359375 0.267425320056899
0 0.87451171875 0.42105263157894735 0.0078125 0.10384068278805121
0 0.84521484375 0.515647226173542 0.0078125 0.15362731152204837
0 0.81298828125 0.48933143669985774 0.0078125 0.08677098150782361
0 0.80029296875 0.45092460881934565 0.009765625 0.13229018492176386
0 0.783203125 0.5327169274537695 0.0087890625 0.15362731152204837
0 0.7666015625 0.5362731152204836 0.0048828125 0.04694167852062589
0 0.74267578125 0.5092460881934566 0.005859375 0.05832147937411095
0 0.52099609375 0.5405405405405406 0.005859375 0.1465149359886202
0 0.43798828125 0.45803698435277385 0.005859375 0.06401137980085349
0 0.41015625 0.4743954480796586 0.0048828125 0.06258890469416785
0 0.39794921875 0.5078236130867709 0.005859375 0.04694167852062589
0 0.32080078125 0.4487908961593172 0.009765625 0.05405405405405406
0 0.3193359375 0.5128022759601707 0.0068359375 0.03982930298719772
0 0.2822265625 0.47652916073968704 0.0068359375 0.06401137980085349
0 0.18505859375 0.46372688477951635 0.0078125 0.24324324324324326
0 0.13232421875 0.5540540540540541 0.005859375 0.05689900426742532
0 0.12353515625 0.5078236130867709 0.005859375 0.032716927453769556
0 0.111328125 0.4615931721194879 0.0048828125 0.04551920341394026
0 0.20654296875 0.45590327169274536 0.005859375 0.03698435277382646
0 0.36376953125 0.44310099573257467 0.005859375 0.025604551920341393
0 0.6572265625 0.5113798008534851 0.0556640625 0.08819345661450925
