0 0.83544921875 0.45590327169274536 0.005859375 0.02844950213371266
0 0.8369140625 0.5440967283072546 0.0048828125 0.025604551920341393
0 0.70068359375 0.46870554765291605 0.005859375 0.06827880512091039
0 0.51171875 0.5135135135135135 0.0107421875 0.03556187766714083
0 0.49951171875 0.5113798008534851 0.005859375 0.06258890469416785
0 0.48876953125 0.4950213371266003 0.00390625 0.02418207681365576
0 0.3642578125 0.5263157894736842 0.0029296875 0.01849217638691323
0 0.27294921875 0.5241820768136558 0.005859375 0.017069701280227598
0 0.23291015625 0.47652916073968704 0.005859375 0.05832147937411095
0 0.16455078125 0.5234708392603129 0.005859375 0.05263157894736842
