0 0.92578125 0.5291607396870555 0.0068359375 0.05547652916073969
0 0.919921875 0.46372688477951635 0.0048828125 0.05263157894736842
0 0.9130859375 0.527027027027027 0.0048828125 0.051209103840682786
0 0.875 0.42532005689900426 0.0068359375 0.11522048364153627
0 0.83740234375 0.47297297297297297 0.005859375 0.10241820768136557
0 0.75830078125 0.48577524893314367 0.005859375 0.16500711237553342
0 0.7333984375 0.49288762446657186 0.0068359375 0.059743954480796585
0 0.67041015625 0.5241820768136558 0.005859375 0.1337126600284495
0 0.6455078125 0.4445234708392603 0.0068359375 0.27311522048364156
0 0.66357421875 0.43385490753911804 0.005859375 0.08108108108108109
0 0.54833984375 0.5234708392603129 0.005859375 0.049786628733997154
0 0.49609375 0.44096728307254623 0.0068359375 0.07823613086770982
0 0.498046875 0.5113798008534851 0.0087890625 0.04267425320056899
0 0.37841796875 0.4743954480796586 0.005859375 0.04551920341394026
0 0.29931640625 0.5291607396870555 0.005859375 0.10384068278805121
0 0.244140625 0.406827880512091 0.0087890625 0.1379800853485064
0 0.154296875 0.5305832147937412 0.0068359375 0.15789473684210525
0 0.14013671875 0.44594594594594594 0.0078125 0.09388335704125178
0 0.1103515625 0.39971550497866287 0.0068359375 0.10953058321479374
