0 0.69287109375 0.39829302987197723 0.005859375 0.13513513513513514
0 0.89208984375 0.492176386913229 0.005859375 0.01849217638691323
0 0.81982421875 0.44950213371266 0.0078125 0.05263157894736842
0 0.80810546875 0.457325746799431 0.005859375 0.03982930298719772
0 0.7802734375 0.47297297297297297 0.0068359375 0.04551920341394026
0 0.54443359375 0.45021337126600286 0.005859375 0.04551920341394026
0 0.46337890625 0.4423897581792319 0.005859375 0.05547652916073969
0 0.4140625 0.4267425320056899 0.0068359375 0.08961593172119488
0 0.4052734375 0.4672830725462304 0.0068359375 0.01991465149359886
0 0.345703125 0.5 0.0048828125 0.03982930298719772
0 0.32373046875 0.40753911806543386 0.005859375 0.07965860597439545
0 0.392578125 0.4011379800853485 0.0048828125 0.06401137980085349
0 0.21826171875 0.4615931721194879 0.0078125 0.2019914651493599
0 0.1240234375 0.46301564722617355 0.0615234375 0.1422475106685633
0 0.47021484375 0.5206258890469416 0.07421875 0.14935988620199148
0 0.62841796875 0.3534850640113798 0.0078125 0.5177809388335705
