0 0.8797653958944281 0.5629139072847682 0.006842619745845552 0.10993377483443709
0 0.6212121212121212 0.44370860927152317 0.007820136852394917 0.19735099337748344
0 0.7644183773216031 0.5291390728476821 0.004887585532746823 0.02119205298013245
0 0.6999022482893451 0.423841059602649 0.006842619745845552 0.059602649006622516
0 0.5772238514173998 0.4543046357615894 0.009775171065493646 0.038410596026490065
0 0.5869990224828935 0.5331125827814569 0.005865102639296188 0.03443708609271523
0 0.46725317693059626 0.4291390728476821 0.006842619745845552 0.06754966887417219
0 0.4051808406647116 0.509271523178808 0.005865102639296188 0.026490066225165563
0 0.34408602150537637 0.447682119205298 0.006842619745845552 0.054304635761589407
0 0.1441837732160313 0.45364238410596025 0.007820136852394917 0.045033112582781455
0 0.1906158357771261 0.43642384105960264 0.006842619745845552 0.0423841059602649
0 0.15640273704789834 0.423841059602649 0.004887585532746823 0.05695364238410596
