0 0.9140625 0.4388335704125178 0.0068359375 0.3015647226173542
0 0.79150390625 0.4822190611664296 0.005859375 0.12375533428165007
0 0.4580078125 0.5213371266002845 0.0048828125 0.07112375533428165
0 0.42431640625 0.4772403982930299 0.005859375 0.07112375533428165
0 0.3896484375 0.4445234708392603 0.0068359375 0.059743954480796585
0 0.2841796875 0.48862019914651494 0.0126953125 0.1251778093883357
0 0.166015625 0.4957325746799431 0.0048828125 0.02844950213371266
0 0.1083984375 0.44594594594594594 0.0068359375 0.04551920341394026
0 0.818359375 0.4487908961593172 0.0048828125 0.031294452347083924
0 0.7763671875 0.5042674253200569 0.0068359375 0.04836415362731152
