0 0.65185546875 0.49431009957325744 0.005859375 0.034139402560455195
0 0.63720703125 0.4516358463726885 0.009765625 0.14793741109530584
0 0.54443359375 0.42532005689900426 0.005859375 0.07254623044096728
0 0.52294921875 0.4793741109530583 0.005859375 0.05547652916073969
0 0.490234375 0.5007112375533428 0.0087890625 0.03556187766714083
0 0.43798828125 0.422475106685633 0.005859375 0.09246088193456614
0 0.162109375 0.4772403982930299 0.0048828125 0.04551920341394026
0 0.1044921875 0.41109530583214793 0.0068359375 0.10384068278805121
0 0.17041015625 0.45305832147937414 0.005859375 0.051209103840682786
0 0.4208984375 0.414651493598862 0.0068359375 0.5177809388335705
0 0.27734375 0.45376955903271693 0.1923828125 0.15220483641536273
0 0.36083984375 0.585348506401138 0.005859375 0.06258890469416785
0 0.380859375 0.45519203413940257 0.0068359375 0.029871977240398292
