0 0.927734375 0.49735099337748345 0.0068359375 0.11655629139072848
0 0.9345703125 0.45364238410596025 0.0068359375 0.03443708609271523
0 0.93017578125 0.5006622516556292 0.013671875 0.1576158940397351
0 0.7861328125 0.43443708609271525 0.0068359375 0.10198675496688742
0 0.74365234375 0.4423841059602649 0.009765625 0.09933774834437085
0 0.6728515625 0.48741721854304637 0.0087890625 0.14701986754966886
0 0.67626953125 0.42649006622516555 0.013671875 0.2662251655629139
0 0.6513671875 0.433112582781457 0.0087890625 0.07549668874172186
0 0.6083984375 0.39933774834437086 0.0068359375 0.06357615894039735
0 0.484375 0.3350993377483444 0.0087890625 0.33774834437086093
0 0.119140625 0.3973509933774834 0.0068359375 0.09933774834437085
