0 0.62841796875 0.4523470839260313 0.0078125 0.19203413940256045
0 0.49658203125 0.47083926031294454 0.005859375 0.049786628733997154
0 0.466796875 0.4345661450924609 0.0048828125 0.051209103840682786
0 0.45068359375 0.46088193456614507 0.005859375 0.17496443812233287
0 0.31201171875 0.5213371266002845 0.005859375 0.03698435277382646
0 0.259765625 0.5362731152204836 0.0048828125 0.08392603129445235
0 0.09912109375 0.4594594594594595 0.005859375 0.021337126600284494
0 0.48486328125 0.5732574679943101 0.005859375 0.10668563300142248
0 0.419921875 0.5064011379800853 0.0048828125 0.029871977240398292
0 0.3828125 0.5398293029871978 0.0068359375 0.051209103840682786
0 0.32470703125 0.457325746799431 0.06640625 0.12233285917496443
