0 0.90185546875 0.4602649006622517 0.005859375 0.015894039735099338
0 0.86083984375 0.49801324503311256 0.0078125 0.04900662251655629
0 0.78125 0.4291390728476821 0.0048828125 0.05695364238410596
0 0.75 0.49403973509933774 0.0048828125 0.011920529801324504
0 0.69287109375 0.47019867549668876 0.00390625 0.033112582781456956
0 0.64990234375 0.5304635761589404 0.005859375 0.031788079470198675
0 0.5400390625 0.46622516556291393 0.0068359375 0.03576158940397351
0 0.53173828125 0.5390728476821192 0.005859375 0.06754966887417219
0 0.51171875 0.4105960264900662 0.0068359375 0.22913907284768212
0 0.45458984375 0.4609271523178808 0.009765625 0.295364238410596
0 0.423828125 0.42317880794701984 0.0107421875 0.06622516556291391
0 0.40966796875 0.49205298013245036 0.005859375 0.03708609271523179
0 0.33544921875 0.4337748344370861 0.005859375 0.03708609271523179
0 0.37353515625 0.4688741721854305 0.00390625 0.01456953642384106
0 0.26220703125 0.5165562913907285 0.005859375 0.038410596026490065
0 0.14599609375 0.4456953642384106 0.0078125 0.19602649006622516
0 0.201171875 0.41258278145695365 0.0048828125 0.010596026490066225
0 0.115234375 0.4602649006622517 0.0068359375 0.0423841059602649
