0 0.83935546875 0.45376955903271693 0.005859375 0.04694167852062589
0 0.8095703125 0.5042674253200569 0.0048828125 0.03982930298719772
0 0.7705078125 0.4992887624466572 0.0068359375 0.03556187766714083
0 0.76123046875 0.43812233285917496 0.00390625 0.03556187766714083
0 0.74658203125 0.45519203413940257 0.005859375 0.044096728307254626
0 0.5498046875 0.3627311522048364 0.0087890625 0.5362731152204836
0 0.291015625 0.39544807965860596 0.0048828125 0.10384068278805121
0 0.27783203125 0.4601706970128023 0.005859375 0.07396870554765292
0 0.220703125 0.39971550497866287 0.0068359375 0.14935988620199148
0 0.17626953125 0.4516358463726885 0.005859375 0.03698435277382646
0 0.126953125 0.5014224751066856 0.0048828125 0.034139402560455195
0 0.1171875 0.5341394025604552 0.0146484375 0.10241820768136557
0 0.57177734375 0.4395448079658606 0.005859375 0.01849217638691323
