0 0.8955078125 0.5106685633001422 0.0068359375 0.03556187766714083
0 0.74169921875 0.44523470839260315 0.005859375 0.02702702702702703
0 0.65478515625 0.4295874822190612 0.005859375 0.08392603129445235
0 0.54833984375 0.4523470839260313 0.00390625 0.01849217638691323
0 0.36669921875 0.4871977240398293 0.005859375 0.05405405405405406
0 0.310546875 0.4238975817923186 0.0068359375 0.032716927453769556
0 0.1240234375 0.4516358463726885 0.0048828125 0.01991465149359886
0 0.11865234375 0.45874822190611664 0.005859375 0.02275960170697013
0 0.11767578125 0.5028449502133713 0.005859375 0.034139402560455195
0 0.654296875 0.5042674253200569 0.0068359375 0.02275960170697013
