0 0.9052734375 0.5125827814569537 0.0068359375 0.059602649006622516
0 0.88916015625 0.5198675496688742 0.005859375 0.07152317880794702
0 0.80615234375 0.3615894039735099 0.0078125 0.19735099337748344
0 0.51708984375 0.5152317880794702 0.005859375 0.06754966887417219
0 0.3505859375 0.4370860927152318 0.0068359375 0.07019867549668875
0 0.47607421875 0.4410596026490066 0.005859375 0.04370860927152318
0 0.2060546875 0.4251655629139073 0.0068359375 0.06490066225165562
0 0.16162109375 0.4152317880794702 0.0078125 0.11390728476821192
0 0.1845703125 0.5298013245033113 0.0068359375 0.06225165562913907
0 0.0986328125 0.4549668874172185 0.0068359375 0.03443708609271523
0 0.77880859375 0.4059602649006622 0.05078125 0.06887417218543046
0 0.78271484375 0.5086092715231788 0.048828125 0.054304635761589407
0 0.33251953125 0.3841059602649007 0.015625 0.046357615894039736
