0 0.9046920821114369 0.5185430463576159 0.005865102639296188 0.045033112582781455
0 0.895405669599218 0.42649006622516555 0.006842619745845552 0.054304635761589407
0 0.8870967741935484 0.44966887417218543 0.005865102639296188 0.015894039735099338
0 0.8347996089931574 0.41589403973509936 0.004887585532746823 0.05695364238410596
0 0.8172043010752689 0.4456953642384106 0.006842619745845552 0.060927152317880796
0 0.7820136852394917 0.44370860927152317 0.006842619745845552 0.06490066225165562
0 0.7776148582600195 0.5052980132450331 0.007820136852394917 0.0423841059602649
0 0.7580645161290323 0.45761589403973507 0.005865102639296188 0.03708609271523179
0 0.7331378299120235 0.44966887417218543 0.004887585532746823 0.03708609271523179
0 0.7111436950146628 0.5337748344370861 0.007820136852394917 0.09933774834437085
0 0.7023460410557185 0.30596026490066225 0.007820136852394917 0.31390728476821195
0 0.5962854349951124 0.4384105960264901 0.006842619745845552 0.054304635761589407
0 0.5664711632453568 0.5033112582781457 0.005865102639296188 0.04105960264900662
0 0.5219941348973607 0.5397350993377483 0.010752688172043012 0.11125827814569536
0 0.5224828934506354 0.48874172185430464 0.015640273704789834 0.21589403973509932
0 0.5024437927663734 0.4728476821192053 0.008797653958944282 0.03576158940397351
0 0.46480938416422285 0.49933774834437084 0.005865102639296188 0.033112582781456956
0 0.4252199413489736 0.5304635761589404 0.006842619745845552 0.026490066225165563
0 0.4046920821114369 0.44834437086092715 0.008797653958944282 0.015894039735099338
0 0.34457478005865105 0.4251655629139073 0.005865102639296188 0.04105960264900662
0 0.24926686217008798 0.5205298013245033 0.006842619745845552 0.054304635761589407
0 0.1959921798631476 0.38675496688741723 0.005865102639296188 0.03576158940397351
0 0.843992924638086 0.4848628192999054 0.009309686729041563 0.17029328287606432
0 0.7639296187683284 0.4703563544623147 0.009309686729041563 0.05802585935036264
