0 0.88232421875 0.3691322901849218 0.0078125 0.2930298719772404
0 0.81982421875 0.5170697012802276 0.005859375 0.05689900426742532
0 0.74072265625 0.5234708392603129 0.005859375 0.04694167852062589
0 0.73779296875 0.4345661450924609 0.005859375 0.025604551920341393
0 0.673828125 0.4800853485064011 0.0048828125 0.034139402560455195
0 0.63916015625 0.5071123755334281 0.0078125 0.08819345661450925
0 0.6044921875 0.515647226173542 0.0068359375 0.05689900426742532
0 0.53564453125 0.4594594594594595 0.0078125 0.07254623044096728
0 0.16259765625 0.5128022759601707 0.005859375 0.05405405405405406
0 0.146484375 0.5021337126600285 0.0068359375 0.03556187766714083
0 0.22119140625 0.45519203413940257 0.005859375 0.07254623044096728
0 0.47900390625 0.4438122332859175 0.005859375 0.049786628733997154
0 0.48974609375 0.4544807965860597 0.005859375 0.03698435277382646
0 0.3212890625 0.55049786628734 0.0361328125 0.10384068278805121
