0 0.8567937438905181 0.4589403973509934 0.005865102639296188 0.03443708609271523
0 0.8005865102639296 0.3205298013245033 0.016617790811339198 0.247682119205298
0 0.7375366568914956 0.419205298013245 0.007820136852394917 0.16688741721854305
0 0.7272727272727273 0.46688741721854304 0.006842619745845552 0.02119205298013245
0 0.7106549364613881 0.4278145695364238 0.006842619745845552 0.033112582781456956
0 0.6647116324535679 0.3251655629139073 0.01270772238514174 0.4741721854304636
0 0.4833822091886608 0.5483443708609271 0.005865102639296188 0.0728476821192053
0 0.47702834799608995 0.3927152317880795 0.006842619745845552 0.16158940397350993
0 0.4452590420332356 0.45298013245033114 0.011730205278592375 0.04105960264900662
0 0.45161290322580644 0.5119205298013245 0.020527859237536656 0.018543046357615896
0 0.25806451612903225 0.5324503311258278 0.006842619745845552 0.09933774834437085
0 0.1852394916911046 0.5178807947019868 0.005865102639296188 0.04105960264900662
0 0.10997067448680352 0.5576158940397351 0.005865102639296188 0.07549668874172186
0 0.1705767350928641 0.4629139072847682 0.005865102639296188 0.02384105960264901
0 0.4144672531769306 0.5172185430463576 0.006842619745845552 0.03708609271523179
0 0.9354838709677419 0.4384105960264901 0.004887585532746823 0.04105960264900662
