0 0.9050409226190477 0.4754020813623462 0.009300595238095233 0.10596026490066225
0 0.80615234375 0.3615894039735099 0.0078125 0.19735099337748344
0 0.5166015625 0.5198675496688742 0.0068359375 0.07682119205298013
0 0.47607421875 0.4377483443708609 0.005859375 0.05562913907284768
0 0.3505859375 0.428476821192053 0.0068359375 0.09006622516556291
0 0.2060546875 0.43178807947019865 0.0068359375 0.0913907284768212
0 0.162109375 0.3933774834437086 0.0068359375 0.16026490066225166
0 0.09912109375 0.45298013245033114 0.005859375 0.03576158940397351
0 0.3837890625 0.42582781456953644 0.0048828125 0.03443708609271523
0 0.220703125 0.5211920529801325 0.0048828125 0.031788079470198675
0 0.2578125 0.5245033112582781 0.0048828125 0.022516556291390728
0 0.7451171875 0.4562913907284768 0.0068359375 0.026490066225165563
0 0.77783203125 0.4066225165562914 0.05078125 0.07019867549668875
0 0.76611328125 0.5046357615894039 0.08203125 0.04370860927152318
0 0.330078125 0.3973509933774834 0.0224609375 0.0728476821192053
