0 0.8505859375 0.457325746799431 0.0068359375 0.06543385490753911
0 0.82275390625 0.4523470839260313 0.005859375 0.15220483641536273
0 0.755859375 0.44950213371266 0.0087890625 0.07539118065433854
0 0.73779296875 0.5263157894736842 0.005859375 0.049786628733997154
0 0.693359375 0.5042674253200569 0.0048828125 0.02844950213371266
0 0.47900390625 0.4523470839260313 0.005859375 0.02702702702702703
0 0.4599609375 0.5099573257467994 0.0048828125 0.02844950213371266
0 0.361328125 0.5497866287339972 0.0048828125 0.03982930298719772
0 0.26611328125 0.4267425320056899 0.00390625 0.00995732574679943
0 0.1865234375 0.46870554765291605 0.0048828125 0.011379800853485065
