0 0.89501953125 0.4665718349928876 0.005859375 0.05263157894736842
0 0.83642578125 0.4601706970128023 0.005859375 0.017069701280227598
0 0.8154296875 0.46870554765291605 0.0048828125 0.01991465149359886
0 0.701171875 0.48150782361308675 0.0087890625 0.09388335704125178
0 0.5146484375 0.5085348506401138 0.0068359375 0.09103840682788052
0 0.3857421875 0.4672830725462304 0.0068359375 0.12802275960170698
0 0.42138671875 0.40042674253200566 0.0078125 0.04836415362731152
0 0.4736328125 0.5035561877667141 0.0048828125 0.021337126600284494
0 0.4501953125 0.5014224751066856 0.0048828125 0.04836415362731152
0 0.34228515625 0.4615931721194879 0.005859375 0.017069701280227598
0 0.275390625 0.46372688477951635 0.0048828125 0.02418207681365576
0 0.23486328125 0.5184921763869133 0.005859375 0.07112375533428165
0 0.3115234375 0.457325746799431 0.0048828125 0.02844950213371266
0 0.19775390625 0.4601706970128023 0.005859375 0.01422475106685633
0 0.16552734375 0.49786628733997157 0.005859375 0.07539118065433854
0 0.1103515625 0.4822190611664296 0.0048828125 0.015647226173541962
