0 0.9052734375 0.5072847682119205 0.0068359375 0.051655629139072845
0 0.806640625 0.3615894039735099 0.0068359375 0.19735099337748344
0 0.5166015625 0.5218543046357615 0.0048828125 0.0781456953642384
0 0.4931640625 0.5549668874172186 0.0068359375 0.14701986754966886
0 0.4765625 0.43973509933774835 0.0068359375 0.05695364238410596
0 0.3505859375 0.43509933774834436 0.0068359375 0.07417218543046358
0 0.20654296875 0.4251655629139073 0.005859375 0.059602649006622516
0 0.16064453125 0.42582781456953644 0.0078125 0.09801324503311258
0 0.38330078125 0.428476821192053 0.005859375 0.0423841059602649
0 0.09814453125 0.45165562913907287 0.005859375 0.03576158940397351
0 0.9052734375 0.447682119205298 0.0068359375 0.046357615894039736
0 0.8896484375 0.519205298013245 0.0068359375 0.06490066225165562
0 0.76953125 0.5052980132450331 0.0751953125 0.0423841059602649
0 0.7783203125 0.4066225165562914 0.0517578125 0.07019867549668875
0 0.33251953125 0.3980132450331126 0.017578125 0.07152317880794702
