0 0.8310546875 0.43741109530583216 0.0068359375 0.06827880512091039
0 0.736328125 0.49786628733997157 0.0048828125 0.10668563300142248
0 0.72216796875 0.42034139402560455 0.005859375 0.03982930298719772
0 0.4892578125 0.457325746799431 0.0068359375 0.08534850640113797
0 0.3701171875 0.4672830725462304 0.0068359375 0.10810810810810811
0 0.21923828125 0.5170697012802276 0.0078125 0.09672830725462304
0 0.24609375 0.3741109530583215 0.0068359375 0.05263157894736842
0 0.12646484375 0.5284495021337127 0.005859375 0.05405405405405406
0 0.35302734375 0.4800853485064011 0.009765625 0.11095305832147938
0 0.6581512721238938 0.5100706202243231 0.009506360619468968 0.10196502977127102
0 0.20530282079646023 0.4383174511260213 0.006049502212389424 0.0440589634814134
0 0.2584520188053098 0.4817470008434145 0.005185287610619427 0.03776482584121143
0 0.6015625 0.5177809388335705 0.0048828125 0.06116642958748222
0 0.56787109375 0.42460881934566147 0.00390625 0.03982930298719772
0 0.583984375 0.49857752489331436 0.0048828125 0.031294452347083924
