0 0.90966796875 0.42105263157894735 0.005859375 0.02418207681365576
0 0.8154296875 0.46301564722617355 0.0048828125 0.01991465149359886
0 0.73046875 0.47652916073968704 0.0087890625 0.041251778093883355
0 0.66552734375 0.4516358463726885 0.005859375 0.01991465149359886
0 0.61767578125 0.45305832147937414 0.005859375 0.04267425320056899
0 0.6171875 0.5007112375533428 0.0048828125 0.03840682788051209
0 0.29052734375 0.42034139402560455 0.00390625 0.09957325746799431
0 0.2841796875 0.5369843527738265 0.0048828125 0.10241820768136557
0 0.23193359375 0.4957325746799431 0.00390625 0.02844950213371266
0 0.24030351216814166 0.47671169073125297 0.005185287610619427 0.07049434157026148
0 0.4490113384955753 0.4773411044952731 0.009506360619468968 0.02391772303276722
