0 0.560546875 0.45092460881934565 0.0068359375 0.112375533428165
0 0.5419921875 0.5064011379800853 0.0068359375 0.04694167852062589
0 0.77978515625 0.5014224751066856 0.005859375 0.09957325746799431
0 0.4482421875 0.542674253200569 0.0068359375 0.09957325746799431
0 0.41552734375 0.47297297297297297 0.009765625 0.25604551920341395
0 0.25732421875 0.519203413940256 0.005859375 0.07254623044096728
0 0.2412109375 0.4701280227596017 0.0068359375 0.06543385490753911
0 0.35693359375 0.4423897581792319 0.005859375 0.04694167852062589
0 0.14013671875 0.41251778093883357 0.046875 0.16358463726884778
0 0.7627212389380531 0.48489406966351534 0.007777931415929196 0.16742406122937095
