0 0.843992924638086 0.4754020813623463 0.007447749383233228 0.18164616840113532
0 0.7834799608993157 0.4709870703248186 0.007447749383233228 0.14001892147587505
0 0.7764976958525346 0.47792494481236203 0.008378718056137395 0.1311888994008199
0 0.761602197086068 0.4678334910122989 0.012102592747753953 0.0832544938505203
0 0.7117953730856957 0.4798170923998738 0.009309686729041563 0.2030905077262693
0 0.5186193734580832 0.48297067171239355 0.012102592747754064 0.16146326080100917
0 0.8949169110459433 0.42649006622516555 0.005865102639296188 0.054304635761589407
0 0.8875855327468231 0.4509933774834437 0.006842619745845552 0.018543046357615896
0 0.9042033235581622 0.5198675496688742 0.006842619745845552 0.04768211920529802
0 0.8172043010752689 0.4470198675496689 0.006842619745845552 0.05827814569536424
0 0.8352883675464321 0.4165562913907285 0.005865102639296188 0.060927152317880796
0 0.7331378299120235 0.4463576158940397 0.006842619745845552 0.033112582781456956
0 0.7174975562072337 0.4602649006622517 0.006842619745845552 0.02913907284768212
0 0.5967741935483871 0.4390728476821192 0.007820136852394917 0.05562913907284768
0 0.5654936461388075 0.4794701986754967 0.009775171065493646 0.10463576158940398
0 0.5024437927663734 0.47086092715231787 0.006842619745845552 0.04768211920529802
0 0.4252199413489736 0.5278145695364238 0.006842619745845552 0.039735099337748346
0 0.4046920821114369 0.44834437086092715 0.008797653958944282 0.015894039735099338
0 0.2487781036168133 0.5205298013245033 0.007820136852394917 0.0781456953642384
0 0.1959921798631476 0.3920529801324503 0.005865102639296188 0.05695364238410596
0 0.34457478005865105 0.43112582781456954 0.005865102639296188 0.02384105960264901
0 0.3675464320625611 0.5 0.006842619745845552 0.031788079470198675
0 0.46432062561094817 0.4986754966887417 0.006842619745845552 0.03443708609271523
0 0.7023460410557185 0.32847682119205296 0.007820136852394917 0.2980132450331126
0 0.24910394265232974 0.5018921475875118 0.009309686729041563 0.17155471460107222
