0 0.919921875 0.43509933774834436 0.0068359375 0.07152317880794702
0 0.7763671875 0.45298013245033114 0.0068359375 0.030463576158940398
0 0.5849609375 0.4099337748344371 0.0068359375 0.018543046357615896
0 0.5771484375 0.4543046357615894 0.0107421875 0.10198675496688742
0 0.556640625 0.3483443708609272 0.0068359375 0.17086092715231788
0 0.50146484375 0.3172185430463576 0.013671875 0.27019867549668874
0 0.388671875 0.4774834437086093 0.0068359375 0.05827814569536424
0 0.37353515625 0.5019867549668874 0.005859375 0.0913907284768212
0 0.2919921875 0.423841059602649 0.0068359375 0.025165562913907286
0 0.22119140625 0.428476821192053 0.005859375 0.0423841059602649
0 0.18994140625 0.46225165562913906 0.009765625 0.36688741721854307
0 0.1279296875 0.3509933774834437 0.0068359375 0.08344370860927153
