0 0.9111328125 0.5066225165562914 0.0068359375 0.0423841059602649
0 0.55029296875 0.32980132450331123 0.009765625 0.4304635761589404
0 0.25732421875 0.5231788079470199 0.0078125 0.08079470198675497
0 0.220703125 0.42582781456953644 0.0087890625 0.09801324503311258
0 0.2919921875 0.43178807947019865 0.0068359375 0.08874172185430464
0 0.31689453125 0.5225165562913907 0.0078125 0.07947019867549669
0 0.57275390625 0.44437086092715233 0.0078125 0.02384105960264901
0 0.6943359375 0.49933774834437084 0.0068359375 0.02781456953642384
0 0.13330078125 0.5165562913907285 0.005859375 0.06490066225165562
0 0.19580078125 0.5152317880794702 0.0078125 0.06225165562913907
0 0.17626953125 0.4509933774834437 0.005859375 0.0423841059602649
0 0.26318359375 0.46556291390728477 0.025390625 0.015894039735099338
