0 0.91064453125 0.484352773826458 0.009765625 0.11095305832147938
0 0.89404296875 0.4566145092460882 0.005859375 0.032716927453769556
0 0.9243293694690264 0.47671169073125297 0.006049502212389313 0.13595337302836133
0 0.7490234375 0.527027027027027 0.0068359375 0.10810810810810811
0 0.6845703125 0.5120910384068279 0.0087890625 0.11806543385490754
0 0.6259765625 0.4722617354196302 0.0107421875 0.10668563300142248
0 0.5732421875 0.422475106685633 0.0068359375 0.03556187766714083
0 0.47607421875 0.40753911806543386 0.015625 0.36415362731152207
0 0.404296875 0.4395448079658606 0.0068359375 0.06401137980085349
0 0.3916015625 0.40042674253200566 0.0048828125 0.05405405405405406
0 0.3359375 0.5469416785206259 0.0068359375 0.13086770981507823
0 0.3271484375 0.5533428165007113 0.0087890625 0.12375533428165007
0 0.30712890625 0.5078236130867709 0.005859375 0.10099573257467995
0 0.27099609375 0.5 0.01171875 0.04267425320056899
0 0.2021484375 0.47083926031294454 0.0068359375 0.05832147937411095
