0 0.91162109375 0.5059602649006623 0.005859375 0.04370860927152318
0 0.5732421875 0.447682119205298 0.0068359375 0.030463576158940398
0 0.5498046875 0.4562913907284768 0.0087890625 0.2304635761589404
0 0.49853515625 0.5450331125827814 0.005859375 0.07947019867549669
0 0.31689453125 0.5105960264900662 0.005859375 0.052980132450331126
0 0.220703125 0.42649006622516555 0.0087890625 0.1337748344370861
0 0.1767578125 0.44966887417218543 0.0068359375 0.045033112582781455
0 0.2109375 0.452317880794702 0.0068359375 0.03443708609271523
0 0.13330078125 0.5211920529801325 0.005859375 0.07947019867549669
0 0.65185546875 0.5033112582781457 0.005859375 0.038410596026490065
0 0.2666015625 0.46688741721854304 0.0224609375 0.018543046357615896
0 0.19482421875 0.5066225165562914 0.005859375 0.026490066225165563
0 0.279296875 0.4370860927152318 0.0048828125 0.022516556291390728
