0 0.07575757575757576 0.4463576158940397 0.007820136852394917 0.046357615894039736
0 0.10312805474095797 0.4556291390728477 0.007820136852394917 0.04105960264900662
0 0.0967741935483871 0.519205298013245 0.004887585532746823 0.04105960264900662
0 0.1217008797653959 0.4562913907284768 0.005865102639296188 0.03443708609271523
0 0.14516129032258066 0.4741721854304636 0.007820136852394917 0.059602649006622516
0 0.3592375366568915 0.5503311258278145 0.005865102639296188 0.08741721854304636
0 0.3763440860215054 0.4596026490066225 0.006842619745845552 0.03576158940397351
0 0.49364613880742914 0.5185430463576159 0.006842619745845552 0.07417218543046358
0 0.7781036168132942 0.5019867549668874 0.006842619745845552 0.038410596026490065
0 0.8988269794721407 0.44900662251655626 0.007820136852394917 0.038410596026490065
0 0.7658846529814272 0.519205298013245 0.007820136852394917 0.07019867549668875
0 0.7678396871945259 0.4549668874172185 0.005865102639296188 0.02913907284768212
0 0.3333333333333333 0.5344370860927152 0.059628543499511244 0.10331125827814569
