0 0.1241446725317693 0.4066225165562914 0.006842619745845552 0.1390728476821192
0 0.25317693059628543 0.519205298013245 0.004887585532746823 0.0728476821192053
0 0.2238514173998045 0.5132450331125827 0.008797653958944282 0.060927152317880796
0 0.39345063538611924 0.47086092715231787 0.009775171065493646 0.13509933774834437
0 0.34310850439882695 0.44966887417218543 0.006842619745845552 0.05033112582781457
0 0.36314760508308896 0.5331125827814569 0.007820136852394917 0.05562913907284768
0 0.5669599217986315 0.3483443708609272 0.008797653958944282 0.20264900662251656
0 0.6280547409579668 0.46225165562913906 0.009775171065493646 0.17086092715231788
0 0.6720430107526881 0.5450331125827814 0.007820136852394917 0.08211920529801324
0 0.7585532746823069 0.509271523178808 0.008797653958944282 0.045033112582781455
0 0.7844574780058651 0.4 0.021505376344086023 0.06490066225165562
0 0.47458455522971654 0.4370860927152318 0.005865102639296188 0.038410596026490065
0 0.5488758553274682 0.48738568274992117 0.009309686729041563 0.06685588142541778
