0 0.1748046875 0.5149359886201992 0.0068359375 0.06116642958748222
0 0.16455078125 0.47155049786628733 0.009765625 0.13655761024182078
0 0.22509765625 0.44594594594594594 0.005859375 0.05689900426742532
0 0.30126953125 0.5007112375533428 0.005859375 0.03556187766714083
0 0.36376953125 0.4566145092460882 0.005859375 0.041251778093883355
0 0.6298828125 0.48364153627311524 0.0068359375 0.10668563300142248
0 0.66943359375 0.4907539118065434 0.009765625 0.09815078236130868
0 0.685546875 0.5163584637268848 0.0068359375 0.07539118065433854
0 0.75390625 0.4822190611664296 0.0068359375 0.08108108108108109
0 0.78125 0.48577524893314367 0.0068359375 0.1934566145092461
0 0.7958984375 0.4786628733997155 0.0087890625 0.07965860597439545
0 0.8330078125 0.5561877667140825 0.0068359375 0.14082503556187767
0 0.43505859375 0.5142247510668563 0.005859375 0.06543385490753911
0 0.3505859375 0.5213371266002845 0.0048828125 0.07396870554765292
0 0.28271484375 0.5021337126600285 0.00390625 0.021337126600284494
0 0.54541015625 0.4359886201991465 0.00390625 0.04551920341394026
0 0.6044921875 0.42816500711237554 0.0048828125 0.032716927453769556
0 0.6875 0.44594594594594594 0.0068359375 0.03698435277382646
