0 0.2262952101661779 0.45695364238410596 0.005865102639296188 0.03576158940397351
0 0.3142717497556207 0.49735099337748345 0.009775171065493646 0.10596026490066225
0 0.29423264907135877 0.509271523178808 0.004887585532746823 0.04768211920529802
0 0.2937438905180841 0.4390728476821192 0.005865102639296188 0.06887417218543046
0 0.4203323558162268 0.45364238410596025 0.006842619745845552 0.03443708609271523
0 0.5210166177908113 0.46622516556291393 0.010752688172043012 0.12582781456953643
0 0.6070381231671554 0.5410596026490067 0.006842619745845552 0.07947019867549669
0 0.6632453567937439 0.5708609271523178 0.005865102639296188 0.0781456953642384
0 0.6715542521994134 0.5701986754966888 0.008797653958944282 0.12980132450331125
0 0.7160312805474096 0.5602649006622517 0.005865102639296188 0.051655629139072845
0 0.7487781036168133 0.5178807947019868 0.006842619745845552 0.07019867549668875
0 0.5953079178885631 0.4417218543046358 0.006842619745845552 0.05827814569536424
