0 0.4501953125 0.3790896159317212 0.0068359375 0.3584637268847795
0 0.50341796875 0.519203413940256 0.005859375 0.05832147937411095
0 0.779296875 0.35704125177809387 0.0087890625 0.35988620199146515
0 0.82275390625 0.4516358463726885 0.005859375 0.04551920341394026
0 0.70849609375 0.41109530583214793 0.005859375 0.07823613086770982
0 0.1572265625 0.5035561877667141 0.0048828125 0.041251778093883355
0 0.2529296875 0.49857752489331436 0.0048828125 0.03698435277382646
0 0.42822265625 0.43812233285917496 0.005859375 0.02418207681365576
0 0.734375 0.46586059743954483 0.0244140625 0.01991465149359886
0 0.78955078125 0.4366998577524893 0.005859375 0.02418207681365576
