0 0.10302734375 0.41109530583214793 0.005859375 0.03840682788051209
0 0.10595703125 0.5064011379800853 0.0078125 0.00995732574679943
0 0.17626953125 0.5263157894736842 0.005859375 0.041251778093883355
0 0.18798828125 0.5398293029871978 0.005859375 0.059743954480796585
0 0.35302734375 0.5248933143669986 0.005859375 0.02702702702702703
0 0.25830078125 0.4615931721194879 0.0078125 0.02844950213371266
0 0.2861328125 0.5014224751066856 0.0068359375 0.03698435277382646
0 0.29541015625 0.4260312944523471 0.0078125 0.04267425320056899
0 0.45068359375 0.4523470839260313 0.005859375 0.03556187766714083
0 0.63330078125 0.4665718349928876 0.0078125 0.07823613086770982
0 0.81298828125 0.5519203413940256 0.005859375 0.06116642958748222
0 0.88330078125 0.5170697012802276 0.005859375 0.06827880512091039
0 0.6888308904867256 0.4930764485957779 0.00691371681415931 0.09567089213106912
0 0.35302734375 0.534850640113798 0.005859375 0.06970128022759602
