0 0.3173828125 0.4366998577524893 0.0048828125 0.06970128022759602
0 0.3701171875 0.48933143669985774 0.0048828125 0.049786628733997154
0 0.44189453125 0.414651493598862 0.005859375 0.04551920341394026
0 0.47119140625 0.46586059743954483 0.005859375 0.031294452347083924
0 0.48779296875 0.492176386913229 0.005859375 0.05547652916073969
0 0.54833984375 0.49359886201991465 0.005859375 0.02702702702702703
0 0.5888671875 0.41963015647226176 0.0048828125 0.02702702702702703
0 0.89306640625 0.441678520625889 0.005859375 0.04836415362731152
0 0.11279296875 0.5085348506401138 0.005859375 0.02275960170697013
0 0.14990234375 0.4950213371266003 0.005859375 0.041251778093883355
