0 0.3069403714565005 0.3920529801324503 0.006842619745845552 0.11258278145695365
0 0.29472140762463345 0.4423841059602649 0.005865102639296188 0.06754966887417219
0 0.3812316715542522 0.4390728476821192 0.006842619745845552 0.07947019867549669
0 0.49902248289345064 0.49072847682119203 0.007820136852394917 0.08211920529801324
0 0.5518084066471163 0.452317880794702 0.007820136852394917 0.12185430463576159
0 0.5327468230694037 0.4205298013245033 0.006842619745845552 0.06622516556291391
0 0.7116324535679375 0.5370860927152318 0.010752688172043012 0.10860927152317881
0 0.7668621700879765 0.5026490066225165 0.005865102639296188 0.039735099337748346
0 0.6974584555229717 0.4370860927152318 0.005865102639296188 0.038410596026490065
0 0.7468230694037146 0.5112582781456954 0.004887585532746823 0.033112582781456956
0 0.7595307917888563 0.48874172185430464 0.004887585532746823 0.011920529801324504
0 0.8108504398826979 0.45165562913907287 0.007820136852394917 0.04900662251655629
0 0.8118279569892473 0.4966887417218543 0.005865102639296188 0.019867549668874173
0 0.8870967741935484 0.4370860927152318 0.013685239491691105 0.0728476821192053
0 0.8880742913000977 0.4960264900662252 0.015640273704789834 0.026490066225165563
