0 0.0771484375 0.5042674253200569 0.0048828125 0.03982930298719772
0 0.08935546875 0.5078236130867709 0.005859375 0.041251778093883355
0 0.10107421875 0.4317211948790896 0.0078125 0.10241820768136557
0 0.1435546875 0.4594594594594595 0.0048828125 0.02418207681365576
0 0.1865234375 0.4957325746799431 0.0068359375 0.12233285917496443
0 0.19140625 0.4359886201991465 0.0068359375 0.04551920341394026
0 0.25390625 0.4800853485064011 0.0126953125 0.09672830725462304
0 0.28857421875 0.45376955903271693 0.0078125 0.11806543385490754
0 0.31494140625 0.4871977240398293 0.0078125 0.059743954480796585
0 0.33544921875 0.4174964438122333 0.005859375 0.11095305832147938
0 0.3779296875 0.5256045519203414 0.0068359375 0.04267425320056899
0 0.4599609375 0.5995732574679943 0.0068359375 0.12233285917496443
0 0.4423828125 0.5135135135135135 0.0068359375 0.05547652916073969
0 0.44287109375 0.4310099573257468 0.005859375 0.03840682788051209
0 0.54541015625 0.42816500711237554 0.005859375 0.08677098150782361
0 0.60791015625 0.4011379800853485 0.0078125 0.1891891891891892
0 0.67236328125 0.5654338549075392 0.005859375 0.08250355618776671
0 0.7314453125 0.5042674253200569 0.0068359375 0.03698435277382646
0 0.74462890625 0.4523470839260313 0.005859375 0.08108108108108109
0 0.779296875 0.48364153627311524 0.0048828125 0.02418207681365576
0 0.818359375 0.5320056899004267 0.0048828125 0.03840682788051209
0 0.8818359375 0.4438122332859175 0.0068359375 0.01849217638691323
