0 0.08154296875 0.4480796586059744 0.005859375 0.032716927453769556
0 0.15283203125 0.44594594594594594 0.005859375 0.059743954480796585
0 0.2646484375 0.5170697012802276 0.0048828125 0.06543385490753911
0 0.28515625 0.44310099573257467 0.0048828125 0.034139402560455195
0 0.4384765625 0.4395448079658606 0.0087890625 0.06116642958748222
0 0.39892578125 0.4352773826458037 0.005859375 0.08108108108108109
0 0.5869140625 0.4310099573257468 0.0048828125 0.041251778093883355
0 0.59619140625 0.4395448079658606 0.00390625 0.032716927453769556
0 0.61083984375 0.42816500711237554 0.00390625 0.032716927453769556
0 0.62060546875 0.465149359886202 0.005859375 0.041251778093883355
0 0.6474609375 0.45305832147937414 0.0048828125 0.04267425320056899
0 0.66943359375 0.5184921763869133 0.0078125 0.07396870554765292
0 0.80224609375 0.4601706970128023 0.0078125 0.03698435277382646
0 0.302734375 0.4445234708392603 0.0107421875 0.08250355618776671
