0 0.1494140625 0.457325746799431 0.0068359375 0.06543385490753911
0 0.17724609375 0.4523470839260313 0.005859375 0.15220483641536273
0 0.244140625 0.44950213371266 0.0087890625 0.07539118065433854
0 0.26220703125 0.5263157894736842 0.005859375 0.049786628733997154
0 0.306640625 0.5042674253200569 0.0048828125 0.02844950213371266
0 0.52099609375 0.4523470839260313 0.005859375 0.02702702702702703
0 0.5400390625 0.5099573257467994 0.0048828125 0.02844950213371266
0 0.638671875 0.5497866287339972 0.0048828125 0.03982930298719772
0 0.73388671875 0.4267425320056899 0.00390625 0.00995732574679943
0 0.8134765625 0.46870554765291605 0.0048828125 0.011379800853485065
