0 0.11328125 0.4566145092460882 0.0068359375 0.03840682788051209
0 0.099609375 0.5561877667140825 0.0048828125 0.05832147937411095
0 0.111328125 0.5291607396870555 0.0087890625 0.08392603129445235
0 0.15625 0.5078236130867709 0.0068359375 0.04694167852062589
0 0.20849609375 0.457325746799431 0.005859375 0.04267425320056899
0 0.49365234375 0.4466571834992888 0.005859375 0.05547652916073969
0 0.60595703125 0.48364153627311524 0.005859375 0.03556187766714083
0 0.62109375 0.5021337126600285 0.0068359375 0.08961593172119488
0 0.65869140625 0.5320056899004267 0.005859375 0.044096728307254626
0 0.19677734375 0.3911806543385491 0.0078125 0.03556187766714083
0 0.2177734375 0.39971550497866287 0.0322265625 0.049786628733997154
0 0.2294921875 0.5113798008534851 0.0654296875 0.051209103840682786
0 0.67236328125 0.39260312944523473 0.0234375 0.06685633001422475
