0 0.19482421875 0.5384068278805121 0.005859375 0.08819345661450925
0 0.44482421875 0.4594594594594595 0.005859375 0.08392603129445235
0 0.39892578125 0.5263157894736842 0.005859375 0.049786628733997154
0 0.50439453125 0.457325746799431 0.005859375 0.031294452347083924
0 0.53271484375 0.5483641536273115 0.005859375 0.09957325746799431
0 0.54541015625 0.48079658605974396 0.005859375 0.10384068278805121
0 0.57763671875 0.47652916073968704 0.005859375 0.049786628733997154
0 0.82861328125 0.492176386913229 0.005859375 0.08677098150782361
0 0.85986328125 0.46586059743954483 0.005859375 0.09672830725462304
0 0.6689453125 0.6493598862019915 0.0068359375 0.33001422475106684
0 0.63232421875 0.4829302987197724 0.0361328125 0.08677098150782361
