0 0.08154296875 0.40327169274537694 0.0078125 0.1763869132290185
0 0.10888671875 0.4260312944523471 0.005859375 0.09388335704125178
0 0.26611328125 0.47083926031294454 0.005859375 0.041251778093883355
0 0.35107421875 0.5440967283072546 0.005859375 0.06258890469416785
0 0.42626953125 0.4701280227596017 0.005859375 0.08250355618776671
0 0.5205078125 0.4864864864864865 0.0068359375 0.13229018492176386
0 0.6328125 0.42816500711237554 0.0068359375 0.14935988620199148
0 0.72216796875 0.47155049786628733 0.013671875 0.10526315789473684
0 0.7490234375 0.5199146514935988 0.0068359375 0.07965860597439545
0 0.7998046875 0.5483641536273115 0.0048828125 0.059743954480796585
0 0.814453125 0.41536273115220484 0.0068359375 0.12091038406827881
0 0.82861328125 0.49431009957325744 0.005859375 0.08250355618776671
0 0.87646484375 0.4601706970128023 0.005859375 0.03698435277382646
