0 0.15380859375 0.4291390728476821 0.0078125 0.14172185430463577
0 0.3369140625 0.48874172185430464 0.0068359375 0.0728476821192053
0 0.259765625 0.4423841059602649 0.0048828125 0.04370860927152318
0 0.49951171875 0.3966887417218543 0.005859375 0.06887417218543046
0 0.505859375 0.4589403973509934 0.0048828125 0.0423841059602649
0 0.697265625 0.4205298013245033 0.0068359375 0.09006622516556291
0 0.8466796875 0.4768211920529801 0.0068359375 0.0781456953642384
0 0.8955078125 0.376158940397351 0.0068359375 0.054304635761589407
0 0.4345703125 0.4390728476821192 0.0048828125 0.02913907284768212
0 0.49169921875 0.4556291390728477 0.005859375 0.03576158940397351
0 0.216796875 0.4649006622516556 0.0068359375 0.04105960264900662
0 0.712890625 0.40066225165562913 0.0126953125 0.0423841059602649
0 0.73779296875 0.4099337748344371 0.005859375 0.045033112582781455
0 0.76708984375 0.46357615894039733 0.005859375 0.04370860927152318
