0 0.45703125 0.428476821192053 0.0068359375 0.05827814569536424
0 0.64306640625 0.44437086092715233 0.0078125 0.060927152317880796
0 0.6455078125 0.49205298013245036 0.0087890625 0.02384105960264901
0 0.75634765625 0.4596026490066225 0.005859375 0.03576158940397351
0 0.73974609375 0.5132450331125827 0.005859375 0.05827814569536424
0 0.84033203125 0.5417218543046357 0.005859375 0.0781456953642384
0 0.89892578125 0.4814569536423841 0.0078125 0.02119205298013245
0 0.37353515625 0.5158940397350993 0.005859375 0.06622516556291391
0 0.55029296875 0.5225165562913907 0.005859375 0.045033112582781455
0 0.27783203125 0.4543046357615894 0.005859375 0.033112582781456956
0 0.70751953125 0.47019867549668876 0.0078125 0.011920529801324504
0 0.7275390625 0.4642384105960265 0.0107421875 0.02119205298013245
0 0.8330078125 0.46357615894039733 0.0068359375 0.01456953642384106
