0 0.109375 0.4487908961593172 0.0068359375 0.05405405405405406
0 0.3330078125 0.4900426742532006 0.0048828125 0.05405405405405406
0 0.3916015625 0.45092460881934565 0.0048828125 0.02702702702702703
0 0.44140625 0.39544807965860596 0.0048828125 0.03840682788051209
0 0.47021484375 0.5149359886201992 0.005859375 0.021337126600284494
0 0.47802734375 0.5419630156472262 0.005859375 0.06116642958748222
0 0.6005859375 0.5014224751066856 0.0068359375 0.04836415362731152
0 0.587890625 0.43314366998577525 0.0087890625 0.07112375533428165
0 0.63818359375 0.4267425320056899 0.005859375 0.06685633001422475
0 0.802734375 0.5341394025604552 0.0048828125 0.034139402560455195
0 0.87890625 0.4779516358463727 0.0537109375 0.13513513513513514
