0 0.09033203125 0.4388335704125178 0.0078125 0.04836415362731152
0 0.130859375 0.42532005689900426 0.0048828125 0.044096728307254626
0 0.14794921875 0.4274537695590327 0.005859375 0.03982930298719772
0 0.1748046875 0.4615931721194879 0.0048828125 0.017069701280227598
0 0.17626953125 0.5405405405405406 0.005859375 0.05547652916073969
0 0.15869140625 0.5362731152204836 0.00390625 0.03556187766714083
0 0.26416015625 0.40327169274537694 0.00390625 0.04551920341394026
0 0.27001953125 0.4793741109530583 0.005859375 0.041251778093883355
0 0.30810546875 0.48150782361308675 0.0078125 0.05405405405405406
0 0.3662109375 0.4274537695590327 0.0048828125 0.031294452347083924
0 0.3828125 0.5362731152204836 0.0068359375 0.11522048364153627
0 0.3828125 0.4438122332859175 0.0068359375 0.05832147937411095
0 0.37548828125 0.4992887624466572 0.01953125 0.15789473684210525
0 0.470703125 0.42816500711237554 0.0048828125 0.032716927453769556
0 0.5 0.515647226173542 0.0107421875 0.11095305832147938
0 0.505859375 0.44523470839260315 0.0048828125 0.01849217638691323
0 0.54931640625 0.4217638691322902 0.005859375 0.04267425320056899
0 0.5927734375 0.4388335704125178 0.0048828125 0.034139402560455195
0 0.5986328125 0.5135135135135135 0.0068359375 0.06116642958748222
0 0.68798828125 0.45092460881934565 0.005859375 0.049786628733997154
0 0.6884765625 0.5064011379800853 0.0068359375 0.049786628733997154
0 0.7080078125 0.4366998577524893 0.0087890625 0.07254623044096728
0 0.75830078125 0.4864864864864865 0.0078125 0.10953058321479374
0 0.83349609375 0.4594594594594595 0.005859375 0.02418207681365576
0 0.8623046875 0.4615931721194879 0.0048828125 0.02275960170697013
0 0.88720703125 0.40042674253200566 0.015625 0.051209103840682786
0 0.89990234375 0.4665718349928876 0.005859375 0.015647226173541962
0 0.47900390625 0.4850640113798009 0.00390625 0.007112375533428165
