0 0.38720703125 0.4594594594594595 0.005859375 0.05547652916073969
0 0.43115234375 0.46799431009957326 0.005859375 0.02702702702702703
0 0.45703125 0.4623044096728307 0.0068359375 0.05263157894736842
0 0.5146484375 0.5576102418207681 0.0048828125 0.06685633001422475
0 0.54833984375 0.465149359886202 0.005859375 0.10099573257467995
0 0.619140625 0.42105263157894735 0.0068359375 0.11522048364153627
0 0.46240234375 0.5248933143669986 0.00390625 0.03840682788051209
0 0.3701171875 0.6237553342816501 0.0087890625 0.2503556187766714
0 0.859375 0.38975817923186346 0.0107421875 0.23186344238975817
0 0.67822265625 0.4466571834992888 0.078125 0.0953058321479374
