0 0.14892578125 0.5163584637268848 0.005859375 0.06685633001422475
0 0.080078125 0.4751066856330014 0.0048828125 0.03556187766714083
0 0.16845703125 0.41251778093883357 0.005859375 0.03840682788051209
0 0.1748046875 0.4544807965860597 0.0048828125 0.031294452347083924
0 0.14990234375 0.457325746799431 0.005859375 0.02275960170697013
0 0.2958984375 0.527027027027027 0.0048828125 0.017069701280227598
0 0.31884765625 0.44523470839260315 0.005859375 0.05832147937411095
0 0.35302734375 0.5056899004267426 0.005859375 0.034139402560455195
0 0.345703125 0.37268847795163584 0.0068359375 0.20625889046941678
0 0.435546875 0.42034139402560455 0.0048828125 0.10810810810810811
0 0.48583984375 0.4722617354196302 0.00390625 0.00995732574679943
0 0.50634765625 0.4352773826458037 0.005859375 0.07539118065433854
0 0.63427734375 0.45803698435277385 0.005859375 0.032716927453769556
0 0.7490234375 0.44310099573257467 0.0068359375 0.01422475106685633
0 0.736328125 0.44950213371266 0.0048828125 0.05263157894736842
0 0.89599609375 0.4644381223328592 0.005859375 0.02275960170697013
0 0.13916015625 0.45376955903271693 0.005859375 0.03556187766714083
