0 0.07421875 0.5135135135135135 0.0068359375 0.04694167852062589
0 0.08056640625 0.4544807965860597 0.005859375 0.034139402560455195
0 0.22216796875 0.47581792318634425 0.0078125 0.06827880512091039
0 0.32958984375 0.5540540540540541 0.005859375 0.07396870554765292
0 0.3349609375 0.42460881934566147 0.0068359375 0.10526315789473684
0 0.35595703125 0.44096728307254623 0.0078125 0.28591749644381226
0 0.5234375 0.47083926031294454 0.0068359375 0.2147937411095306
0 0.65625 0.4907539118065434 0.0068359375 0.06685633001422475
0 0.87060546875 0.4487908961593172 0.005859375 0.05689900426742532
0 0.888671875 0.4523470839260313 0.0068359375 0.1721194879089616
