0 0.08064516129032258 0.4384105960264901 0.007820136852394917 0.2768211920529801
0 0.22434017595307917 0.5132450331125827 0.005865102639296188 0.052980132450331126
0 0.09775171065493646 0.5145695364238411 0.004887585532746823 0.060927152317880796
0 0.35581622678396874 0.4470198675496689 0.006842619745845552 0.05562913907284768
0 0.4687194525904203 0.5291390728476821 0.007820136852394917 0.09536423841059603
0 0.44281524926686217 0.44039735099337746 0.006842619745845552 0.07417218543046358
0 0.4687194525904203 0.29602649006622517 0.009775171065493646 0.33642384105960266
0 0.5997067448680352 0.43112582781456954 0.007820136852394917 0.07947019867549669
0 0.6925708699902249 0.3933774834437086 0.007820136852394917 0.10463576158940398
0 0.7101661779081134 0.5119205298013245 0.005865102639296188 0.06887417218543046
0 0.626099706744868 0.5099337748344371 0.05083088954056696 0.05695364238410596
