0 0.06689453125 0.441678520625889 0.0078125 0.06543385490753911
0 0.1767578125 0.36415362731152207 0.0068359375 0.16927453769559034
0 0.28125 0.4487908961593172 0.0068359375 0.04267425320056899
0 0.32568359375 0.46372688477951635 0.00390625 0.021337126600284494
0 0.41552734375 0.5064011379800853 0.005859375 0.041251778093883355
0 0.427734375 0.4772403982930299 0.0087890625 0.04551920341394026
0 0.4501953125 0.5220483641536273 0.0048828125 0.02418207681365576
0 0.2783203125 0.5064011379800853 0.0068359375 0.029871977240398292
0 0.53955078125 0.35704125177809387 0.0078125 0.38264580369843526
0 0.85498046875 0.5320056899004267 0.005859375 0.09246088193456614
0 0.70654296875 0.492176386913229 0.005859375 0.02418207681365576
0 0.14990234375 0.527027027027027 0.03125 0.04551920341394026
