0 0.1064453125 0.5604551920341394 0.0048828125 0.02702702702702703
0 0.12890625 0.4366998577524893 0.0068359375 0.021337126600284494
0 0.34423828125 0.41536273115220484 0.005859375 0.06401137980085349
0 0.35498046875 0.4310099573257468 0.005859375 0.1806543385490754
0 0.408203125 0.5064011379800853 0.0048828125 0.03556187766714083
0 0.54150390625 0.5028449502133713 0.01171875 0.1763869132290185
0 0.64501953125 0.46870554765291605 0.005859375 0.01422475106685633
0 0.6669921875 0.45519203413940257 0.0048828125 0.03840682788051209
0 0.73291015625 0.43243243243243246 0.005859375 0.06970128022759602
0 0.8955078125 0.43385490753911804 0.0048828125 0.015647226173541962
0 0.17591952433628322 0.38733493624038573 0.006049502212389424 0.5614370775060108
0 0.09338702986725667 0.4540527952265261 0.005185287610619468 0.03524717078513074
