0 0.0801564027370479 0.4549668874172185 0.006842619745845552 0.08211920529801324
0 0.10801564027370479 0.45165562913907287 0.005865102639296188 0.04900662251655629
0 0.1681329423264907 0.42980132450331127 0.006842619745845552 0.09271523178807947
0 0.16080156402737047 0.45165562913907287 0.005865102639296188 0.04900662251655629
0 0.28934506353861195 0.49735099337748345 0.008797653958944282 0.07417218543046358
0 0.3509286412512219 0.5278145695364238 0.006842619745845552 0.07947019867549669
0 0.520039100684262 0.5337748344370861 0.006842619745845552 0.06490066225165562
0 0.6309872922776149 0.4271523178807947 0.007820136852394917 0.09801324503311258
0 0.6422287390029325 0.5033112582781457 0.006842619745845552 0.04370860927152318
0 0.8137829912023461 0.4609271523178808 0.005865102639296188 0.11788079470198676
0 0.8274682306940372 0.423841059602649 0.007820136852394917 0.09933774834437085
0 0.855327468230694 0.519205298013245 0.006842619745845552 0.059602649006622516
0 0.8284457478005866 0.5039735099337749 0.005865102639296188 0.039735099337748346
0 0.7174975562072337 0.5072847682119205 0.007820136852394917 0.05033112582781457
0 0.7209188660801564 0.44900662251655626 0.01466275659824047 0.04768211920529802
0 0.42473118279569894 0.44834437086092715 0.006842619745845552 0.054304635761589407
0 0.21945259042033236 0.44304635761589406 0.005865102639296188 0.045033112582781455
0 0.9022482893450635 0.4629139072847682 0.006842619745845552 0.02119205298013245
