0 0.12890625 0.43741109530583216 0.0087890625 0.1678520625889047
0 0.21142578125 0.4359886201991465 0.005859375 0.025604551920341393
0 0.31298828125 0.414651493598862 0.005859375 0.03982930298719772
0 0.3837890625 0.47297297297297297 0.0048828125 0.04836415362731152
0 0.34130859375 0.492176386913229 0.005859375 0.07254623044096728
0 0.4248046875 0.48577524893314367 0.0048828125 0.034139402560455195
0 0.4619140625 0.43029871977240397 0.0048828125 0.08534850640113797
0 0.52392578125 0.3961593172119488 0.005859375 0.09957325746799431
0 0.54443359375 0.48079658605974396 0.005859375 0.049786628733997154
0 0.59033203125 0.4466571834992888 0.005859375 0.02418207681365576
0 0.60205078125 0.4388335704125178 0.005859375 0.025604551920341393
0 0.8232421875 0.3783783783783784 0.0166015625 0.15789473684210525
0 0.8681640625 0.45803698435277385 0.0087890625 0.1891891891891892
0 0.76318359375 0.4046941678520626 0.005859375 0.05689900426742532
