0 0.07861328125 0.5119205298013245 0.009765625 0.21456953642384105
0 0.181640625 0.46158940397350995 0.0068359375 0.05033112582781457
0 0.2158203125 0.48079470198675495 0.0068359375 0.054304635761589407
0 0.2568359375 0.49271523178807947 0.0068359375 0.04900662251655629
0 0.2412109375 0.42185430463576157 0.0048828125 0.05033112582781457
0 0.40283203125 0.4377483443708609 0.005859375 0.015894039735099338
0 0.41357421875 0.4867549668874172 0.005859375 0.031788079470198675
0 0.54833984375 0.5039735099337749 0.0078125 0.16688741721854305
0 0.685546875 0.4649006622516556 0.0048828125 0.022516556291390728
0 0.66162109375 0.5403973509933775 0.005859375 0.025165562913907286
