0 0.36412512218963833 0.42582781456953644 0.007820136852394917 0.09006622516556291
0 0.3870967741935484 0.4278145695364238 0.006842619745845552 0.09403973509933775
0 0.458455522971652 0.47019867549668876 0.006842619745845552 0.09403973509933775
0 0.47653958944281527 0.47218543046357614 0.007820136852394917 0.10596026490066225
0 0.5488758553274682 0.433112582781457 0.005865102639296188 0.08079470198675497
0 0.5625610948191594 0.4602649006622517 0.005865102639296188 0.02384105960264901
0 0.581622678396872 0.5152317880794702 0.006842619745845552 0.06490066225165562
0 0.6285434995112414 0.5344370860927152 0.006842619745845552 0.09801324503311258
0 0.8020527859237536 0.44900662251655626 0.007820136852394917 0.038410596026490065
0 0.8382209188660802 0.4900662251655629 0.005865102639296188 0.01456953642384106
0 0.6852394916911045 0.45298013245033114 0.09286412512218964 0.14966887417218544
