0 0.14208984375 0.3933143669985775 0.005859375 0.17069701280227595
0 0.17822265625 0.4317211948790896 0.005859375 0.03982930298719772
0 0.24267578125 0.519203413940256 0.005859375 0.04694167852062589
0 0.26611328125 0.5007112375533428 0.005859375 0.04694167852062589
0 0.3271484375 0.534850640113798 0.0048828125 0.06116642958748222
0 0.3447265625 0.5049786628733998 0.0048828125 0.03556187766714083
0 0.36083984375 0.4096728307254623 0.005859375 0.08677098150782361
0 0.4765625 0.5227596017069701 0.0068359375 0.10526315789473684
0 0.5458984375 0.44096728307254623 0.0068359375 0.041251778093883355
0 0.58984375 0.4395448079658606 0.0068359375 0.155049786628734
0 0.576171875 0.48364153627311524 0.0048828125 0.02418207681365576
0 0.65576171875 0.4864864864864865 0.005859375 0.03556187766714083
0 0.642578125 0.45519203413940257 0.0048828125 0.015647226173541962
0 0.72021484375 0.4473684210526316 0.00390625 0.03698435277382646
0 0.77783203125 0.4829302987197724 0.005859375 0.09672830725462304
0 0.87744140625 0.46799431009957326 0.009765625 0.09246088193456614
0 0.84814453125 0.4487908961593172 0.005859375 0.025604551920341393
