0 0.09912109375 0.49431009957325744 0.005859375 0.06543385490753911
0 0.31494140625 0.36770981507823614 0.0078125 0.06258890469416785
0 0.32373046875 0.4879089615931721 0.009765625 0.10953058321479374
0 0.44921875 0.48079658605974396 0.0068359375 0.05263157894736842
0 0.46435546875 0.45874822190611664 0.005859375 0.03982930298719772
0 0.46142578125 0.5149359886201992 0.0078125 0.06685633001422475
0 0.5087890625 0.4388335704125178 0.0068359375 0.06827880512091039
0 0.66357421875 0.45803698435277385 0.005859375 0.029871977240398292
0 0.822265625 0.4779516358463727 0.0146484375 0.17780938833570412
0 0.8701171875 0.38762446657183497 0.0107421875 0.5860597439544808
0 0.390625 0.4992887624466572 0.0048828125 0.032716927453769556
