0 0.22825024437927663 0.4596026490066225 0.009775171065493646 0.033112582781456956
0 0.250733137829912 0.4556291390728477 0.007820136852394917 0.033112582781456956
0 0.2937438905180841 0.4278145695364238 0.005865102639296188 0.08874172185430464
0 0.2937438905180841 0.5099337748344371 0.005865102639296188 0.051655629139072845
0 0.31378299120234604 0.4947019867549669 0.008797653958944282 0.10596026490066225
0 0.4203323558162268 0.45364238410596025 0.006842619745845552 0.03443708609271523
0 0.5210166177908113 0.49271523178807947 0.010752688172043012 0.18940397350993377
0 0.6065493646138808 0.5384105960264901 0.005865102639296188 0.09536423841059603
0 0.5948191593352884 0.43642384105960264 0.005865102639296188 0.06357615894039735
0 0.6632453567937439 0.5543046357615894 0.007820136852394917 0.11390728476821192
0 0.6710654936461388 0.5642384105960265 0.009775171065493646 0.1337748344370861
0 0.7160312805474096 0.5609271523178808 0.005865102639296188 0.039735099337748346
0 0.7262952101661779 0.5066225165562914 0.008797653958944282 0.03708609271523179
0 0.749266862170088 0.5152317880794702 0.005865102639296188 0.06490066225165562
