0 0.20068359375 0.5590327169274538 0.005859375 0.02702702702702703
0 0.19677734375 0.5007112375533428 0.005859375 0.03556187766714083
0 0.24560546875 0.5078236130867709 0.005859375 0.03556187766714083
0 0.26953125 0.4317211948790896 0.0048828125 0.017069701280227598
0 0.298828125 0.527027027027027 0.0068359375 0.07112375533428165
0 0.3271484375 0.5042674253200569 0.0068359375 0.17069701280227595
0 0.416015625 0.5277382645803699 0.0068359375 0.08677098150782361
0 0.458984375 0.5547652916073968 0.0048828125 0.05547652916073969
0 0.47314453125 0.4623044096728307 0.005859375 0.02702702702702703
0 0.59814453125 0.48862019914651494 0.005859375 0.01422475106685633
0 0.70703125 0.5433854907539118 0.0068359375 0.06970128022759602
0 0.7431640625 0.42318634423897583 0.0068359375 0.22190611664295876
0 0.83251953125 0.4310099573257468 0.005859375 0.06685633001422475
0 0.8818359375 0.4516358463726885 0.0068359375 0.051209103840682786
0 0.09295492256637172 0.46412341545084906 0.007777931415929196 0.07301199662634217
0 0.2001953125 0.4516358463726885 0.0146484375 0.04551920341394026
0 0.8530316648230087 0.4804881733153741 0.00691371681415931 0.04280013595337306
0 0.15673828125 0.5298719772403983 0.021484375 0.025604551920341393
