0 0.07373046875 0.5263157894736842 0.005859375 0.041251778093883355
0 0.07958984375 0.5056899004267426 0.0078125 0.11379800853485064
0 0.12451171875 0.4267425320056899 0.005859375 0.08108108108108109
0 0.16259765625 0.46301564722617355 0.0078125 0.1251778093883357
0 0.265625 0.4850640113798009 0.0087890625 0.06116642958748222
0 0.33349609375 0.46301564722617355 0.013671875 0.15647226173541964
0 0.35595703125 0.4167852062588905 0.0078125 0.30014224751066854
0 0.6572265625 0.48577524893314367 0.0087890625 0.08819345661450925
0 0.59375 0.45590327169274536 0.0068359375 0.034139402560455195
0 0.74072265625 0.4466571834992888 0.005859375 0.112375533428165
0 0.75732421875 0.3741109530583215 0.009765625 0.11522048364153627
0 0.85986328125 0.43812233285917496 0.005859375 0.06685633001422475
0 0.87158203125 0.534850640113798 0.005859375 0.10384068278805121
0 0.87158203125 0.39260312944523473 0.005859375 0.15220483641536273
0 0.888671875 0.4345661450924609 0.0068359375 0.07681365576102418
