0 0.166015625 0.4971550497866287 0.0068359375 0.07112375533428165
0 0.31494140625 0.5256045519203414 0.009765625 0.04551920341394026
0 0.40234375 0.5405405405405406 0.0068359375 0.05263157894736842
0 0.6484375 0.4743954480796586 0.0068359375 0.07112375533428165
0 0.5849609375 0.5007112375533428 0.0048828125 0.032716927453769556
0 0.85888671875 0.44310099573257467 0.005859375 0.051209103840682786
0 0.83447265625 0.5007112375533428 0.01171875 0.13229018492176386
0 0.76171875 0.4317211948790896 0.0068359375 0.07681365576102418
0 0.3906768528761062 0.48489406966351534 0.005185287610619482 0.046576618537494174
0 0.84423828125 0.41038406827880514 0.015625 0.11379800853485064
0 0.86572265625 0.4957325746799431 0.0234375 0.01991465149359886
