0 0.142578125 0.35135135135135137 0.0068359375 0.1891891891891892
0 0.173828125 0.39971550497866287 0.0048828125 0.04694167852062589
0 0.30810546875 0.4743954480796586 0.005859375 0.03982930298719772
0 0.3271484375 0.5099573257467994 0.0068359375 0.08250355618776671
0 0.3623046875 0.5056899004267426 0.0068359375 0.09672830725462304
0 0.408203125 0.49644381223328593 0.0048828125 0.029871977240398292
0 0.5947265625 0.4345661450924609 0.0068359375 0.07965860597439545
0 0.57666015625 0.4779516358463727 0.005859375 0.01849217638691323
0 0.7783203125 0.5149359886201992 0.0048828125 0.06116642958748222
0 0.88916015625 0.4438122332859175 0.005859375 0.01849217638691323
