0 0.09130859375 0.49857752489331436 0.0078125 0.02844950213371266
0 0.14501953125 0.5092460881934566 0.005859375 0.04694167852062589
0 0.16015625 0.4466571834992888 0.0068359375 0.05832147937411095
0 0.2392578125 0.44310099573257467 0.0068359375 0.03698435277382646
0 0.23095703125 0.49644381223328593 0.0078125 0.02418207681365576
0 0.2734375 0.5028449502133713 0.0048828125 0.03982930298719772
0 0.28564453125 0.465149359886202 0.005859375 0.08108108108108109
0 0.33349609375 0.4779516358463727 0.0078125 0.17496443812233287
0 0.3251953125 0.5241820768136558 0.0087890625 0.08250355618776671
0 0.42529296875 0.5021337126600285 0.0078125 0.044096728307254626
0 0.44970703125 0.3307254623044097 0.0078125 0.4694167852062589
0 0.45654296875 0.5163584637268848 0.0078125 0.06970128022759602
0 0.541015625 0.4274537695590327 0.0068359375 0.06543385490753911
0 0.5654296875 0.41251778093883357 0.0087890625 0.422475106685633
0 0.65869140625 0.5064011379800853 0.005859375 0.12375533428165007
0 0.6796875 0.45803698435277385 0.0068359375 0.03556187766714083
0 0.74267578125 0.5028449502133713 0.005859375 0.03982930298719772
0 0.791015625 0.42887624466571833 0.0048828125 0.05689900426742532
0 0.8017578125 0.44096728307254623 0.0048828125 0.06685633001422475
0 0.8720443860619468 0.4634940016868289 0.00691371681415931 0.06671785898614027
0 0.72265625 0.5142247510668563 0.0048828125 0.059743954480796585
