0 0.51123046875 0.4132290184921764 0.005859375 0.18776671408250356
0 0.47216796875 0.5327169274537695 0.005859375 0.07681365576102418
0 0.4716796875 0.4615931721194879 0.0048828125 0.04551920341394026
0 0.3525390625 0.3911806543385491 0.0048828125 0.07254623044096728
0 0.25830078125 0.4850640113798009 0.005859375 0.06401137980085349
0 0.244140625 0.49644381223328593 0.0048828125 0.044096728307254626
0 0.2431640625 0.5056899004267426 0.0068359375 0.07112375533428165
0 0.58056640625 0.5028449502133713 0.005859375 0.04267425320056899
0 0.5205078125 0.5120910384068279 0.0068359375 0.06970128022759602
0 0.70361328125 0.49857752489331436 0.005859375 0.034139402560455195
0 0.7216796875 0.45874822190611664 0.0068359375 0.025604551920341393
0 0.62939453125 0.47581792318634425 0.0205078125 0.029871977240398292
0 0.1513671875 0.5128022759601707 0.005859375 0.02702702702702703
0 0.15283203125 0.43741109530583216 0.0126953125 0.032716927453769556
