0 0.07763671875 0.39470198675496687 0.005859375 0.08874172185430464
0 0.119140625 0.5576158940397351 0.0048828125 0.051655629139072845
0 0.11328125 0.42649006622516555 0.0068359375 0.04370860927152318
0 0.18798828125 0.45827814569536424 0.0078125 0.0913907284768212
0 0.20361328125 0.5152317880794702 0.005859375 0.05695364238410596
0 0.228515625 0.5350993377483444 0.0107421875 0.0913907284768212
0 0.3115234375 0.5152317880794702 0.0087890625 0.059602649006622516
0 0.37451171875 0.509271523178808 0.0078125 0.09271523178807947
0 0.47412109375 0.4860927152317881 0.005859375 0.030463576158940398
0 0.47802734375 0.433112582781457 0.005859375 0.019867549668874173
0 0.58935546875 0.5013245033112583 0.005859375 0.02119205298013245
0 0.7255859375 0.48013245033112584 0.0048828125 0.018543046357615896
