0 0.21337890625 0.42582781456953644 0.0078125 0.07947019867549669
0 0.2802734375 0.42450331125827817 0.0068359375 0.18543046357615894
0 0.3203125 0.4509933774834437 0.0068359375 0.02119205298013245
0 0.37646484375 0.46225165562913906 0.0078125 0.051655629139072845
0 0.4208984375 0.4423841059602649 0.0087890625 0.10198675496688742
0 0.43994140625 0.44966887417218543 0.005859375 0.02913907284768212
0 0.4697265625 0.49403973509933774 0.0068359375 0.0913907284768212
0 0.5439453125 0.4470198675496689 0.0068359375 0.052980132450331126
0 0.5830078125 0.5039735099337749 0.0068359375 0.11655629139072848
0 0.892578125 0.4867549668874172 0.0283203125 0.031788079470198675
