0 0.10595703125 0.41038406827880514 0.005859375 0.1251778093883357
0 0.11279296875 0.4793741109530583 0.005859375 0.049786628733997154
0 0.15771484375 0.45874822190611664 0.005859375 0.09103840682788052
0 0.1689453125 0.4779516358463727 0.0068359375 0.25177809388335703
0 0.197265625 0.44310099573257467 0.0048828125 0.06258890469416785
0 0.197265625 0.5170697012802276 0.0068359375 0.034139402560455195
0 0.224609375 0.4950213371266003 0.0048828125 0.1465149359886202
0 0.23876953125 0.4701280227596017 0.005859375 0.03698435277382646
0 0.26806640625 0.4800853485064011 0.005859375 0.08534850640113797
0 0.35595703125 0.5099573257467994 0.005859375 0.034139402560455195
0 0.42626953125 0.4722617354196302 0.005859375 0.02418207681365576
0 0.4423828125 0.4829302987197724 0.0068359375 0.04836415362731152
0 0.49853515625 0.5668563300142248 0.005859375 0.034139402560455195
0 0.49951171875 0.5085348506401138 0.005859375 0.04836415362731152
0 0.51171875 0.3990042674253201 0.0068359375 0.15647226173541964
0 0.5234375 0.4665718349928876 0.0068359375 0.015647226173541962
0 0.537109375 0.4480796586059744 0.0048828125 0.10953058321479374
0 0.548828125 0.48862019914651494 0.0048828125 0.04551920341394026
0 0.57470703125 0.47368421052631576 0.005859375 0.10099573257467995
0 0.5947265625 0.5405405405405406 0.0048828125 0.02418207681365576
0 0.6142578125 0.39473684210526316 0.0068359375 0.28733997155049784
0 0.64990234375 0.45021337126600286 0.00390625 0.03698435277382646
0 0.65673828125 0.4310099573257468 0.005859375 0.015647226173541962
0 0.68505859375 0.5007112375533428 0.005859375 0.11522048364153627
0 0.712890625 0.4402560455192034 0.0048828125 0.06827880512091039
0 0.72705078125 0.534850640113798 0.005859375 0.05832147937411095
0 0.751953125 0.5803698435277382 0.0048828125 0.07254623044096728
0 0.77392578125 0.5049786628733998 0.005859375 0.041251778093883355
0 0.798828125 0.45590327169274536 0.0048828125 0.03698435277382646
0 0.8369140625 0.4743954480796586 0.0107421875 0.031294452347083924
0 0.28956374446902655 0.4798587595513539 0.006913716814159254 0.15987109606112862
0 0.28369140625 0.45803698435277385 0.005859375 0.029871977240398292
