0 0.1279296875 0.5198675496688742 0.0087890625 0.07152317880794702
0 0.55419921875 0.38543046357615895 0.005859375 0.08079470198675497
0 0.482421875 0.4986754966887417 0.0048828125 0.018543046357615896
0 0.5263671875 0.5033112582781457 0.0068359375 0.030463576158940398
0 0.60546875 0.42119205298013246 0.0068359375 0.08609271523178808
0 0.693359375 0.47549668874172185 0.0068359375 0.11258278145695365
0 0.72900390625 0.4556291390728477 0.005859375 0.033112582781456956
0 0.83203125 0.4986754966887417 0.0048828125 0.031788079470198675
0 0.86962890625 0.3695364238410596 0.009765625 0.39602649006622515
0 0.35546875 0.45165562913907287 0.0068359375 0.046357615894039736
0 0.89208984375 0.41721854304635764 0.005859375 0.02781456953642384
