0 0.4345703125 0.48933143669985774 0.0048828125 0.10099573257467995
0 0.423828125 0.4366998577524893 0.0048828125 0.029871977240398292
0 0.4638671875 0.5206258890469416 0.0068359375 0.044096728307254626
0 0.4970703125 0.49359886201991465 0.0048828125 0.015647226173541962
0 0.6005859375 0.47297297297297297 0.0048828125 0.14509246088193456
0 0.87646484375 0.5071123755334281 0.005859375 0.08819345661450925
0 0.86181640625 0.4743954480796586 0.005859375 0.03698435277382646
0 0.7626953125 0.42105263157894735 0.0048828125 0.06116642958748222
0 0.68359375 0.46301564722617355 0.0908203125 0.14793741109530584
0 0.58056640625 0.46088193456614507 0.00390625 0.02418207681365576
0 0.74267578125 0.44950213371266 0.005859375 0.06116642958748222
