0 0.0908203125 0.42816500711237554 0.0048828125 0.029871977240398292
0 0.10595703125 0.4388335704125178 0.005859375 0.04551920341394026
0 0.16796875 0.5284495021337127 0.0068359375 0.059743954480796585
0 0.3115234375 0.42532005689900426 0.0107421875 0.12944523470839261
0 0.361328125 0.43741109530583216 0.0048828125 0.031294452347083924
0 0.6435546875 0.5597439544807966 0.0087890625 0.06258890469416785
0 0.6591796875 0.5092460881934566 0.0048828125 0.044096728307254626
0 0.71728515625 0.484352773826458 0.005859375 0.031294452347083924
0 0.7734375 0.45874822190611664 0.0068359375 0.04267425320056899
0 0.8388671875 0.45803698435277385 0.0068359375 0.03556187766714083
0 0.87353515625 0.49359886201991465 0.0078125 0.029871977240398292
0 0.90380859375 0.5263157894736842 0.005859375 0.06401137980085349
0 0.21728515625 0.4523470839260313 0.05078125 0.15789473684210525
