0 0.09765625 0.5234708392603129 0.0068359375 0.03840682788051209
0 0.16259765625 0.5540540540540541 0.005859375 0.08819345661450925
0 0.28466796875 0.4864864864864865 0.0078125 0.3200568990042674
0 0.48388671875 0.531294452347084 0.005859375 0.05689900426742532
0 0.5 0.5355618776671408 0.0068359375 0.24182076813655762
0 0.521484375 0.5576102418207681 0.0048828125 0.10953058321479374
0 0.55712890625 0.4694167852062589 0.005859375 0.06685633001422475
0 0.60595703125 0.5056899004267426 0.005859375 0.10241820768136557
0 0.6064453125 0.37268847795163584 0.0048828125 0.05263157894736842
0 0.60595703125 0.43243243243243246 0.005859375 0.029871977240398292
0 0.28515625 0.3563300142247511 0.0068359375 0.18207681365576103
0 0.67822265625 0.42105263157894735 0.005859375 0.08108108108108109
0 0.7041015625 0.45305832147937414 0.0068359375 0.025604551920341393
0 0.72412109375 0.4473684210526316 0.005859375 0.04836415362731152
0 0.7646484375 0.5199146514935988 0.0068359375 0.06258890469416785
0 0.87646484375 0.4317211948790896 0.005859375 0.059743954480796585
0 0.82080078125 0.5071123755334281 0.005859375 0.02275960170697013
