0 0.3623046875 0.4768211920529801 0.0107421875 0.27947019867549666
0 0.4462890625 0.42980132450331127 0.0068359375 0.08211920529801324
0 0.57421875 0.47549668874172185 0.0068359375 0.09933774834437085
0 0.6083984375 0.4562913907284768 0.0068359375 0.09271523178807947
0 0.8349609375 0.45364238410596025 0.0068359375 0.02913907284768212
0 0.83544921875 0.5099337748344371 0.015625 0.054304635761589407
0 0.7109375 0.5291390728476821 0.0068359375 0.05827814569536424
0 0.642578125 0.4986754966887417 0.00390625 0.03576158940397351
0 0.64306640625 0.4602649006622517 0.0048828125 0.022516556291390728
0 0.71923828125 0.42119205298013246 0.0224609375 0.09536423841059603
0 0.7177734375 0.3456953642384106 0.013671875 0.03708609271523179
0 0.744140625 0.49403973509933774 0.00390625 0.02384105960264901
0 0.74462890625 0.45761589403973507 0.0068359375 0.030463576158940398
