0 0.25439453125 0.5163584637268848 0.005859375 0.06970128022759602
0 0.3955078125 0.5213371266002845 0.0068359375 0.034139402560455195
0 0.5009765625 0.4480796586059744 0.0087890625 0.049786628733997154
0 0.55029296875 0.43385490753911804 0.005859375 0.05547652916073969
0 0.5673828125 0.3620199146514936 0.0068359375 0.19914651493598862
0 0.62939453125 0.5035561877667141 0.0078125 0.04694167852062589
0 0.67333984375 0.5355618776671408 0.005859375 0.09957325746799431
0 0.12548828125 0.47368421052631576 0.0078125 0.17496443812233287
0 0.39501953125 0.441678520625889 0.00390625 0.02844950213371266
0 0.36376953125 0.5391180654338549 0.005859375 0.05832147937411095
