0 0.1103515625 0.5718349928876245 0.0048828125 0.05547652916073969
0 0.21533203125 0.4957325746799431 0.005859375 0.08250355618776671
0 0.26318359375 0.49786628733997157 0.01171875 0.13513513513513514
0 0.29541015625 0.5227596017069701 0.005859375 0.08250355618776671
0 0.34375 0.5376955903271693 0.0087890625 0.10953058321479374
0 0.32763671875 0.5092460881934566 0.005859375 0.029871977240398292
0 0.328125 0.42816500711237554 0.0048828125 0.041251778093883355
0 0.36279296875 0.47368421052631576 0.0078125 0.19772403982930298
0 0.3974609375 0.457325746799431 0.0068359375 0.034139402560455195
0 0.423828125 0.4487908961593172 0.0048828125 0.04267425320056899
0 0.47607421875 0.4139402560455192 0.005859375 0.04694167852062589
0 0.4560546875 0.4118065433854908 0.0048828125 0.034139402560455195
0 0.4765625 0.5007112375533428 0.0068359375 0.041251778093883355
0 0.49267578125 0.527027027027027 0.005859375 0.04267425320056899
0 0.328125 0.5597439544807966 0.0048828125 0.05689900426742532
0 0.30126953125 0.422475106685633 0.005859375 0.03556187766714083
0 0.50244140625 0.44594594594594594 0.005859375 0.03982930298719772
0 0.55029296875 0.5298719772403983 0.005859375 0.07396870554765292
0 0.52734375 0.39829302987197723 0.0048828125 0.05832147937411095
0 0.59521484375 0.47652916073968704 0.005859375 0.07539118065433854
0 0.87646484375 0.5099573257467994 0.005859375 0.05405405405405406
