0 0.4404296875 0.4523470839260313 0.0048828125 0.11522048364153627
0 0.2021484375 0.4238975817923186 0.0146484375 0.0953058321479374
0 0.1513671875 0.4310099573257468 0.0048828125 0.041251778093883355
0 0.16162109375 0.5241820768136558 0.0078125 0.04836415362731152
0 0.107421875 0.5064011379800853 0.0146484375 0.03556187766714083
0 0.494140625 0.45305832147937414 0.0048828125 0.04267425320056899
0 0.50927734375 0.4879089615931721 0.005859375 0.09815078236130868
0 0.63720703125 0.5007112375533428 0.005859375 0.032716927453769556
0 0.87255859375 0.43741109530583216 0.00390625 0.04267425320056899
0 0.212890625 0.5042674253200569 0.0361328125 0.03982930298719772
0 0.6728515625 0.3890469416785206 0.0263671875 0.08819345661450925
0 0.6650390625 0.5554765291607396 0.0166015625 0.06258890469416785
