0 0.31378299120234604 0.49933774834437084 0.008797653958944282 0.1152317880794702
0 0.4208211143695015 0.452317880794702 0.007820136852394917 0.05033112582781457
0 0.5205278592375366 0.47019867549668876 0.013685239491691105 0.2503311258278146
0 0.6070381231671554 0.5423841059602649 0.006842619745845552 0.09271523178807947
0 0.2262952101661779 0.45695364238410596 0.005865102639296188 0.033112582781456956
0 0.6637341153470185 0.5721854304635762 0.006842619745845552 0.07549668874172186
0 0.6720430107526881 0.5437086092715232 0.007820136852394917 0.04768211920529802
0 0.7160312805474096 0.5629139072847682 0.005865102639296188 0.025165562913907286
0 0.7360703812316716 0.5761589403973509 0.004887585532746823 0.054304635761589407
0 0.7961876832844574 0.49801324503311256 0.005865102639296188 0.02781456953642384
0 0.5948191593352884 0.44437086092715233 0.005865102639296188 0.02913907284768212
0 0.0884652981427175 0.42119205298013246 0.0039100684261974585 0.030463576158940398
