0 0.2262952101661779 0.4562913907284768 0.005865102639296188 0.026490066225165563
0 0.24975562072336266 0.45165562913907287 0.005865102639296188 0.019867549668874173
0 0.26637341153470184 0.4417218543046358 0.005865102639296188 0.02384105960264901
0 0.29423264907135877 0.44039735099337746 0.004887585532746823 0.06622516556291391
0 0.31378299120234604 0.5019867549668874 0.008797653958944282 0.11788079470198676
0 0.4208211143695015 0.4509933774834437 0.007820136852394917 0.052980132450331126
0 0.5205278592375366 0.495364238410596 0.011730205278592375 0.18940397350993377
0 0.6070381231671554 0.5437086092715232 0.006842619745845552 0.0847682119205298
0 0.6681329423264907 0.5754966887417219 0.013685239491691105 0.10860927152317881
0 0.7160312805474096 0.5596026490066225 0.005865102639296188 0.039735099337748346
0 0.7360703812316716 0.5748344370860927 0.004887585532746823 0.030463576158940398
0 0.7272727272727273 0.5033112582781457 0.008797653958944282 0.04105960264900662
0 0.7961876832844574 0.4986754966887417 0.005865102639296188 0.02913907284768212
