0 0.1689453125 0.45827814569536424 0.0068359375 0.02781456953642384
0 0.17626953125 0.5211920529801325 0.005859375 0.026490066225165563
0 0.29345703125 0.4410596026490066 0.005859375 0.059602649006622516
0 0.31884765625 0.44370860927152317 0.005859375 0.06490066225165562
0 0.40234375 0.4629139072847682 0.0068359375 0.02913907284768212
0 0.5859375 0.4695364238410596 0.0068359375 0.013245033112582781
0 0.712890625 0.5086092715231788 0.0068359375 0.054304635761589407
0 0.712890625 0.4682119205298013 0.0048828125 0.015894039735099338
0 0.7509765625 0.5066225165562914 0.0087890625 0.018543046357615896
0 0.76513671875 0.44437086092715233 0.005859375 0.02119205298013245
0 0.884765625 0.4735099337748344 0.0068359375 0.007947019867549669
0 0.7978515625 0.47019867549668876 0.0048828125 0.011920529801324504
0 0.47900390625 0.5013245033112583 0.009765625 0.031788079470198675
