0 0.09326171875 0.45305832147937414 0.005859375 0.02844950213371266
0 0.12548828125 0.4672830725462304 0.005859375 0.02844950213371266
0 0.18798828125 0.4516358463726885 0.005859375 0.03698435277382646
0 0.36376953125 0.542674253200569 0.0078125 0.04551920341394026
0 0.6728515625 0.5419630156472262 0.0048828125 0.032716927453769556
0 0.68505859375 0.4871977240398293 0.005859375 0.059743954480796585
0 0.69482421875 0.4189189189189189 0.005859375 0.03982930298719772
0 0.7587890625 0.5007112375533428 0.0048828125 0.032716927453769556
0 0.78369140625 0.41607396870554764 0.01171875 0.06827880512091039
0 0.84326171875 0.4487908961593172 0.0078125 0.15647226173541964
