0 0.0859375 0.5448079658605974 0.0068359375 0.049786628733997154
0 0.16796875 0.45376955903271693 0.0068359375 0.14082503556187767
0 0.138671875 0.5028449502133713 0.0048828125 0.025604551920341393
0 0.26904296875 0.5014224751066856 0.005859375 0.11379800853485064
0 0.19677734375 0.4786628733997155 0.005859375 0.04267425320056899
0 0.34912109375 0.4701280227596017 0.013671875 0.06543385490753911
0 0.4345703125 0.43812233285917496 0.0068359375 0.06401137980085349
0 0.54931640625 0.43812233285917496 0.005859375 0.07539118065433854
0 0.57568359375 0.4829302987197724 0.0078125 0.09103840682788052
0 0.7158203125 0.3783783783783784 0.0087890625 0.2887624466571835
0 0.1240234375 0.515647226173542 0.0048828125 0.05405405405405406
0 0.5185546875 0.44096728307254623 0.0048828125 0.049786628733997154
0 0.8857421875 0.49786628733997157 0.0048828125 0.05263157894736842
0 0.81884765625 0.5142247510668563 0.005859375 0.04551920341394026
0 0.6591796875 0.5362731152204836 0.0048828125 0.044096728307254626
0 0.68359375 0.5064011379800853 0.0048828125 0.03556187766714083
