0 0.11279296875 0.33783783783783783 0.0078125 0.44950213371266
0 0.197265625 0.4473684210526316 0.0087890625 0.1422475106685633
0 0.50927734375 0.44096728307254623 0.0078125 0.3058321479374111
0 0.60498046875 0.45021337126600286 0.005859375 0.03982930298719772
0 0.6533203125 0.4566145092460882 0.0068359375 0.03840682788051209
0 0.69384765625 0.5142247510668563 0.005859375 0.04551920341394026
0 0.6591796875 0.5384068278805121 0.0048828125 0.03982930298719772
0 0.3173828125 0.45874822190611664 0.0068359375 0.03982930298719772
0 0.0888671875 0.40825035561877665 0.0068359375 0.06116642958748222
0 0.099609375 0.5092460881934566 0.0048828125 0.02418207681365576
0 0.80419921875 0.5213371266002845 0.005859375 0.03698435277382646
0 0.22021484375 0.4018492176386913 0.041015625 0.05689900426742532
0 0.671875 0.3990042674253201 0.0263671875 0.08250355618776671
