0 0.09375 0.4438122332859175 0.0126953125 0.16642958748221906
0 0.18359375 0.4829302987197724 0.0068359375 0.13655761024182078
0 0.255859375 0.4011379800853485 0.0068359375 0.0953058321479374
0 0.2880859375 0.4260312944523471 0.0048828125 0.059743954480796585
0 0.3642578125 0.5376955903271693 0.0068359375 0.112375533428165
0 0.39501953125 0.542674253200569 0.005859375 0.059743954480796585
0 0.455078125 0.41251778093883357 0.0068359375 0.09815078236130868
0 0.45068359375 0.49857752489331436 0.005859375 0.031294452347083924
0 0.6923828125 0.43385490753911804 0.0068359375 0.05263157894736842
0 0.84033203125 0.4267425320056899 0.005859375 0.032716927453769556
0 0.90087890625 0.465149359886202 0.005859375 0.032716927453769556
