0 0.1435546875 0.5554765291607396 0.0068359375 0.13940256045519203
0 0.1435546875 0.3812233285917496 0.0087890625 0.18634423897581792
0 0.14306640625 0.4388335704125178 0.009765625 0.25889046941678523
0 0.17431640625 0.4167852062588905 0.005859375 0.06685633001422475
0 0.30859375 0.47581792318634425 0.0048828125 0.09103840682788052
0 0.3271484375 0.5391180654338549 0.0068359375 0.11522048364153627
0 0.33984375 0.457325746799431 0.0068359375 0.034139402560455195
0 0.390625 0.42105263157894735 0.0048828125 0.07539118065433854
0 0.48486328125 0.5256045519203414 0.005859375 0.06258890469416785
0 0.51953125 0.5277382645803699 0.0068359375 0.11522048364153627
0 0.576171875 0.4345661450924609 0.0048828125 0.07112375533428165
0 0.7197265625 0.4566145092460882 0.0068359375 0.032716927453769556
0 0.5498046875 0.4850640113798009 0.0087890625 0.032716927453769556
0 0.5947265625 0.4694167852062589 0.0048828125 0.015647226173541962
0 0.7783203125 0.44950213371266 0.0068359375 0.20910384068278806
0 0.79833984375 0.4971550497866287 0.005859375 0.05405405405405406
0 0.87646484375 0.5241820768136558 0.005859375 0.04836415362731152
0 0.8876953125 0.4466571834992888 0.0146484375 0.07539118065433854
