0 0.30303030303030304 0.4099337748344371 0.006842619745845552 0.13245033112582782
0 0.3709677419354839 0.371523178807947 0.007820136852394917 0.5403973509933775
0 0.4002932551319648 0.5072847682119205 0.007820136852394917 0.051655629139072845
0 0.43548387096774194 0.571523178807947 0.007820136852394917 0.09006622516556291
0 0.45943304007820135 0.48543046357615893 0.006842619745845552 0.06357615894039735
0 0.4858260019550342 0.49801324503311256 0.006842619745845552 0.030463576158940398
0 0.5948191593352884 0.5635761589403974 0.007820136852394917 0.06887417218543046
0 0.5869990224828935 0.4291390728476821 0.007820136852394917 0.08874172185430464
0 0.7150537634408602 0.4960264900662252 0.005865102639296188 0.026490066225165563
0 0.8255131964809385 0.5145695364238411 0.005865102639296188 0.06622516556291391
0 0.8289345063538612 0.4304635761589404 0.006842619745845552 0.059602649006622516
0 0.8812316715542522 0.45761589403973507 0.04887585532746823 0.12450331125827814
