0 0.1865234375 0.4850640113798009 0.0068359375 0.09815078236130868
0 0.24853515625 0.5199146514935988 0.00390625 0.07112375533428165
0 0.3623046875 0.4523470839260313 0.0048828125 0.03840682788051209
0 0.3759765625 0.4957325746799431 0.0048828125 0.025604551920341393
0 0.419921875 0.5092460881934566 0.0048828125 0.029871977240398292
0 0.46435546875 0.49786628733997157 0.009765625 0.15220483641536273
0 0.54345703125 0.4701280227596017 0.005859375 0.08534850640113797
0 0.69384765625 0.40540540540540543 0.005859375 0.05547652916073969
0 0.662109375 0.43314366998577525 0.0048828125 0.04836415362731152
0 0.7099609375 0.46372688477951635 0.0048828125 0.08961593172119488
0 0.6330890486725663 0.48489406966351545 0.042346515486725744 0.10448268482735179
0 0.8175988661504424 0.5402824808972922 0.05876659292035402 0.12210627021991712
0 0.68798828125 0.519203413940256 0.005859375 0.05832147937411095
