0 0.15625 0.465149359886202 0.0126953125 0.17496443812233287
0 0.24658203125 0.4523470839260313 0.005859375 0.06401137980085349
0 0.279296875 0.46586059743954483 0.0048828125 0.06543385490753911
0 0.35986328125 0.5448079658605974 0.005859375 0.04694167852062589
0 0.4755859375 0.4950213371266003 0.0048828125 0.03556187766714083
0 0.814453125 0.5362731152204836 0.0068359375 0.11522048364153627
0 0.83984375 0.5056899004267426 0.0107421875 0.06543385490753911
0 0.54345703125 0.5120910384068279 0.0078125 0.05263157894736842
0 0.5751953125 0.4601706970128023 0.0068359375 0.031294452347083924
0 0.33447265625 0.5476529160739687 0.033203125 0.041251778093883355
0 0.78173828125 0.4615931721194879 0.005859375 0.017069701280227598
