0 0.2578125 0.542674253200569 0.0068359375 0.09672830725462304
0 0.25732421875 0.44096728307254623 0.005859375 0.05832147937411095
0 0.2705078125 0.46372688477951635 0.0068359375 0.04694167852062589
0 0.4130859375 0.44594594594594594 0.0029296875 0.04551920341394026
0 0.42236328125 0.44594594594594594 0.005859375 0.05405405405405406
0 0.47216796875 0.4395448079658606 0.005859375 0.032716927453769556
0 0.53466796875 0.4345661450924609 0.005859375 0.09388335704125178
0 0.6455078125 0.42887624466571833 0.0048828125 0.05405405405405406
0 0.8857421875 0.3840682788051209 0.0068359375 0.04694167852062589
0 0.857421875 0.4786628733997155 0.0087890625 0.04267425320056899
0 0.49267578125 0.44950213371266 0.0078125 0.049786628733997154
0 0.8974609375 0.4850640113798009 0.0166015625 0.029871977240398292
