0 0.11279296875 0.45298013245033114 0.005859375 0.046357615894039736
0 0.126953125 0.49933774834437084 0.0068359375 0.03576158940397351
0 0.17041015625 0.3933774834437086 0.0078125 0.16026490066225166
0 0.17529296875 0.5033112582781457 0.0078125 0.04105960264900662
0 0.17822265625 0.46225165562913906 0.0078125 0.030463576158940398
0 0.22802734375 0.38543046357615895 0.0078125 0.14701986754966886
0 0.34375 0.4390728476821192 0.0068359375 0.060927152317880796
0 0.3515625 0.4556291390728477 0.0068359375 0.04105960264900662
0 0.39599609375 0.5225165562913907 0.005859375 0.0423841059602649
0 0.36083984375 0.4947019867549669 0.005859375 0.02119205298013245
0 0.42138671875 0.5086092715231788 0.005859375 0.04105960264900662
0 0.4638671875 0.46158940397350995 0.0068359375 0.02913907284768212
0 0.4345703125 0.46225165562913906 0.0068359375 0.025165562913907286
0 0.57080078125 0.49801324503311256 0.013671875 0.12847682119205298
0 0.59912109375 0.46158940397350995 0.0078125 0.03443708609271523
0 0.67431640625 0.519205298013245 0.041015625 0.1576158940397351
