0 0.07666015625 0.45092460881934565 0.009765625 0.2972972972972973
0 0.12548828125 0.4295874822190612 0.005859375 0.032716927453769556
0 0.1982421875 0.4900426742532006 0.0068359375 0.1507823613086771
0 0.21533203125 0.4779516358463727 0.005859375 0.08108108108108109
0 0.29443359375 0.42532005689900426 0.005859375 0.044096728307254626
0 0.36865234375 0.46372688477951635 0.005859375 0.02702702702702703
0 0.63671875 0.4800853485064011 0.0068359375 0.1422475106685633
0 0.68115234375 0.4317211948790896 0.005859375 0.059743954480796585
0 0.7919921875 0.4182076813655761 0.0048828125 0.05832147937411095
0 0.86669921875 0.5007112375533428 0.005859375 0.07254623044096728
0 0.88623046875 0.49644381223328593 0.005859375 0.06116642958748222
0 0.876953125 0.5071123755334281 0.0048828125 0.03698435277382646
0 0.83203125 0.4879089615931721 0.0068359375 0.03556187766714083
