0 0.1441837732160313 0.4384105960264901 0.005865102639296188 0.038410596026490065
0 0.29472140762463345 0.44503311258278144 0.005865102639296188 0.06490066225165562
0 0.3069403714565005 0.39072847682119205 0.006842619745845552 0.11258278145695365
0 0.3807429130009775 0.4185430463576159 0.007820136852394917 0.1205298013245033
0 0.4995112414467253 0.4821192052980132 0.006842619745845552 0.05695364238410596
0 0.532258064516129 0.4185430463576159 0.005865102639296188 0.06225165562913907
0 0.5518084066471163 0.4596026490066225 0.007820136852394917 0.11258278145695365
0 0.7116324535679375 0.547682119205298 0.010752688172043012 0.12450331125827814
0 0.6974584555229717 0.4410596026490066 0.005865102639296188 0.04370860927152318
0 0.7150537634408602 0.44370860927152317 0.005865102639296188 0.06225165562913907
0 0.7673509286412512 0.45827814569536424 0.006842619745845552 0.04105960264900662
0 0.7668621700879765 0.4960264900662252 0.005865102639296188 0.026490066225165563
0 0.7468230694037146 0.5119205298013245 0.004887585532746823 0.03443708609271523
0 0.7595307917888563 0.4947019867549669 0.004887585532746823 0.02119205298013245
0 0.8108504398826979 0.4649006622516556 0.005865102639296188 0.022516556291390728
0 0.8123167155425219 0.49403973509933774 0.006842619745845552 0.019867549668874173
0 0.8870967741935484 0.4291390728476821 0.013685239491691105 0.059602649006622516
0 0.8870967741935484 0.49337748344370863 0.013685239491691105 0.02119205298013245
0 0.5606060606060606 0.5264900662251656 0.005865102639296188 0.02913907284768212
0 0.29423264907135877 0.509271523178808 0.006842619745845552 0.05033112582781457
