0 0.080078125 0.465149359886202 0.0068359375 0.02418207681365576
0 0.17041015625 0.49786628733997157 0.005859375 0.07823613086770982
0 0.1181640625 0.5085348506401138 0.0048828125 0.017069701280227598
0 0.1796875 0.4907539118065434 0.0068359375 0.14082503556187767
0 0.22998046875 0.414651493598862 0.005859375 0.17354196301564723
0 0.2275390625 0.4480796586059744 0.0107421875 0.07539118065433854
0 0.29052734375 0.42532005689900426 0.005859375 0.06116642958748222
0 0.30810546875 0.5078236130867709 0.005859375 0.04694167852062589
0 0.33251953125 0.4345661450924609 0.005859375 0.07965860597439545
0 0.3447265625 0.39046941678520625 0.0068359375 0.1507823613086771
0 0.35400390625 0.43029871977240397 0.00390625 0.06258890469416785
0 0.3896484375 0.42460881934566147 0.0048828125 0.07396870554765292
0 0.3974609375 0.5227596017069701 0.0048828125 0.05405405405405406
0 0.35400390625 0.4359886201991465 0.0078125 0.07965860597439545
0 0.42236328125 0.5241820768136558 0.005859375 0.059743954480796585
0 0.4375 0.45874822190611664 0.0048828125 0.034139402560455195
0 0.46484375 0.43029871977240397 0.0068359375 0.13086770981507823
0 0.60009765625 0.4423897581792319 0.005859375 0.05832147937411095
0 0.650390625 0.4352773826458037 0.0048828125 0.044096728307254626
0 0.69091796875 0.5099573257467994 0.005859375 0.059743954480796585
0 0.759765625 0.42034139402560455 0.0048828125 0.051209103840682786
0 0.8251953125 0.4366998577524893 0.0048828125 0.032716927453769556
0 0.82470703125 0.5568990042674253 0.00390625 0.02844950213371266
0 0.79931640625 0.45376955903271693 0.00390625 0.021337126600284494
0 0.86767578125 0.46301564722617355 0.005859375 0.031294452347083924
0 0.6259765625 0.47083926031294454 0.0068359375 0.05263157894736842
0 0.52001953125 0.5469416785206259 0.0078125 0.06543385490753911
0 0.6748046875 0.5284495021337127 0.0380859375 0.13086770981507823
