0 0.3040078201368524 0.41258278145695365 0.008797653958944282 0.1271523178807947
0 0.37145650048875856 0.3794701986754967 0.008797653958944282 0.5721854304635762
0 0.4359726295210166 0.5735099337748344 0.008797653958944282 0.09668874172185431
0 0.3998044965786901 0.5079470198675496 0.006842619745845552 0.05033112582781457
0 0.45992179863147603 0.4728476821192053 0.005865102639296188 0.08874172185430464
0 0.4858260019550342 0.5006622516556292 0.006842619745845552 0.04105960264900662
0 0.5948191593352884 0.5649006622516556 0.007820136852394917 0.06887417218543046
0 0.5869990224828935 0.4304635761589404 0.007820136852394917 0.0913907284768212
0 0.7150537634408602 0.4960264900662252 0.005865102639296188 0.026490066225165563
0 0.8250244379276638 0.5178807947019868 0.006842619745845552 0.0728476821192053
0 0.8284457478005866 0.4370860927152318 0.007820136852394917 0.04900662251655629
0 0.8807429130009775 0.45695364238410596 0.04985337243401759 0.12582781456953643
