0 0.72119140625 0.4011379800853485 0.021484375 0.12660028449502134
0 0.71533203125 0.5248933143669986 0.009765625 0.08961593172119488
0 0.611328125 0.41109530583214793 0.0068359375 0.06401137980085349
0 0.8359375 0.4871977240398293 0.0087890625 0.09103840682788052
0 0.57666015625 0.5099573257467994 0.005859375 0.04267425320056899
0 0.63916015625 0.4480796586059744 0.00390625 0.04694167852062589
0 0.85400390625 0.4914651493598862 0.0048828125 0.02418207681365576
0 0.8544921875 0.4694167852062589 0.00390625 0.01422475106685633
0 0.45654296875 0.48933143669985774 0.0048828125 0.017069701280227598
0 0.44287109375 0.4879089615931721 0.0107421875 0.017069701280227598
0 0.44482421875 0.4388335704125178 0.0087890625 0.06970128022759602
0 0.10205078125 0.4423897581792319 0.0048828125 0.06258890469416785
0 0.7734375 0.49786628733997157 0.005859375 0.034139402560455195
