0 0.10595703125 0.5291607396870555 0.005859375 0.05263157894736842
0 0.0927734375 0.4366998577524893 0.0029296875 0.015647226173541962
0 0.20263671875 0.47368421052631576 0.0078125 0.015647226173541962
0 0.2412109375 0.39758179231863444 0.0068359375 0.15362731152204837
0 0.34375 0.4295874822190612 0.0048828125 0.021337126600284494
0 0.35546875 0.3862019914651494 0.0068359375 0.17354196301564723
0 0.40771484375 0.5078236130867709 0.00390625 0.032716927453769556
0 0.42724609375 0.4786628733997155 0.005859375 0.04551920341394026
0 0.5400390625 0.46088193456614507 0.0087890625 0.1379800853485064
0 0.60693359375 0.4864864864864865 0.0078125 0.021337126600284494
0 0.638671875 0.5021337126600285 0.0048828125 0.03840682788051209
0 0.6455078125 0.441678520625889 0.0048828125 0.01422475106685633
0 0.6669921875 0.45874822190611664 0.0048828125 0.031294452347083924
0 0.73291015625 0.41963015647226176 0.005859375 0.032716927453769556
0 0.85595703125 0.5291607396870555 0.005859375 0.03556187766714083
0 0.89501953125 0.4594594594594595 0.005859375 0.015647226173541962
0 0.17626953125 0.5291607396870555 0.0078125 0.2631578947368421
0 0.11888136061946906 0.46915872556301064 0.006049502212389368 0.055388411233776844
