0 0.1103515625 0.5789473684210527 0.0126953125 0.112375533428165
0 0.11328125 0.4423897581792319 0.0048828125 0.04694167852062589
0 0.2236328125 0.457325746799431 0.0068359375 0.03698435277382646
0 0.52587890625 0.4388335704125178 0.005859375 0.07112375533428165
0 0.4970703125 0.4800853485064011 0.0087890625 0.06827880512091039
0 0.6513671875 0.4480796586059744 0.0068359375 0.05547652916073969
0 0.83984375 0.41963015647226176 0.0068359375 0.10668563300142248
0 0.81689453125 0.5149359886201992 0.005859375 0.06116642958748222
0 0.7880859375 0.45519203413940257 0.0048828125 0.03840682788051209
0 0.21875 0.5085348506401138 0.0458984375 0.04836415362731152
0 0.2138671875 0.3911806543385491 0.0400390625 0.044096728307254626
0 0.6728515625 0.3890469416785206 0.0224609375 0.07965860597439545
