0 0.22705078125 0.4205298013245033 0.005859375 0.03443708609271523
0 0.27099609375 0.476158940397351 0.0078125 0.05033112582781457
0 0.4599609375 0.5311258278145695 0.0068359375 0.04900662251655629
0 0.50634765625 0.4357615894039735 0.005859375 0.07549668874172186
0 0.5283203125 0.4556291390728477 0.0048828125 0.02781456953642384
0 0.5595703125 0.47880794701986756 0.0068359375 0.05033112582781457
0 0.58935546875 0.46357615894039733 0.005859375 0.019867549668874173
0 0.66943359375 0.4470198675496689 0.005859375 0.018543046357615896
0 0.20563616071428573 0.4981078524124882 0.0074404761904762196 0.09839167455061494
0 0.21533203125 0.5470198675496689 0.005859375 0.051655629139072845
