0 0.10459433040078202 0.42980132450331127 0.006842619745845552 0.04768211920529802
0 0.11290322580645161 0.4503311258278146 0.005865102639296188 0.017218543046357615
0 0.09579667644183773 0.528476821192053 0.006842619745845552 0.059602649006622516
0 0.15689149560117302 0.5112582781456954 0.007820136852394917 0.16556291390728478
0 0.1652003910068426 0.423841059602649 0.004887585532746823 0.06490066225165562
0 0.18328445747800587 0.44437086092715233 0.007820136852394917 0.06622516556291391
0 0.19550342130987292 0.4649006622516556 0.006842619745845552 0.022516556291390728
0 0.2179863147605083 0.44039735099337746 0.006842619745845552 0.07417218543046358
0 0.22287390029325513 0.5046357615894039 0.006842619745845552 0.04370860927152318
0 0.2673509286412512 0.4470198675496689 0.005865102639296188 0.03708609271523179
0 0.29765395894428154 0.3086092715231788 0.007820136852394917 0.3350993377483444
0 0.4032258064516129 0.43443708609271525 0.007820136852394917 0.04900662251655629
0 0.43304007820136853 0.48410596026490066 0.008797653958944282 0.09801324503311258
0 0.48191593352883677 0.4509933774834437 0.008797653958944282 0.17218543046357615
0 0.4780058651026393 0.5496688741721855 0.010752688172043012 0.10728476821192053
0 0.4975562072336266 0.4794701986754967 0.008797653958944282 0.030463576158940398
0 0.5205278592375366 0.4602649006622517 0.005865102639296188 0.015894039735099338
0 0.5356793743890518 0.5066225165562914 0.006842619745845552 0.05033112582781457
0 0.5742913000977518 0.5317880794701987 0.007820136852394917 0.03443708609271523
0 0.5953079178885631 0.4463576158940397 0.008797653958944282 0.019867549668874173
0 0.655425219941349 0.42980132450331127 0.005865102639296188 0.05033112582781457
0 0.7512218963831867 0.5185430463576159 0.007820136852394917 0.07152317880794702
0 0.7717497556207233 0.41788079470198675 0.007820136852394917 0.07682119205298013
0 0.8040078201368523 0.37748344370860926 0.005865102639296188 0.030463576158940398
0 0.7971652003910068 0.45165562913907287 0.005865102639296188 0.038410596026490065
0 0.23886328725038405 0.4754020813623463 0.013033561420658176 0.055502995900346845
0 0.2882046269143044 0.4766635130873541 0.007447749383233339 0.23967202775149796
