0 0.24755859375 0.5099573257467994 0.005859375 0.05405405405405406
0 0.2890625 0.519203413940256 0.0068359375 0.06401137980085349
0 0.34423828125 0.5469416785206259 0.005859375 0.09388335704125178
0 0.52978515625 0.5014224751066856 0.005859375 0.04836415362731152
0 0.57861328125 0.5177809388335705 0.005859375 0.044096728307254626
0 0.65283203125 0.561877667140825 0.005859375 0.0953058321479374
0 0.81640625 0.5590327169274538 0.0068359375 0.155049786628734
0 0.85302734375 0.5 0.005859375 0.03982930298719772
0 0.19482421875 0.44594594594594594 0.005859375 0.03982930298719772
0 0.36474609375 0.4701280227596017 0.005859375 0.02844950213371266
0 0.71630859375 0.3278805120910384 0.01171875 0.30440967283072545
