0 0.11974584555229717 0.5635761589403974 0.007820136852394917 0.11655629139072848
0 0.10263929618768329 0.4503311258278146 0.004887585532746823 0.02781456953642384
0 0.2350928641251222 0.5132450331125827 0.005865102639296188 0.05033112582781457
0 0.2785923753665689 0.5072847682119205 0.004887585532746823 0.022516556291390728
0 0.30009775171065495 0.419205298013245 0.006842619745845552 0.07152317880794702
0 0.37976539589442815 0.41324503311258276 0.011730205278592375 0.3748344370860927
0 0.4222873900293255 0.45165562913907287 0.008797653958944282 0.038410596026490065
0 0.41300097751710657 0.5331125827814569 0.005865102639296188 0.03443708609271523
0 0.5327468230694037 0.41258278145695365 0.006842619745845552 0.10331125827814569
0 0.6559139784946236 0.4509933774834437 0.006842619745845552 0.05033112582781457
0 0.5948191593352884 0.5152317880794702 0.005865102639296188 0.030463576158940398
0 0.8558162267839687 0.44900662251655626 0.007820136852394917 0.051655629139072845
0 0.8093841642228738 0.433112582781457 0.004887585532746823 0.046357615894039736
0 0.8435972629521017 0.42251655629139073 0.004887585532746823 0.046357615894039736
0 0.6945259042033236 0.5033112582781457 0.005865102639296188 0.033112582781456956
