0 0.10498046875 0.5014224751066856 0.005859375 0.07112375533428165
0 0.298828125 0.4267425320056899 0.0087890625 0.19772403982930298
0 0.48486328125 0.4772403982930299 0.005859375 0.04551920341394026
0 0.57861328125 0.4039829302987198 0.0078125 0.05832147937411095
0 0.58642578125 0.45519203413940257 0.005859375 0.012802275960170697
0 0.65625 0.4345661450924609 0.0048828125 0.034139402560455195
0 0.76416015625 0.46301564722617355 0.00390625 0.025604551920341393
0 0.79345703125 0.43385490753911804 0.005859375 0.015647226173541962
0 0.7939453125 0.5028449502133713 0.0048828125 0.034139402560455195
0 0.83447265625 0.5199146514935988 0.005859375 0.07965860597439545
0 0.875 0.5064011379800853 0.0068359375 0.05832147937411095
