0 0.3125 0.5149359886201992 0.0126953125 0.06401137980085349
0 0.42626953125 0.492176386913229 0.005859375 0.10099573257467995
0 0.40234375 0.5163584637268848 0.0068359375 0.041251778093883355
0 0.3076171875 0.4480796586059744 0.0048828125 0.03840682788051209
0 0.44873046875 0.5092460881934566 0.005859375 0.05832147937411095
0 0.83251953125 0.5369843527738265 0.005859375 0.06827880512091039
0 0.7802734375 0.44594594594594594 0.0048828125 0.03982930298719772
0 0.76171875 0.44310099573257467 0.0048828125 0.03698435277382646
0 0.89013671875 0.4388335704125178 0.005859375 0.05405405405405406
0 0.7895118915929202 0.48363524213547504 0.006049502212389313 0.07930613426654415
0 0.8486328125 0.39758179231863444 0.0283203125 0.08819345661450925
0 0.8544921875 0.47368421052631576 0.0263671875 0.041251778093883355
