0 0.08740234375 0.5412517780938834 0.005859375 0.04267425320056899
0 0.22607421875 0.5064011379800853 0.005859375 0.029871977240398292
0 0.29052734375 0.5419630156472262 0.005859375 0.03556187766714083
0 0.3232421875 0.4644381223328592 0.0048828125 0.025604551920341393
0 0.45458984375 0.48079658605974396 0.005859375 0.05547652916073969
0 0.5 0.5227596017069701 0.0048828125 0.034139402560455195
0 0.50390625 0.42816500711237554 0.0068359375 0.10384068278805121
0 0.5341796875 0.5298719772403983 0.0048828125 0.051209103840682786
0 0.552734375 0.49786628733997157 0.0048828125 0.021337126600284494
0 0.5576171875 0.531294452347084 0.0048828125 0.05689900426742532
0 0.59423828125 0.4011379800853485 0.005859375 0.1465149359886202
0 0.6123046875 0.47155049786628733 0.0048828125 0.03982930298719772
0 0.62060546875 0.5263157894736842 0.005859375 0.10668563300142248
0 0.65771484375 0.43314366998577525 0.00390625 0.03698435277382646
0 0.6796875 0.4395448079658606 0.0048828125 0.02702702702702703
0 0.71875 0.47083926031294454 0.0068359375 0.02418207681365576
0 0.72705078125 0.5355618776671408 0.005859375 0.07112375533428165
0 0.81689453125 0.5448079658605974 0.0078125 0.3058321479374111
0 0.82470703125 0.4722617354196302 0.01171875 0.23470839260312945
