0 0.34619140625 0.4907539118065434 0.005859375 0.10099573257467995
0 0.38818359375 0.5064011379800853 0.005859375 0.04694167852062589
0 0.50341796875 0.42816500711237554 0.005859375 0.10099573257467995
0 0.5341796875 0.45519203413940257 0.0068359375 0.13513513513513514
0 0.55224609375 0.42816500711237554 0.005859375 0.06401137980085349
0 0.6015625 0.5298719772403983 0.0068359375 0.09388335704125178
0 0.74072265625 0.5462304409672831 0.005859375 0.05832147937411095
0 0.77685546875 0.42532005689900426 0.0078125 0.06116642958748222
0 0.8251953125 0.4786628733997155 0.0048828125 0.07112375533428165
0 0.89892578125 0.5071123755334281 0.005859375 0.09957325746799431
0 0.68017578125 0.45519203413940257 0.08203125 0.12944523470839261
0 0.74951171875 0.4438122332859175 0.0078125 0.06116642958748222
