0 0.083984375 0.5028449502133713 0.0087890625 0.10241820768136557
0 0.14599609375 0.4267425320056899 0.005859375 0.02702702702702703
0 0.17236328125 0.39544807965860596 0.005859375 0.08392603129445235
0 0.341796875 0.4694167852062589 0.0048828125 0.10668563300142248
0 0.35546875 0.484352773826458 0.0068359375 0.04267425320056899
0 0.46435546875 0.4295874822190612 0.005859375 0.09246088193456614
0 0.3974609375 0.4310099573257468 0.0048828125 0.049786628733997154
0 0.48583984375 0.4800853485064011 0.00390625 0.02844950213371266
0 0.5107421875 0.4601706970128023 0.0048828125 0.02844950213371266
0 0.57275390625 0.40256045519203415 0.005859375 0.112375533428165
0 0.65673828125 0.30725462304409673 0.0078125 0.3285917496443812
0 0.7890625 0.42034139402560455 0.0068359375 0.02275960170697013
0 0.82470703125 0.441678520625889 0.005859375 0.06543385490753911
0 0.17937638274336284 0.4880411384836164 0.009506360619469023 0.1384710280844421
0 0.6748046875 0.515647226173542 0.0419921875 0.15362731152204837
