0 0.08935546875 0.5072847682119205 0.0078125 0.04900662251655629
0 0.16845703125 0.4602649006622517 0.005859375 0.02119205298013245
0 0.3056640625 0.5006622516556292 0.0068359375 0.030463576158940398
0 0.4267578125 0.44304635761589406 0.0068359375 0.02384105960264901
0 0.45166015625 0.3264900662251656 0.015625 0.4423841059602649
0 0.7421875 0.523841059602649 0.0068359375 0.07947019867549669
0 0.68310546875 0.5079470198675496 0.005859375 0.05033112582781457
0 0.70751953125 0.4384105960264901 0.005859375 0.07019867549668875
0 0.77978515625 0.4198675496688742 0.0078125 0.11258278145695365
0 0.80908203125 0.4470198675496689 0.005859375 0.052980132450331126
0 0.875 0.4503311258278146 0.0068359375 0.04105960264900662
