0 0.08504398826979472 0.46799431009957326 0.008797653958944282 0.18634423897581792
0 0.42473118279569894 0.45021337126600286 0.005865102639296188 0.08819345661450925
0 0.44916911045943303 0.44096728307254623 0.005865102639296188 0.05547652916073969
0 0.530791788856305 0.46372688477951635 0.006842619745845552 0.07254623044096728
0 0.6402737047898338 0.46799431009957326 0.01466275659824047 0.049786628733997154
0 0.6735092864125122 0.5220483641536273 0.004887585532746823 0.08961593172119488
0 0.6984359726295211 0.4957325746799431 0.005865102639296188 0.1763869132290185
0 0.7473118279569892 0.4793741109530583 0.005865102639296188 0.07539118065433854
0 0.7321603128054741 0.4871977240398293 0.004887585532746823 0.059743954480796585
0 0.8235581622678397 0.49288762446657186 0.005865102639296188 0.06543385490753911
0 0.8905180840664711 0.4317211948790896 0.006842619745845552 0.08534850640113797
0 0.29716520039100686 0.4516358463726885 0.004887585532746823 0.025604551920341393
0 0.1495601173020528 0.4957325746799431 0.004887585532746823 0.02275960170697013
0 0.7140762463343109 0.44523470839260315 0.015640273704789834 0.05832147937411095
0 0.8401759530791789 0.4466571834992888 0.005865102639296188 0.04694167852062589
0 0.7981427174975562 0.4544807965860597 0.005865102639296188 0.04267425320056899
0 0.5992179863147605 0.5120910384068279 0.006842619745845552 0.029871977240398292
