0 0.1436950146627566 0.4589403973509934 0.006842619745845552 0.03443708609271523
0 0.1989247311827957 0.3529801324503311 0.015640273704789834 0.16688741721854305
0 0.06402737047898338 0.4390728476821192 0.0039100684261974585 0.045033112582781455
0 0.26344086021505375 0.39536423841059604 0.009775171065493646 0.2410596026490066
0 0.3357771260997067 0.32450331125827814 0.011730205278592375 0.4384105960264901
0 0.4232649071358749 0.4503311258278146 0.004887585532746823 0.04900662251655629
0 0.47458455522971654 0.4549668874172185 0.005865102639296188 0.02913907284768212
0 0.5087976539589443 0.5271523178807948 0.005865102639296188 0.08344370860927153
0 0.5234604105571847 0.371523178807947 0.009775171065493646 0.3152317880794702
0 0.5566959921798631 0.447682119205298 0.005865102639296188 0.01456953642384106
0 0.5850439882697948 0.5185430463576159 0.005865102639296188 0.039735099337748346
0 0.8597262952101662 0.41324503311258276 0.007820136852394917 0.04900662251655629
0 0.8826979472140762 0.46225165562913906 0.006842619745845552 0.02781456953642384
0 0.8294232649071359 0.45827814569536424 0.005865102639296188 0.02781456953642384
0 0.7424242424242424 0.5172185430463576 0.007820136852394917 0.06887417218543046
0 0.8900293255131965 0.5450331125827814 0.005865102639296188 0.05033112582781457
