0 0.0673828125 0.4549668874172185 0.0107421875 0.10596026490066225
0 0.08740234375 0.49337748344370863 0.009765625 0.09271523178807947
0 0.1982421875 0.5470198675496689 0.0087890625 0.04105960264900662
0 0.17529296875 0.4152317880794702 0.0078125 0.1695364238410596
0 0.197265625 0.4562913907284768 0.0185546875 0.2251655629139073
0 0.27880859375 0.4735099337748344 0.0078125 0.11390728476821192
0 0.2958984375 0.5059602649006623 0.0068359375 0.04105960264900662
0 0.32373046875 0.40927152317880794 0.005859375 0.06490066225165562
0 0.41455078125 0.5298013245033113 0.0078125 0.046357615894039736
0 0.42578125 0.39006622516556294 0.0068359375 0.09801324503311258
0 0.53857421875 0.3086092715231788 0.009765625 0.4304635761589404
0 0.51416015625 0.45364238410596025 0.005859375 0.03708609271523179
0 0.56689453125 0.4271523178807947 0.00390625 0.02384105960264901
0 0.623046875 0.48344370860927155 0.0068359375 0.07019867549668875
0 0.71630859375 0.5152317880794702 0.005859375 0.051655629139072845
0 0.81103515625 0.4423841059602649 0.0078125 0.059602649006622516
0 0.85107421875 0.4609271523178808 0.0078125 0.017218543046357615
0 0.87939453125 0.45165562913907287 0.005859375 0.017218543046357615
0 0.87255859375 0.433112582781457 0.0078125 0.08874172185430464
0 0.14892578125 0.5298013245033113 0.03125 0.04370860927152318
