0 0.10498046875 0.4544807965860597 0.005859375 0.017069701280227598
0 0.10595703125 0.5135135135135135 0.005859375 0.02702702702702703
0 0.1728515625 0.5113798008534851 0.0068359375 0.02844950213371266
0 0.1572265625 0.5007112375533428 0.0048828125 0.02418207681365576
0 0.1884765625 0.5362731152204836 0.0048828125 0.00995732574679943
0 0.3466796875 0.5220483641536273 0.0048828125 0.02418207681365576
0 0.31982421875 0.4238975817923186 0.00390625 0.02702702702702703
0 0.51220703125 0.42532005689900426 0.005859375 0.03840682788051209
0 0.5634765625 0.49431009957325744 0.0048828125 0.01991465149359886
0 0.6884765625 0.4594594594594595 0.0048828125 0.015647226173541962
0 0.79248046875 0.44950213371266 0.00390625 0.015647226173541962
0 0.8818359375 0.49644381223328593 0.0048828125 0.00995732574679943
