0 0.068359375 0.4544807965860597 0.0107421875 0.1166429587482219
0 0.1767578125 0.5369843527738265 0.0068359375 0.11095305832147938
0 0.20068359375 0.37339971550497864 0.01171875 0.17069701280227595
0 0.306640625 0.4694167852062589 0.0048828125 0.012802275960170697
0 0.3935546875 0.5597439544807966 0.0068359375 0.07965860597439545
0 0.46337890625 0.45305832147937414 0.005859375 0.031294452347083924
0 0.56298828125 0.5519203413940256 0.005859375 0.1379800853485064
0 0.7001953125 0.5184921763869133 0.0048828125 0.07112375533428165
0 0.7333984375 0.45519203413940257 0.0068359375 0.021337126600284494
0 0.7744140625 0.4701280227596017 0.0068359375 0.08534850640113797
0 0.783203125 0.42460881934566147 0.0068359375 0.09388335704125178
0 0.15625 0.5170697012802276 0.0146484375 0.017069701280227598
