0 0.38720703125 0.44950213371266 0.005859375 0.05547652916073969
0 0.4765625 0.4900426742532006 0.0068359375 0.059743954480796585
0 0.5029296875 0.5113798008534851 0.0048828125 0.059743954480796585
0 0.408203125 0.49857752489331436 0.0068359375 0.02844950213371266
0 0.51513671875 0.5291607396870555 0.005859375 0.06685633001422475
0 0.53759765625 0.45092460881934565 0.005859375 0.049786628733997154
0 0.54638671875 0.5405405405405406 0.009765625 0.10668563300142248
0 0.54736328125 0.3634423897581792 0.009765625 0.22759601706970128
0 0.60107421875 0.4523470839260313 0.005859375 0.032716927453769556
0 0.64013671875 0.5675675675675675 0.005859375 0.08677098150782361
0 0.74072265625 0.5611664295874822 0.005859375 0.10526315789473684
0 0.7626953125 0.4644381223328592 0.0068359375 0.07681365576102418
0 0.36083984375 0.45092460881934565 0.009765625 0.04694167852062589
0 0.37255859375 0.5213371266002845 0.005859375 0.025604551920341393
0 0.89892578125 0.5263157894736842 0.005859375 0.11522048364153627
0 0.6806640625 0.4544807965860597 0.0830078125 0.1251778093883357
0 0.345703125 0.5369843527738265 0.0048828125 0.06258890469416785
0 0.875 0.5199146514935988 0.0068359375 0.07965860597439545
