0 0.11279296875 0.42816500711237554 0.005859375 0.20625889046941678
0 0.10302734375 0.5248933143669986 0.005859375 0.049786628733997154
0 0.31982421875 0.4182076813655761 0.005859375 0.07823613086770982
0 0.3603515625 0.43812233285917496 0.0087890625 0.05263157894736842
0 0.3720703125 0.414651493598862 0.0048828125 0.059743954480796585
0 0.4033203125 0.5298719772403983 0.0068359375 0.05405405405405406
0 0.41015625 0.45021337126600286 0.0068359375 0.051209103840682786
0 0.4697265625 0.43812233285917496 0.0048828125 0.06401137980085349
0 0.52685546875 0.4871977240398293 0.0078125 0.12802275960170698
0 0.79638671875 0.49288762446657186 0.005859375 0.1337126600284495
0 0.78125 0.5056899004267426 0.0068359375 0.11095305832147938
0 0.90283203125 0.5177809388335705 0.005859375 0.05832147937411095
0 0.22314453125 0.45590327169274536 0.052734375 0.1507823613086771
0 0.67333984375 0.4274537695590327 0.021484375 0.09388335704125178
