0 0.06640625 0.4099337748344371 0.0087890625 0.16688741721854305
0 0.08154296875 0.5052980132450331 0.0078125 0.05033112582781457
0 0.3876953125 0.43642384105960264 0.0068359375 0.16158940397350993
0 0.5234375 0.5033112582781457 0.0068359375 0.054304635761589407
0 0.54052734375 0.44304635761589406 0.005859375 0.10066225165562914
0 0.61083984375 0.45827814569536424 0.005859375 0.04105960264900662
0 0.8193359375 0.3390728476821192 0.0068359375 0.25298013245033113
0 0.87939453125 0.5 0.0078125 0.06357615894039735
0 0.10107421875 0.41258278145695365 0.005859375 0.045033112582781455
0 0.34326171875 0.43443708609271525 0.01171875 0.030463576158940398
