0 0.14453125 0.47652916073968704 0.0107421875 0.05547652916073969
0 0.1572265625 0.4665718349928876 0.0048828125 0.08108108108108109
0 0.28076171875 0.4672830725462304 0.005859375 0.02844950213371266
0 0.37255859375 0.4566145092460882 0.00390625 0.02702702702702703
0 0.4609375 0.5056899004267426 0.0048828125 0.04267425320056899
0 0.4755859375 0.5056899004267426 0.0048828125 0.051209103840682786
0 0.64306640625 0.5341394025604552 0.005859375 0.07681365576102418
0 0.58544921875 0.4829302987197724 0.005859375 0.01991465149359886
0 0.81494140625 0.55049786628734 0.005859375 0.12091038406827881
0 0.84033203125 0.515647226173542 0.0078125 0.03982930298719772
0 0.78173828125 0.4516358463726885 0.005859375 0.02844950213371266
0 0.87451171875 0.45305832147937414 0.00390625 0.034139402560455195
0 0.494384765625 0.47415836889521107 0.004069010416666685 0.12192643771591141
0 0.34130859375 0.5263157894736842 0.044921875 0.08392603129445235
