0 0.111328125 0.46088193456614507 0.0087890625 0.11522048364153627
0 0.1337890625 0.5128022759601707 0.0068359375 0.04267425320056899
0 0.373046875 0.4672830725462304 0.0048828125 0.031294452347083924
0 0.5498046875 0.5049786628733998 0.0048828125 0.03556187766714083
0 0.62890625 0.4914651493598862 0.0068359375 0.04836415362731152
0 0.876953125 0.5042674253200569 0.0048828125 0.02844950213371266
0 0.69970703125 0.4992887624466572 0.005859375 0.02702702702702703
0 0.89501953125 0.5419630156472262 0.005859375 0.03840682788051209
0 0.521484375 0.5049786628733998 0.0048828125 0.032716927453769556
0 0.23974609375 0.5056899004267426 0.005859375 0.01991465149359886
