0 0.08056640625 0.5362731152204836 0.0078125 0.2574679943100996
0 0.09814453125 0.5746799431009957 0.005859375 0.08677098150782361
0 0.32470703125 0.531294452347084 0.005859375 0.03698435277382646
0 0.46875 0.44310099573257467 0.0068359375 0.2332859174964438
0 0.60009765625 0.41038406827880514 0.0078125 0.12233285917496443
0 0.69384765625 0.4672830725462304 0.005859375 0.07681365576102418
0 0.7705078125 0.5049786628733998 0.0048828125 0.03840682788051209
0 0.19580078125 0.5092460881934566 0.005859375 0.05263157894736842
0 0.37646484375 0.4822190611664296 0.00390625 0.032716927453769556
0 0.60595703125 0.5120910384068279 0.009765625 0.03840682788051209
