0 0.07373046875 0.5241820768136558 0.005859375 0.05689900426742532
0 0.080078125 0.4544807965860597 0.0048828125 0.031294452347083924
0 0.162109375 0.5256045519203414 0.0068359375 0.10241820768136557
0 0.32958984375 0.5007112375533428 0.005859375 0.04694167852062589
0 0.3359375 0.4402560455192034 0.0068359375 0.06543385490753911
0 0.35498046875 0.47652916073968704 0.0078125 0.1721194879089616
0 0.341796875 0.4800853485064011 0.0048828125 0.04836415362731152
0 0.74072265625 0.45092460881934565 0.005859375 0.18634423897581792
0 0.8583984375 0.4402560455192034 0.0087890625 0.09103840682788052
0 0.888671875 0.4445234708392603 0.0048828125 0.10241820768136557
0 0.84521484375 0.5419630156472262 0.005859375 0.04694167852062589
0 0.75537109375 0.4359886201991465 0.0078125 0.03698435277382646
