0 0.08056640625 0.5327169274537695 0.005859375 0.09388335704125178
0 0.12890625 0.5334281650071123 0.0048828125 0.049786628733997154
0 0.21533203125 0.5064011379800853 0.005859375 0.03840682788051209
0 0.2626953125 0.43314366998577525 0.0048828125 0.01991465149359886
0 0.3359375 0.5056899004267426 0.0068359375 0.09672830725462304
0 0.3935546875 0.5213371266002845 0.0087890625 0.18776671408250356
0 0.55419921875 0.5362731152204836 0.005859375 0.044096728307254626
0 0.57666015625 0.5376955903271693 0.005859375 0.044096728307254626
0 0.583984375 0.5120910384068279 0.0048828125 0.03840682788051209
0 0.59423828125 0.581081081081081 0.005859375 0.031294452347083924
0 0.650390625 0.5149359886201992 0.0068359375 0.05547652916073969
0 0.73486328125 0.42318634423897583 0.005859375 0.09672830725462304
0 0.82861328125 0.45021337126600286 0.005859375 0.04551920341394026
0 0.87109375 0.5007112375533428 0.0068359375 0.06685633001422475
0 0.83642578125 0.5561877667140825 0.005859375 0.041251778093883355
