0 0.08154296875 0.4359886201991465 0.005859375 0.07965860597439545
0 0.109375 0.42460881934566147 0.0068359375 0.08819345661450925
0 0.29150390625 0.4566145092460882 0.005859375 0.041251778093883355
0 0.4267578125 0.45305832147937414 0.0068359375 0.04551920341394026
0 0.52099609375 0.5398293029871978 0.005859375 0.09957325746799431
0 0.6328125 0.42887624466571833 0.0068359375 0.09672830725462304
0 0.7490234375 0.5391180654338549 0.0068359375 0.10668563300142248
0 0.81494140625 0.3862019914651494 0.0078125 0.18492176386913228
0 0.82861328125 0.4295874822190612 0.005859375 0.09246088193456614
0 0.51171875 0.3961593172119488 0.0107421875 0.3840682788051209
0 0.7998046875 0.531294452347084 0.0048828125 0.05405405405405406
0 0.876953125 0.5042674253200569 0.0048828125 0.04551920341394026
0 0.71728515625 0.5163584637268848 0.0068359375 0.07396870554765292
0 0.7216796875 0.4395448079658606 0.013671875 0.03982930298719772
