0 0.078125 0.37980085348506404 0.0068359375 0.25177809388335703
0 0.158203125 0.5284495021337127 0.0068359375 0.09388335704125178
0 0.201171875 0.4743954480796586 0.0087890625 0.07112375533428165
0 0.2177734375 0.4594594594594595 0.0068359375 0.032716927453769556
0 0.232421875 0.542674253200569 0.0068359375 0.06258890469416785
0 0.25 0.5277382645803699 0.0048828125 0.05263157894736842
0 0.3408203125 0.5256045519203414 0.0458984375 0.08819345661450925
0 0.47705078125 0.5234708392603129 0.009765625 0.1891891891891892
0 0.51513671875 0.44310099573257467 0.005859375 0.059743954480796585
0 0.58349609375 0.43029871977240397 0.009765625 0.06543385490753911
0 0.83642578125 0.4118065433854908 0.009765625 0.1337126600284495
0 0.8828125 0.4665718349928876 0.0068359375 0.021337126600284494
