0 0.1689453125 0.5028449502133713 0.0068359375 0.034139402560455195
0 0.17919921875 0.48577524893314367 0.009765625 0.11379800853485064
0 0.20458984375 0.45021337126600286 0.005859375 0.12233285917496443
0 0.23046875 0.4267425320056899 0.0068359375 0.18634423897581792
0 0.38427734375 0.47581792318634425 0.009765625 0.034139402560455195
0 0.43310546875 0.38549075391180654 0.009765625 0.2375533428165007
0 0.505859375 0.47368421052631576 0.0048828125 0.05263157894736842
0 0.4912109375 0.5064011379800853 0.0048828125 0.041251778093883355
0 0.67138671875 0.43029871977240397 0.005859375 0.07681365576102418
0 0.86669921875 0.48577524893314367 0.005859375 0.051209103840682786
0 0.5693359375 0.49288762446657186 0.0068359375 0.031294452347083924
0 0.6062983960176991 0.47104696685507125 0.006049502212389424 0.028953033144928846
0 0.400390625 0.4295874822190612 0.0048828125 0.02702702702702703
0 0.55029296875 0.46799431009957326 0.005859375 0.021337126600284494
0 0.8994140625 0.5092460881934566 0.0048828125 0.03556187766714083
