0 0.20263671875 0.33841059602649004 0.005859375 0.05033112582781457
0 0.18798828125 0.3185430463576159 0.005859375 0.013245033112582781
0 0.3046875 0.3880794701986755 0.0068359375 0.08079470198675497
0 0.41162109375 0.27880794701986755 0.005859375 0.045033112582781455
0 0.4873046875 0.33774834437086093 0.0087890625 0.10728476821192053
0 0.50439453125 0.3741721854304636 0.0078125 0.03708609271523179
0 0.58203125 0.3801324503311258 0.0048828125 0.019867549668874173
0 0.66259765625 0.35960264900662253 0.005859375 0.03443708609271523
0 0.80615234375 0.34105960264900664 0.005859375 0.05033112582781457
0 0.83154296875 0.2986754966887417 0.005859375 0.03708609271523179
0 0.85205078125 0.35562913907284766 0.005859375 0.02384105960264901
0 0.16843377976190477 0.3397981709239987 0.007440476190476192 0.07694733522548093
