0 0.08837890625 0.44523470839260315 0.005859375 0.041251778093883355
0 0.09765625 0.4900426742532006 0.0048828125 0.017069701280227598
0 0.1123046875 0.47155049786628733 0.0048828125 0.011379800853485065
0 0.12548828125 0.4914651493598862 0.005859375 0.017069701280227598
0 0.158203125 0.5071123755334281 0.0068359375 0.11379800853485064
0 0.23583984375 0.44310099573257467 0.00390625 0.04267425320056899
0 0.29931640625 0.46301564722617355 0.005859375 0.04836415362731152
0 0.283203125 0.45803698435277385 0.0048828125 0.03556187766714083
0 0.36328125 0.45092460881934565 0.0048828125 0.044096728307254626
0 0.4033203125 0.42887624466571833 0.0048828125 0.02275960170697013
0 0.4619140625 0.4061166429587482 0.0068359375 0.09672830725462304
0 0.4267578125 0.44594594594594594 0.0087890625 0.02275960170697013
0 0.28466796875 0.4950213371266003 0.005859375 0.021337126600284494
0 0.4423828125 0.5519203413940256 0.0068359375 0.044096728307254626
0 0.4599609375 0.49786628733997157 0.0048828125 0.03556187766714083
0 0.4873046875 0.4615931721194879 0.0048828125 0.017069701280227598
0 0.51220703125 0.484352773826458 0.005859375 0.059743954480796585
0 0.52392578125 0.5590327169274538 0.005859375 0.049786628733997154
0 0.5390625 0.44950213371266 0.0068359375 0.02702702702702703
0 0.56201171875 0.45092460881934565 0.005859375 0.041251778093883355
0 0.5498046875 0.4694167852062589 0.0048828125 0.012802275960170697
0 0.576171875 0.5092460881934566 0.0048828125 0.02702702702702703
0 0.60693359375 0.5113798008534851 0.0078125 0.01422475106685633
0 0.62451171875 0.5092460881934566 0.005859375 0.05263157894736842
0 0.677734375 0.43741109530583216 0.0048828125 0.04551920341394026
0 0.69873046875 0.44096728307254623 0.005859375 0.012802275960170697
0 0.71875 0.4950213371266003 0.0048828125 0.021337126600284494
0 0.75341796875 0.5248933143669986 0.005859375 0.08108108108108109
0 0.72265625 0.43029871977240397 0.0048828125 0.01422475106685633
0 0.7412109375 0.4395448079658606 0.0048828125 0.029871977240398292
0 0.73095703125 0.5014224751066856 0.005859375 0.034139402560455195
0 0.8193359375 0.4132290184921764 0.0068359375 0.025604551920341393
0 0.83056640625 0.4822190611664296 0.005859375 0.04694167852062589
0 0.765625 0.5206258890469416 0.0048828125 0.029871977240398292
0 0.8779296875 0.465149359886202 0.0068359375 0.02702702702702703
0 0.677734375 0.36486486486486486 0.0068359375 0.06543385490753911
0 0.5937672842920354 0.4666410705069299 0.008642146017699193 0.128400407860119
