0 0.095703125 0.5291607396870555 0.0048828125 0.06116642958748222
0 0.22314453125 0.43741109530583216 0.005859375 0.06827880512091039
0 0.279296875 0.4566145092460882 0.0048828125 0.03556187766714083
0 0.2861328125 0.5163584637268848 0.0068359375 0.029871977240398292
0 0.3330078125 0.492176386913229 0.0068359375 0.05547652916073969
0 0.56494140625 0.40042674253200566 0.0078125 0.17069701280227595
0 0.72509765625 0.3506401137980085 0.0078125 0.5120910384068279
0 0.80908203125 0.47581792318634425 0.005859375 0.07681365576102418
0 0.6142578125 0.47297297297297297 0.0087890625 0.03982930298719772
0 0.58740234375 0.5035561877667141 0.00390625 0.02702702702702703
0 0.505859375 0.4516358463726885 0.0048828125 0.025604551920341393
0 0.4619140625 0.5064011379800853 0.0048828125 0.02702702702702703
