0 0.09375 0.4402560455192034 0.0068359375 0.031294452347083924
0 0.1845703125 0.3911806543385491 0.0048828125 0.04694167852062589
0 0.296875 0.5071123755334281 0.0048828125 0.051209103840682786
0 0.29345703125 0.4466571834992888 0.00390625 0.01849217638691323
0 0.46826171875 0.43314366998577525 0.005859375 0.025604551920341393
0 0.52490234375 0.5355618776671408 0.0078125 0.05689900426742532
0 0.62841796875 0.39544807965860596 0.0078125 0.15789473684210525
0 0.748046875 0.5142247510668563 0.0068359375 0.1251778093883357
0 0.36474609375 0.5170697012802276 0.0078125 0.08250355618776671
0 0.365234375 0.45092460881934565 0.0048828125 0.02418207681365576
0 0.69775390625 0.49359886201991465 0.005859375 0.029871977240398292
