0 0.12939453125 0.3927152317880795 0.01171875 0.10066225165562914
0 0.20703125 0.3529801324503311 0.0107421875 0.08211920529801324
0 0.3388671875 0.47019867549668876 0.0341796875 0.046357615894039736
0 0.59130859375 0.4556291390728477 0.0078125 0.06490066225165562
0 0.84423828125 0.4337748344370861 0.0078125 0.045033112582781455
0 0.82080078125 0.433112582781457 0.005859375 0.054304635761589407
0 0.88720703125 0.42582781456953644 0.005859375 0.0423841059602649
0 0.56298828125 0.38675496688741723 0.005859375 0.022516556291390728
0 0.5908203125 0.38609271523178806 0.0048828125 0.02119205298013245
0 0.259765625 0.3536423841059603 0.0048828125 0.04900662251655629
