0 0.076171875 0.4445234708392603 0.0068359375 0.17354196301564723
0 0.103515625 0.48577524893314367 0.0068359375 0.06827880512091039
0 0.11328125 0.4167852062588905 0.0087890625 0.07254623044096728
0 0.14306640625 0.5120910384068279 0.009765625 0.10099573257467995
0 0.19921875 0.5227596017069701 0.0087890625 0.07396870554765292
0 0.20361328125 0.35135135135135137 0.0078125 0.2546230440967283
0 0.23388671875 0.5263157894736842 0.005859375 0.05263157894736842
0 0.25634765625 0.5078236130867709 0.005859375 0.13229018492176386
0 0.2890625 0.4310099573257468 0.0068359375 0.044096728307254626
0 0.341796875 0.4694167852062589 0.0087890625 0.06116642958748222
0 0.37646484375 0.47155049786628733 0.005859375 0.051209103840682786
0 0.400390625 0.48577524893314367 0.0068359375 0.08250355618776671
0 0.40185546875 0.42460881934566147 0.0078125 0.10241820768136557
0 0.54345703125 0.4793741109530583 0.005859375 0.03840682788051209
0 0.564453125 0.5675675675675675 0.0048828125 0.12660028449502134
0 0.669921875 0.5263157894736842 0.0048828125 0.07254623044096728
0 0.6875 0.5014224751066856 0.0048828125 0.02844950213371266
0 0.70361328125 0.43741109530583216 0.005859375 0.06827880512091039
0 0.7099609375 0.5163584637268848 0.0068359375 0.06401137980085349
0 0.76708984375 0.4352773826458037 0.005859375 0.07823613086770982
0 0.77734375 0.42460881934566147 0.0068359375 0.10241820768136557
0 0.3427734375 0.5341394025604552 0.0478515625 0.10241820768136557
