0 0.12841796875 0.5125827814569537 0.009765625 0.10728476821192053
0 0.4833984375 0.5172185430463576 0.0068359375 0.06887417218543046
0 0.5458984375 0.4019867549668874 0.0068359375 0.11125827814569536
0 0.60546875 0.428476821192053 0.0068359375 0.045033112582781455
0 0.7294921875 0.44966887417218543 0.0068359375 0.0423841059602649
0 0.8271484375 0.5185430463576159 0.0068359375 0.060927152317880796
0 0.83154296875 0.5026490066225165 0.0078125 0.0423841059602649
0 0.86962890625 0.3609271523178808 0.009765625 0.423841059602649
0 0.8916015625 0.39867549668874175 0.0068359375 0.14966887417218544
0 0.2265625 0.49271523178807947 0.0048828125 0.019867549668874173
