0 0.30303030303030304 0.4112582781456954 0.006842619745845552 0.12980132450331125
0 0.21114369501466276 0.4423841059602649 0.006842619745845552 0.051655629139072845
0 0.4359726295210166 0.5649006622516556 0.006842619745845552 0.07417218543046358
0 0.3333333333333333 0.5033112582781457 0.008797653958944282 0.025165562913907286
0 0.45943304007820135 0.47218543046357614 0.006842619745845552 0.08211920529801324
0 0.4858260019550342 0.49072847682119203 0.006842619745845552 0.045033112582781455
0 0.5962854349951124 0.562251655629139 0.010752688172043012 0.07682119205298013
0 0.5869990224828935 0.4291390728476821 0.007820136852394917 0.08874172185430464
0 0.37145650048875856 0.3794701986754967 0.006842619745845552 0.5695364238410596
0 0.8284457478005866 0.4410596026490066 0.007820136852394917 0.04370860927152318
0 0.8255131964809385 0.5225165562913907 0.005865102639296188 0.07947019867549669
0 0.7150537634408602 0.49735099337748345 0.005865102639296188 0.02913907284768212
0 0.8807429130009775 0.4589403973509934 0.04985337243401759 0.12185430463576159
