0 0.083984375 0.4402560455192034 0.0068359375 0.059743954480796585
0 0.11572265625 0.43812233285917496 0.005859375 0.06401137980085349
0 0.12744140625 0.4480796586059744 0.015625 0.6870554765291608
0 0.3408203125 0.44950213371266 0.0068359375 0.02418207681365576
0 0.4619140625 0.5021337126600285 0.0068359375 0.13229018492176386
0 0.48388671875 0.49288762446657186 0.0078125 0.06543385490753911
0 0.5107421875 0.4139402560455192 0.0068359375 0.06401137980085349
0 0.54736328125 0.5433854907539118 0.005859375 0.11522048364153627
0 0.60546875 0.43029871977240397 0.0068359375 0.04836415362731152
0 0.66357421875 0.4516358463726885 0.0078125 0.09103840682788052
0 0.7294921875 0.4466571834992888 0.0048828125 0.05547652916073969
0 0.83154296875 0.4544807965860597 0.0078125 0.13086770981507823
0 0.44970703125 0.47652916073968704 0.005859375 0.044096728307254626
0 0.1962890625 0.5035561877667141 0.0048828125 0.032716927453769556
0 0.16650390625 0.5049786628733998 0.00390625 0.03556187766714083
0 0.42626953125 0.4359886201991465 0.005859375 0.017069701280227598
