0 0.21114369501466276 0.4410596026490066 0.006842619745845552 0.054304635761589407
0 0.28152492668621704 0.4860927152317881 0.01270772238514174 0.12582781456953643
0 0.2380254154447703 0.49801324503311256 0.005865102639296188 0.017218543046357615
0 0.30303030303030304 0.4119205298013245 0.006842619745845552 0.09668874172185431
0 0.37145650048875856 0.38675496688741723 0.006842619745845552 0.5867549668874172
0 0.3998044965786901 0.5218543046357615 0.006842619745845552 0.0728476821192053
0 0.45943304007820135 0.4867549668874172 0.006842619745845552 0.06622516556291391
0 0.5948191593352884 0.5701986754966888 0.005865102639296188 0.05033112582781457
0 0.5869990224828935 0.423841059602649 0.007820136852394917 0.0781456953642384
0 0.6608015640273704 0.44304635761589406 0.008797653958944282 0.06357615894039735
0 0.7697947214076246 0.5490066225165563 0.007820136852394917 0.09801324503311258
0 0.8255131964809385 0.5198675496688742 0.005865102639296188 0.07152317880794702
0 0.8284457478005866 0.4370860927152318 0.007820136852394917 0.059602649006622516
0 0.833822091886608 0.4271523178807947 0.006842619745845552 0.09801324503311258
0 0.8792766373411535 0.4602649006622517 0.05083088954056696 0.12185430463576159
