0 0.08544921875 0.561877667140825 0.0078125 0.10668563300142248
0 0.103515625 0.45590327169274536 0.0048828125 0.03698435277382646
0 0.16455078125 0.4665718349928876 0.005859375 0.021337126600284494
0 0.2685546875 0.5035561877667141 0.0048828125 0.04694167852062589
0 0.3701171875 0.44594594594594594 0.0048828125 0.051209103840682786
0 0.611328125 0.4672830725462304 0.0029296875 0.017069701280227598
0 0.74560546875 0.46301564722617355 0.005859375 0.02275960170697013
0 0.3447265625 0.5234708392603129 0.0048828125 0.02702702702702703
0 0.71728515625 0.4388335704125178 0.005859375 0.031294452347083924
0 0.2880859375 0.49644381223328593 0.00390625 0.02844950213371266
0 0.2880859375 0.4615931721194879 0.00390625 0.015647226173541962
