0 0.07568359375 0.4523470839260313 0.005859375 0.0953058321479374
0 0.09716796875 0.5199146514935988 0.005859375 0.059743954480796585
0 0.103515625 0.45092460881934565 0.0068359375 0.05263157894736842
0 0.1455078125 0.4971550497866287 0.0068359375 0.059743954480796585
0 0.21484375 0.47155049786628733 0.0068359375 0.031294452347083924
0 0.30859375 0.515647226173542 0.0068359375 0.031294452347083924
0 0.37646484375 0.492176386913229 0.005859375 0.06970128022759602
0 0.42919921875 0.4850640113798009 0.005859375 0.032716927453769556
0 0.4951171875 0.4800853485064011 0.0068359375 0.034139402560455195
0 0.501953125 0.4445234708392603 0.0048828125 0.05689900426742532
0 0.6982421875 0.5284495021337127 0.0048828125 0.051209103840682786
0 0.7666015625 0.41536273115220484 0.0048828125 0.10668563300142248
0 0.77783203125 0.47652916073968704 0.005859375 0.032716927453769556
0 0.89892578125 0.45376955903271693 0.005859375 0.032716927453769556
0 0.33349609375 0.42816500711237554 0.00390625 0.02418207681365576
0 0.28857421875 0.4238975817923186 0.005859375 0.05547652916073969
0 0.23095703125 0.531294452347084 0.005859375 0.02275960170697013
0 0.35986328125 0.5291607396870555 0.0078125 0.049786628733997154
0 0.33154296875 0.5455192034139402 0.021484375 0.051209103840682786
0 0.34716796875 0.5 0.02734375 0.01991465149359886
