0 0.45947265625 0.4544807965860597 0.005859375 0.04551920341394026
0 0.28466796875 0.43812233285917496 0.005859375 0.06401137980085349
0 0.28369140625 0.5071123755334281 0.00390625 0.04551920341394026
0 0.53759765625 0.457325746799431 0.005859375 0.02844950213371266
0 0.6611328125 0.42532005689900426 0.0048828125 0.021337126600284494
0 0.7685546875 0.5305832147937412 0.0048828125 0.07539118065433854
0 0.828125 0.45092460881934565 0.0068359375 0.10668563300142248
0 0.8916015625 0.5611664295874822 0.0068359375 0.09103840682788052
0 0.87158203125 0.4701280227596017 0.03515625 0.09388335704125178
0 0.37158203125 0.43314366998577525 0.009765625 0.6799431009957326
