0 0.3709677419354839 0.3576158940397351 0.007820136852394917 0.528476821192053
0 0.3040078201368524 0.40794701986754967 0.008797653958944282 0.12317880794701987
0 0.45943304007820135 0.48344370860927155 0.006842619745845552 0.06490066225165562
0 0.4858260019550342 0.49735099337748345 0.006842619745845552 0.031788079470198675
0 0.5948191593352884 0.5649006622516556 0.007820136852394917 0.07152317880794702
0 0.5869990224828935 0.4304635761589404 0.007820136852394917 0.0913907284768212
0 0.7150537634408602 0.5033112582781457 0.007820136852394917 0.04370860927152318
0 0.8289345063538612 0.447682119205298 0.006842619745845552 0.019867549668874173
0 0.8250244379276638 0.4947019867549669 0.006842619745845552 0.026490066225165563
0 0.3313782991202346 0.5013245033112583 0.010752688172043012 0.02119205298013245
0 0.4002932551319648 0.5052980132450331 0.007820136852394917 0.045033112582781455
0 0.8812316715542522 0.4589403973509934 0.04887585532746823 0.12185430463576159
