0 0.3069403714565005 0.39536423841059604 0.006842619745845552 0.10860927152317881
0 0.29472140762463345 0.4470198675496689 0.005865102639296188 0.05827814569536424
0 0.29423264907135877 0.5066225165562914 0.006842619745845552 0.052980132450331126
0 0.3807429130009775 0.44039735099337746 0.007820136852394917 0.07682119205298013
0 0.4995112414467253 0.4947019867549669 0.006842619745845552 0.08211920529801324
0 0.532258064516129 0.41788079470198675 0.005865102639296188 0.06887417218543046
0 0.5518084066471163 0.4609271523178808 0.007820136852394917 0.06490066225165562
0 0.7111436950146628 0.5390728476821192 0.009775171065493646 0.10728476821192053
0 0.7619745845552297 0.4860927152317881 0.017595307917888565 0.08079470198675497
0 0.8103616813294232 0.46556291390728477 0.006842619745845552 0.02119205298013245
0 0.8123167155425219 0.49403973509933774 0.006842619745845552 0.019867549668874173
0 0.8875855327468231 0.45364238410596025 0.01466275659824047 0.039735099337748346
0 0.8875855327468231 0.49337748344370863 0.01466275659824047 0.02119205298013245
