0 0.08837890625 0.5675675675675675 0.005859375 0.06685633001422475
0 0.1259765625 0.43029871977240397 0.0068359375 0.08819345661450925
0 0.12890625 0.4786628733997155 0.0107421875 0.22759601706970128
0 0.19091796875 0.5369843527738265 0.005859375 0.09103840682788052
0 0.26220703125 0.43314366998577525 0.005859375 0.08534850640113797
0 0.3642578125 0.5369843527738265 0.0068359375 0.04551920341394026
0 0.392578125 0.49857752489331436 0.0048828125 0.034139402560455195
0 0.44775390625 0.48577524893314367 0.005859375 0.1251778093883357
0 0.54931640625 0.4601706970128023 0.005859375 0.025604551920341393
0 0.57958984375 0.44950213371266 0.005859375 0.032716927453769556
0 0.66064453125 0.4445234708392603 0.005859375 0.011379800853485065
0 0.671875 0.4957325746799431 0.0107421875 0.02844950213371266
0 0.697265625 0.4871977240398293 0.0068359375 0.11948790896159317
0 0.7490234375 0.5163584637268848 0.0048828125 0.06970128022759602
0 0.75830078125 0.515647226173542 0.005859375 0.06827880512091039
0 0.8134765625 0.4950213371266003 0.0048828125 0.02418207681365576
0 0.5665445243362831 0.4779705182592933 0.006049502212389424 0.09567089213106912
