0 0.06689453125 0.45021337126600286 0.0078125 0.07681365576102418
0 0.1064453125 0.5675675675675675 0.0068359375 0.10099573257467995
0 0.09765625 0.4850640113798009 0.0068359375 0.03840682788051209
0 0.10595703125 0.47083926031294454 0.005859375 0.021337126600284494
0 0.19921875 0.5469416785206259 0.0087890625 0.031294452347083924
0 0.22607421875 0.5206258890469416 0.005859375 0.05547652916073969
0 0.26171875 0.5049786628733998 0.0068359375 0.12375533428165007
0 0.23876953125 0.47155049786628733 0.005859375 0.01422475106685633
0 0.27783203125 0.46870554765291605 0.005859375 0.025604551920341393
0 0.29345703125 0.4850640113798009 0.005859375 0.03556187766714083
0 0.45166015625 0.4366998577524893 0.02734375 0.12660028449502134
0 0.47314453125 0.45092460881934565 0.005859375 0.02702702702702703
0 0.5126953125 0.4850640113798009 0.0068359375 0.03556187766714083
0 0.568359375 0.4786628733997155 0.0048828125 0.034139402560455195
0 0.599609375 0.4743954480796586 0.0048828125 0.008534850640113799
0 0.6064453125 0.4971550497866287 0.0068359375 0.051209103840682786
0 0.708984375 0.45590327169274536 0.0068359375 0.017069701280227598
0 0.81103515625 0.5099573257467994 0.005859375 0.04551920341394026
0 0.8798828125 0.45376955903271693 0.0087890625 0.03840682788051209
0 0.9013671875 0.43812233285917496 0.0048828125 0.03840682788051209
0 0.20458984375 0.45874822190611664 0.005859375 0.017069701280227598
0 0.1957964601769912 0.4685293117989904 0.007777931415929196 0.11203564999559411
0 0.35437983960176994 0.48363524213547504 0.008642146017699082 0.22029481740706702
0 0.7493259126106194 0.4660116567429097 0.00691371681415931 0.2605772983043593
0 0.8556243086283185 0.4949646898878384 0.005185287610619538 0.09944737471519025
0 0.7160536504424778 0.5100706202243231 0.004321073008849652 0.046576618537494174
0 0.2216796875 0.44950213371266 0.0048828125 0.044096728307254626
