0 0.17578125 0.4649006622516556 0.0068359375 0.046357615894039736
0 0.35546875 0.4913907284768212 0.0087890625 0.03576158940397351
0 0.38525390625 0.5132450331125827 0.005859375 0.02913907284768212
0 0.419921875 0.4556291390728477 0.0048828125 0.030463576158940398
0 0.45751953125 0.40860927152317883 0.005859375 0.060927152317880796
0 0.513671875 0.5006622516556292 0.0068359375 0.05695364238410596
0 0.6484375 0.44966887417218543 0.0068359375 0.018543046357615896
0 0.6826171875 0.4377483443708609 0.0048828125 0.03708609271523179
0 0.703125 0.4821192052980132 0.0048828125 0.019867549668874173
0 0.7353515625 0.4774834437086093 0.0068359375 0.06357615894039735
0 0.74462890625 0.43509933774834436 0.005859375 0.02119205298013245
0 0.80712890625 0.44039735099337746 0.005859375 0.04768211920529802
