0 0.17626953125 0.5172185430463576 0.005859375 0.02913907284768212
0 0.29443359375 0.45165562913907287 0.005859375 0.038410596026490065
0 0.318359375 0.4304635761589404 0.0087890625 0.20264900662251656
0 0.359375 0.4463576158940397 0.0087890625 0.046357615894039736
0 0.36083984375 0.5059602649006623 0.005859375 0.04370860927152318
0 0.47998046875 0.5039735099337749 0.0078125 0.02913907284768212
0 0.50732421875 0.5543046357615894 0.005859375 0.045033112582781455
0 0.58642578125 0.4827814569536424 0.005859375 0.039735099337748346
0 0.74072265625 0.45761589403973507 0.005859375 0.018543046357615896
0 0.74951171875 0.5066225165562914 0.005859375 0.015894039735099338
0 0.40234375 0.4754020813623462 0.00651041666666663 0.052980132450331126
