0 0.15283203125 0.4182076813655761 0.0078125 0.15220483641536273
0 0.2431640625 0.5042674253200569 0.0068359375 0.14793741109530584
0 0.35791015625 0.49786628733997157 0.005859375 0.07539118065433854
0 0.5478515625 0.48150782361308675 0.0087890625 0.17354196301564723
0 0.71630859375 0.4743954480796586 0.009765625 0.19630156472261737
0 0.81591796875 0.4957325746799431 0.0078125 0.13655761024182078
0 0.70068359375 0.47155049786628733 0.005859375 0.06258890469416785
0 0.29052734375 0.441678520625889 0.005859375 0.04267425320056899
0 0.17236328125 0.46586059743954483 0.005859375 0.05689900426742532
0 0.2041015625 0.46372688477951635 0.0068359375 0.03556187766714083
0 0.1337890625 0.5234708392603129 0.0068359375 0.05832147937411095
0 0.21484375 0.4523470839260313 0.0048828125 0.041251778093883355
0 0.439453125 0.4786628733997155 0.0048828125 0.01991465149359886
0 0.51611328125 0.5184921763869133 0.005859375 0.05689900426742532
