0 0.07575757575757576 0.4384105960264901 0.007820136852394917 0.059602649006622516
0 0.10263929618768329 0.4562913907284768 0.006842619745845552 0.039735099337748346
0 0.09726295210166178 0.5172185430463576 0.005865102639296188 0.060927152317880796
0 0.14565004887585534 0.4781456953642384 0.008797653958944282 0.046357615894039736
0 0.2883675464320626 0.4304635761589404 0.006842619745845552 0.06754966887417219
0 0.37683284457478006 0.48344370860927155 0.007820136852394917 0.08344370860927153
0 0.49364613880742914 0.5139072847682119 0.006842619745845552 0.06490066225165562
0 0.3602150537634409 0.5562913907284768 0.007820136852394917 0.09933774834437085
0 0.30840664711632454 0.5112582781456954 0.007820136852394917 0.04370860927152318
0 0.5640273704789834 0.580794701986755 0.006842619745845552 0.10596026490066225
0 0.679863147605083 0.5748344370860927 0.005865102639296188 0.06490066225165562
0 0.7649071358748778 0.5198675496688742 0.007820136852394917 0.06887417218543046
0 0.7678396871945259 0.45298013245033114 0.005865102639296188 0.03576158940397351
0 0.7781036168132942 0.49403973509933774 0.006842619745845552 0.025165562913907286
0 0.8993157380254154 0.45165562913907287 0.008797653958944282 0.03576158940397351
0 0.1217008797653959 0.46158940397350995 0.005865102639296188 0.031788079470198675
0 0.3411534701857282 0.5344370860927152 0.04985337243401759 0.10331125827814569
