0 0.06884765625 0.45305832147937414 0.01171875 0.10241820768136557
0 0.17626953125 0.3442389758179232 0.0078125 0.2147937411095306
0 0.1982421875 0.527027027027027 0.0107421875 0.08250355618776671
0 0.32470703125 0.4786628733997155 0.01171875 0.11379800853485064
0 0.34423828125 0.4310099573257468 0.005859375 0.07539118065433854
0 0.458984375 0.4971550497866287 0.0048828125 0.02844950213371266
0 0.56689453125 0.43385490753911804 0.005859375 0.05547652916073969
0 0.716796875 0.5042674253200569 0.0048828125 0.034139402560455195
0 0.810546875 0.4352773826458037 0.0048828125 0.07254623044096728
0 0.7548828125 0.4260312944523471 0.0048828125 0.031294452347083924
0 0.8720703125 0.3883357041251778 0.0048828125 0.05547652916073969
0 0.87939453125 0.4473684210526316 0.005859375 0.01422475106685633
0 0.5393217643805309 0.4194350382054155 0.00691371681415931 0.1926006117901786
0 0.2802734375 0.4402560455192034 0.0029296875 0.031294452347083924
0 0.4814453125 0.492176386913229 0.0048828125 0.00995732574679943
0 0.298828125 0.48933143669985774 0.0048828125 0.00995732574679943
0 0.203125 0.4473684210526316 0.0068359375 0.017069701280227598
0 0.15185546875 0.5256045519203414 0.029296875 0.04267425320056899
