0 0.16650390625 0.5576102418207681 0.0078125 0.11806543385490754
0 0.23779296875 0.44523470839260315 0.0078125 0.27453769559032715
0 0.30712890625 0.3812233285917496 0.005859375 0.2574679943100996
0 0.36572265625 0.5177809388335705 0.005859375 0.05832147937411095
0 0.42626953125 0.48933143669985774 0.005859375 0.12375533428165007
0 0.390625 0.4274537695590327 0.0048828125 0.03982930298719772
0 0.51611328125 0.45519203413940257 0.005859375 0.049786628733997154
0 0.64599609375 0.42532005689900426 0.005859375 0.06685633001422475
0 0.72900390625 0.4139402560455192 0.005859375 0.07539118065433854
0 0.83251953125 0.5405405405405406 0.005859375 0.112375533428165
0 0.8642578125 0.4260312944523471 0.0576171875 0.1593172119487909
