0 0.076171875 0.43741109530583216 0.0048828125 0.02844950213371266
0 0.13720703125 0.5248933143669986 0.01171875 0.155049786628734
0 0.14990234375 0.39046941678520625 0.005859375 0.06258890469416785
0 0.2412109375 0.465149359886202 0.0048828125 0.01849217638691323
0 0.2265625 0.45376955903271693 0.0048828125 0.03840682788051209
0 0.423828125 0.49288762446657186 0.0048828125 0.025604551920341393
0 0.53076171875 0.5049786628733998 0.005859375 0.029871977240398292
0 0.55126953125 0.4274537695590327 0.005859375 0.03982930298719772
0 0.59765625 0.4516358463726885 0.0068359375 0.051209103840682786
0 0.63427734375 0.5369843527738265 0.005859375 0.10526315789473684
