0 0.08837890625 0.4879089615931721 0.005859375 0.09815078236130868
0 0.18212890625 0.4743954480796586 0.005859375 0.07112375533428165
0 0.19775390625 0.5120910384068279 0.005859375 0.06685633001422475
0 0.28759765625 0.4473684210526316 0.0078125 0.2930298719772404
0 0.3642578125 0.55049786628734 0.0068359375 0.12375533428165007
0 0.3447265625 0.44523470839260315 0.0048828125 0.03840682788051209
0 0.6298828125 0.42460881934566147 0.0087890625 0.10810810810810811
0 0.66064453125 0.45021337126600286 0.0078125 0.03698435277382646
0 0.68115234375 0.5590327169274538 0.005859375 0.06970128022759602
0 0.78466796875 0.3990042674253201 0.013671875 0.059743954480796585
0 0.89306640625 0.4779516358463727 0.005859375 0.02418207681365576
0 0.8212890625 0.46870554765291605 0.0068359375 0.034139402560455195
0 0.4072265625 0.4310099573257468 0.0048828125 0.029871977240398292
0 0.37890625 0.45021337126600286 0.0048828125 0.02275960170697013
0 0.55322265625 0.4445234708392603 0.009765625 0.3669985775248933
0 0.568359375 0.31934566145092463 0.0087890625 0.42105263157894735
0 0.71484375 0.5064011379800853 0.0068359375 0.05263157894736842
0 0.3369140625 0.4039829302987198 0.0048828125 0.041251778093883355
