0 0.0908203125 0.419205298013245 0.0068359375 0.02913907284768212
0 0.1025390625 0.5258278145695364 0.0068359375 0.051655629139072845
0 0.17431640625 0.4562913907284768 0.009765625 0.14304635761589404
0 0.2587890625 0.4589403973509934 0.0048828125 0.010596026490066225
0 0.19873046875 0.4960264900662252 0.009765625 0.05562913907284768
0 0.35205078125 0.35165562913907283 0.0078125 0.29668874172185433
0 0.40576171875 0.49933774834437084 0.005859375 0.025165562913907286
0 0.603515625 0.4913907284768212 0.0068359375 0.051655629139072845
0 0.74169921875 0.4900662251655629 0.005859375 0.04370860927152318
0 0.23725818452380953 0.4596341847997477 0.007440476190476164 0.1274046042257963
0 0.6702008928571429 0.46152633238725954 0.006510416666666741 0.11352885525070956
