0 0.07568359375 0.4357615894039735 0.005859375 0.038410596026490065
0 0.134765625 0.4602649006622517 0.0068359375 0.031788079470198675
0 0.138671875 0.543046357615894 0.0107421875 0.1205298013245033
0 0.150390625 0.4463576158940397 0.0068359375 0.04105960264900662
0 0.19189453125 0.42980132450331127 0.005859375 0.04768211920529802
0 0.2314453125 0.4596026490066225 0.0068359375 0.03576158940397351
0 0.3017578125 0.428476821192053 0.0068359375 0.09801324503311258
0 0.42919921875 0.423841059602649 0.0234375 0.1629139072847682
0 0.5009765625 0.4947019867549669 0.0068359375 0.018543046357615896
0 0.55029296875 0.4013245033112583 0.005859375 0.0728476821192053
0 0.5986328125 0.4384105960264901 0.0068359375 0.04105960264900662
0 0.62109375 0.4900662251655629 0.0068359375 0.08874172185430464
0 0.69384765625 0.47549668874172185 0.013671875 0.27417218543046357
0 0.81884765625 0.5695364238410596 0.0078125 0.17880794701986755
0 0.8798828125 0.452317880794702 0.0068359375 0.04768211920529802
0 0.75634765625 0.4291390728476821 0.005859375 0.04370860927152318
0 0.8376116071428572 0.466572059287291 0.008370535714285698 0.10091453800063073
