0 0.37109375 0.4665718349928876 0.0068359375 0.16642958748221906
0 0.49755859375 0.48933143669985774 0.005859375 0.06970128022759602
0 0.5068359375 0.5206258890469416 0.0048828125 0.07823613086770982
0 0.5146484375 0.5384068278805121 0.0048828125 0.06827880512091039
0 0.63916015625 0.5725462304409673 0.0078125 0.09672830725462304
0 0.77294921875 0.4402560455192034 0.009765625 0.12233285917496443
0 0.873046875 0.46088193456614507 0.0068359375 0.06970128022759602
0 0.34765625 0.457325746799431 0.0068359375 0.03698435277382646
0 0.4619140625 0.45305832147937414 0.0068359375 0.01991465149359886
0 0.47705078125 0.5078236130867709 0.005859375 0.02702702702702703
0 0.4072265625 0.4900426742532006 0.0048828125 0.017069701280227598
0 0.537109375 0.46586059743954483 0.0107421875 0.017069701280227598
0 0.68212890625 0.45376955903271693 0.08984375 0.13229018492176386
0 0.595703125 0.414651493598862 0.0068359375 0.07965860597439545
