0 0.2744140625 0.5106685633001422 0.0068359375 0.08961593172119488
0 0.498046875 0.492176386913229 0.0068359375 0.19203413940256045
0 0.52587890625 0.46301564722617355 0.005859375 0.10810810810810811
0 0.650390625 0.4516358463726885 0.0068359375 0.12802275960170698
0 0.81640625 0.515647226173542 0.0068359375 0.06543385490753911
0 0.84033203125 0.39046941678520625 0.005859375 0.17354196301564723
0 0.86181640625 0.4779516358463727 0.0078125 0.05547652916073969
0 0.11328125 0.48933143669985774 0.0087890625 0.24893314366998578
0 0.20263671875 0.3748221906116643 0.01953125 0.01422475106685633
0 0.216796875 0.5028449502133713 0.0380859375 0.03982930298719772
