0 0.080078125 0.4950213371266003 0.0166015625 0.12660028449502134
0 0.125 0.47155049786628733 0.0068359375 0.03698435277382646
0 0.20263671875 0.5298719772403983 0.005859375 0.09103840682788052
0 0.46728515625 0.4822190611664296 0.005859375 0.14082503556187767
0 0.58642578125 0.5064011379800853 0.005859375 0.049786628733997154
0 0.59326171875 0.4743954480796586 0.005859375 0.05405405405405406
0 0.73681640625 0.4751066856330014 0.005859375 0.08677098150782361
0 0.76611328125 0.44096728307254623 0.005859375 0.049786628733997154
0 0.79345703125 0.4402560455192034 0.005859375 0.059743954480796585
0 0.37548828125 0.4466571834992888 0.005859375 0.04694167852062589
0 0.33740234375 0.55049786628734 0.03515625 0.06116642958748222
