0 0.09521484375 0.5633001422475107 0.005859375 0.06401137980085349
0 0.10205078125 0.4772403982930299 0.0078125 0.02844950213371266
0 0.13623046875 0.4523470839260313 0.0078125 0.17496443812233287
0 0.23974609375 0.49431009957325744 0.005859375 0.04267425320056899
0 0.26513671875 0.5391180654338549 0.005859375 0.07823613086770982
0 0.4501953125 0.40256045519203415 0.0068359375 0.22048364153627312
0 0.50537109375 0.43741109530583216 0.005859375 0.025604551920341393
0 0.55322265625 0.5341394025604552 0.005859375 0.04836415362731152
0 0.8056640625 0.5014224751066856 0.0087890625 0.07396870554765292
0 0.82958984375 0.5483641536273115 0.005859375 0.06827880512091039
0 0.837890625 0.55049786628734 0.0048828125 0.04694167852062589
0 0.76611328125 0.492176386913229 0.0078125 0.05832147937411095
