0 0.15786901270772238 0.5331125827814569 0.005865102639296188 0.045033112582781455
0 0.5518084066471163 0.4642384105960265 0.007820136852394917 0.05827814569536424
0 0.4995112414467253 0.5066225165562914 0.006842619745845552 0.052980132450331126
0 0.7130987292277615 0.5390728476821192 0.011730205278592375 0.1152317880794702
0 0.7668621700879765 0.48741721854304637 0.007820136852394917 0.0728476821192053
0 0.8113391984359726 0.46556291390728477 0.006842619745845552 0.02384105960264901
0 0.8396871945259042 0.4629139072847682 0.004887585532746823 0.026490066225165563
0 0.4736070381231672 0.4589403973509934 0.007820136852394917 0.03443708609271523
0 0.3817204301075269 0.4543046357615894 0.005865102639296188 0.03576158940397351
0 0.7150537634408602 0.45165562913907287 0.005865102639296188 0.051655629139072845
