0 0.08154296875 0.4786628733997155 0.005859375 0.07681365576102418
0 0.16845703125 0.41038406827880514 0.005859375 0.1166429587482219
0 0.2197265625 0.41109530583214793 0.0048828125 0.03556187766714083
0 0.23388671875 0.4473684210526316 0.00390625 0.017069701280227598
0 0.26123046875 0.4473684210526316 0.00390625 0.02275960170697013
0 0.2958984375 0.5078236130867709 0.0048828125 0.029871977240398292
0 0.34228515625 0.42034139402560455 0.005859375 0.034139402560455195
0 0.4404296875 0.5092460881934566 0.0048828125 0.01849217638691323
0 0.44091796875 0.4139402560455192 0.005859375 0.03556187766714083
0 0.5478515625 0.4267425320056899 0.0068359375 0.06685633001422475
0 0.40283203125 0.46870554765291605 0.005859375 0.01422475106685633
0 0.58544921875 0.4366998577524893 0.005859375 0.05832147937411095
0 0.712890625 0.5476529160739687 0.0048828125 0.06970128022759602
0 0.74072265625 0.4644381223328592 0.005859375 0.02275960170697013
0 0.7529296875 0.5028449502133713 0.0068359375 0.017069701280227598
0 0.8837890625 0.4779516358463727 0.0107421875 0.12375533428165007
0 0.822265625 0.42034139402560455 0.0048828125 0.031294452347083924
0 0.86181640625 0.4665718349928876 0.005859375 0.00995732574679943
0 0.79833984375 0.44950213371266 0.005859375 0.012802275960170697
