0 0.1103515625 0.3385490753911807 0.0068359375 0.3399715504978663
0 0.091796875 0.4566145092460882 0.0048828125 0.03556187766714083
0 0.24853515625 0.4665718349928876 0.005859375 0.10668563300142248
0 0.20751953125 0.519203413940256 0.005859375 0.07254623044096728
0 0.35009765625 0.4118065433854908 0.005859375 0.09103840682788052
0 0.3984375 0.5440967283072546 0.0068359375 0.12233285917496443
0 0.3974609375 0.4217638691322902 0.0068359375 0.09672830725462304
0 0.43017578125 0.45021337126600286 0.005859375 0.051209103840682786
0 0.4619140625 0.5298719772403983 0.0068359375 0.09957325746799431
0 0.498046875 0.5184921763869133 0.0048828125 0.07681365576102418
0 0.53271484375 0.5078236130867709 0.005859375 0.16927453769559034
0 0.55029296875 0.4473684210526316 0.0078125 0.18492176386913228
0 0.662109375 0.4317211948790896 0.0068359375 0.08534850640113797
0 0.66357421875 0.5256045519203414 0.0078125 0.08534850640113797
0 0.828125 0.3278805120910384 0.0087890625 0.46372688477951635
0 0.8896484375 0.465149359886202 0.0048828125 0.021337126600284494
0 0.87548828125 0.5014224751066856 0.005859375 0.031294452347083924
0 0.705078125 0.5085348506401138 0.0048828125 0.04267425320056899
0 0.576171875 0.5668563300142248 0.0068359375 0.059743954480796585
0 0.62451171875 0.5135135135135135 0.03515625 0.06685633001422475
