0 0.10400390625 0.4672830725462304 0.005859375 0.08250355618776671
0 0.1669921875 0.43812233285917496 0.0048828125 0.06116642958748222
0 0.20947265625 0.5448079658605974 0.005859375 0.11806543385490754
0 0.345703125 0.4523470839260313 0.0068359375 0.029871977240398292
0 0.42578125 0.5170697012802276 0.0068359375 0.04267425320056899
0 0.7080078125 0.4402560455192034 0.0068359375 0.2332859174964438
0 0.61181640625 0.45590327169274536 0.005859375 0.03698435277382646
0 0.58154296875 0.457325746799431 0.005859375 0.02275960170697013
0 0.4814453125 0.43243243243243246 0.0048828125 0.041251778093883355
0 0.5302734375 0.4743954480796586 0.0068359375 0.031294452347083924
0 0.6171875 0.44950213371266 0.0068359375 0.05263157894736842
0 0.884765625 0.48933143669985774 0.0048828125 0.032716927453769556
0 0.32421875 0.4566145092460882 0.0068359375 0.03840682788051209
0 0.20947265625 0.4516358463726885 0.005859375 0.051209103840682786
