0 0.25634765625 0.4390728476821192 0.005859375 0.018543046357615896
0 0.33056640625 0.47019867549668876 0.0078125 0.09933774834437085
0 0.4384765625 0.3980132450331126 0.0068359375 0.09801324503311258
0 0.54638671875 0.5152317880794702 0.005859375 0.033112582781456956
0 0.5986328125 0.4728476821192053 0.0068359375 0.06490066225165562
0 0.58544921875 0.42185430463576157 0.005859375 0.07947019867549669
0 0.47509765625 0.5304635761589404 0.005859375 0.045033112582781455
0 0.705078125 0.49403973509933774 0.0048828125 0.03576158940397351
0 0.83740234375 0.4423841059602649 0.005859375 0.03576158940397351
0 0.87939453125 0.4423841059602649 0.046875 0.09403973509933775
