0 0.1669921875 0.37350993377483444 0.0068359375 0.03576158940397351
0 0.3857421875 0.41788079470198675 0.0087890625 0.1827814569536424
0 0.5908203125 0.4695364238410596 0.0068359375 0.09006622516556291
0 0.75390625 0.4960264900662252 0.0107421875 0.06357615894039735
0 0.748046875 0.36688741721854307 0.0048828125 0.04900662251655629
0 0.81884765625 0.33973509933774837 0.005859375 0.052980132450331126
0 0.2619047619047619 0.42116051718700726 0.008370535714285698 0.14380321665089882
0 0.2744140625 0.41788079470198675 0.0068359375 0.0423841059602649
0 0.48232886904761907 0.3984547461368653 0.008370535714285698 0.08830022075055183
0 0.43117559523809523 0.38142541784925893 0.008370535714285698 0.0845159255755282
