0 0.07568359375 0.4601706970128023 0.005859375 0.04267425320056899
0 0.1416015625 0.47368421052631576 0.0068359375 0.10099573257467995
0 0.1669921875 0.5128022759601707 0.0048828125 0.051209103840682786
0 0.328125 0.5149359886201992 0.0068359375 0.05832147937411095
0 0.35693359375 0.49431009957325744 0.00390625 0.03698435277382646
0 0.37109375 0.4992887624466572 0.0048828125 0.05547652916073969
0 0.3857421875 0.519203413940256 0.0048828125 0.05832147937411095
0 0.4296875 0.4445234708392603 0.0068359375 0.02275960170697013
0 0.47314453125 0.42034139402560455 0.005859375 0.059743954480796585
0 0.521484375 0.5433854907539118 0.0068359375 0.12660028449502134
0 0.55029296875 0.457325746799431 0.00390625 0.04551920341394026
0 0.66845703125 0.4174964438122333 0.005859375 0.13086770981507823
0 0.59326171875 0.4388335704125178 0.005859375 0.034139402560455195
0 0.68310546875 0.4793741109530583 0.005859375 0.029871977240398292
0 0.76318359375 0.4466571834992888 0.00390625 0.03840682788051209
0 0.79052734375 0.4274537695590327 0.005859375 0.07965860597439545
0 0.86376953125 0.55049786628734 0.005859375 0.07254623044096728
0 0.8759765625 0.561877667140825 0.0048828125 0.16642958748221906
0 0.8525390625 0.5163584637268848 0.0048828125 0.07254623044096728
0 0.275390625 0.4743954480796586 0.0166015625 0.034139402560455195
