0 0.18505859375 0.4544807965860597 0.005859375 0.06258890469416785
0 0.23046875 0.4217638691322902 0.0068359375 0.05689900426742532
0 0.080078125 0.42318634423897583 0.0048828125 0.034139402560455195
0 0.22314453125 0.5327169274537695 0.005859375 0.025604551920341393
0 0.4404296875 0.43314366998577525 0.0048828125 0.02275960170697013
0 0.4169921875 0.5 0.0048828125 0.031294452347083924
0 0.4677734375 0.44096728307254623 0.0048828125 0.029871977240398292
0 0.4853515625 0.531294452347084 0.0068359375 0.09957325746799431
0 0.525390625 0.5263157894736842 0.0048828125 0.06116642958748222
0 0.54296875 0.5412517780938834 0.0048828125 0.04836415362731152
0 0.57470703125 0.3961593172119488 0.0078125 0.12233285917496443
0 0.59765625 0.44950213371266 0.0107421875 0.015647226173541962
0 0.61376953125 0.45305832147937414 0.0078125 0.13086770981507823
0 0.6328125 0.47581792318634425 0.0068359375 0.025604551920341393
0 0.6884765625 0.4487908961593172 0.0048828125 0.017069701280227598
0 0.712890625 0.4516358463726885 0.0068359375 0.14509246088193456
0 0.72509765625 0.45803698435277385 0.005859375 0.03556187766714083
0 0.7646484375 0.49431009957325744 0.0068359375 0.07112375533428165
0 0.79296875 0.4879089615931721 0.0068359375 0.06401137980085349
0 0.83447265625 0.5071123755334281 0.005859375 0.1166429587482219
0 0.8134765625 0.4217638691322902 0.0048828125 0.05405405405405406
0 0.8740234375 0.5142247510668563 0.0048828125 0.02844950213371266
0 0.89013671875 0.484352773826458 0.005859375 0.01422475106685633
0 0.10505392699115049 0.49937058623597985 0.0077779314159292096 0.128400407860119
0 0.2998046875 0.40825035561877665 0.0107421875 0.26884779516358465
0 0.298828125 0.5981507823613087 0.0087890625 0.08819345661450925
