0 0.2080078125 0.46586059743954483 0.0068359375 0.27880512091038406
0 0.42529296875 0.4850640113798009 0.0078125 0.03840682788051209
0 0.5556640625 0.5832147937411095 0.0048828125 0.07823613086770982
0 0.62841796875 0.5128022759601707 0.005859375 0.03982930298719772
0 0.69287109375 0.5412517780938834 0.005859375 0.03982930298719772
0 0.70849609375 0.45376955903271693 0.0078125 0.08961593172119488
0 0.86328125 0.4800853485064011 0.0068359375 0.031294452347083924
0 0.8828125 0.4864864864864865 0.0068359375 0.03556187766714083
0 0.28740320796460184 0.4823764146074347 0.006049502212389368 0.03902365336925186
0 0.3301818307522124 0.4773411044952731 0.008642146017699082 0.0440589634814134
0 0.47191302544247793 0.5012588275280404 0.005185287610619482 0.03902365336925186
