0 0.0712890625 0.4523470839260313 0.0126953125 0.10099573257467995
0 0.08984375 0.5277382645803699 0.0068359375 0.18349928876244664
0 0.14892578125 0.4182076813655761 0.0078125 0.1806543385490754
0 0.20068359375 0.5014224751066856 0.015625 0.12233285917496443
0 0.2548828125 0.406827880512091 0.0048828125 0.03556187766714083
0 0.263671875 0.48577524893314367 0.0029296875 0.011379800853485065
0 0.3037109375 0.4118065433854908 0.0048828125 0.051209103840682786
0 0.3251953125 0.42034139402560455 0.0068359375 0.07965860597439545
0 0.2890625 0.5305832147937412 0.0068359375 0.06116642958748222
0 0.3369140625 0.5220483641536273 0.0048828125 0.044096728307254626
0 0.39306640625 0.5782361308677099 0.005859375 0.08534850640113797
0 0.41552734375 0.4822190611664296 0.005859375 0.05547652916073969
0 0.4287109375 0.492176386913229 0.0068359375 0.06970128022759602
0 0.4541015625 0.3940256045519203 0.0302734375 0.04694167852062589
0 0.48046875 0.4772403982930299 0.0048828125 0.01991465149359886
0 0.611328125 0.4601706970128023 0.0068359375 0.06827880512091039
0 0.62451171875 0.47368421052631576 0.005859375 0.049786628733997154
0 0.611328125 0.5497866287339972 0.0048828125 0.08250355618776671
0 0.69384765625 0.4694167852062589 0.005859375 0.044096728307254626
0 0.796875 0.5092460881934566 0.0048828125 0.044096728307254626
0 0.85009765625 0.46799431009957326 0.005859375 0.02702702702702703
0 0.89697265625 0.3869132290184922 0.0078125 0.05547652916073969
0 0.27962527654867264 0.46034693286672795 0.009506360619469023 0.0881179269628268
0 0.150390625 0.5263157894736842 0.0302734375 0.049786628733997154
