0 0.439453125 0.45092460881934565 0.0068359375 0.112375533428165
0 0.4580078125 0.5064011379800853 0.0068359375 0.04694167852062589
0 0.22021484375 0.5014224751066856 0.005859375 0.09957325746799431
0 0.5517578125 0.542674253200569 0.0068359375 0.09957325746799431
0 0.58447265625 0.47297297297297297 0.009765625 0.25604551920341395
0 0.74267578125 0.519203413940256 0.005859375 0.07254623044096728
0 0.7587890625 0.4701280227596017 0.0068359375 0.06543385490753911
0 0.64306640625 0.4423897581792319 0.005859375 0.04694167852062589
0 0.85986328125 0.41251778093883357 0.046875 0.16358463726884778
0 0.23727876106194695 0.48489406966351534 0.007777931415929196 0.16742406122937095
