0 0.087890625 0.49359886201991465 0.0048828125 0.021337126600284494
0 0.23779296875 0.5355618776671408 0.005859375 0.03698435277382646
0 0.2724609375 0.4957325746799431 0.0048828125 0.02275960170697013
0 0.45361328125 0.44523470839260315 0.013671875 0.25177809388335703
0 0.5107421875 0.43741109530583216 0.0048828125 0.04551920341394026
0 0.564453125 0.5142247510668563 0.0048828125 0.034139402560455195
0 0.623046875 0.5341394025604552 0.0048828125 0.07396870554765292
0 0.552734375 0.5007112375533428 0.0048828125 0.029871977240398292
0 0.81689453125 0.5362731152204836 0.005859375 0.03840682788051209
0 0.82763671875 0.5391180654338549 0.005859375 0.05263157894736842
0 0.90478515625 0.45376955903271693 0.00390625 0.032716927453769556
0 0.23338979535398233 0.47608227696723276 0.006913716814159254 0.03147068820100954
