0 0.08113391984359726 0.4688741721854305 0.006842619745845552 0.04370860927152318
0 0.16715542521994134 0.41788079470198675 0.006842619745845552 0.11655629139072848
0 0.16129032258064516 0.5225165562913907 0.006842619745845552 0.07682119205298013
0 0.28983382209188663 0.5066225165562914 0.007820136852394917 0.052980132450331126
0 0.3509286412512219 0.5271523178807948 0.006842619745845552 0.08079470198675497
0 0.39638318670576733 0.49801324503311256 0.005865102639296188 0.02781456953642384
0 0.520039100684262 0.5337748344370861 0.006842619745845552 0.06490066225165562
0 0.6324535679374389 0.41324503311258276 0.006842619745845552 0.12847682119205298
0 0.6422287390029325 0.5039735099337749 0.006842619745845552 0.045033112582781455
0 0.7473118279569892 0.5443708609271524 0.005865102639296188 0.08874172185430464
0 0.8142717497556208 0.33112582781456956 0.006842619745845552 0.343046357615894
0 0.5093096867290416 0.4653106275622832 0.004654843364520726 0.14884894355093034
0 0.8286319415351673 0.47792494481236203 0.00651678071032906 0.11352885525070949
0 0.855327468230694 0.519205298013245 0.006842619745845552 0.05695364238410596
0 0.10801564027370479 0.4596026490066225 0.005865102639296188 0.02781456953642384
0 0.21945259042033236 0.44370860927152317 0.005865102639296188 0.054304635761589407
0 0.7174975562072337 0.5046357615894039 0.007820136852394917 0.05033112582781457
0 0.7204301075268817 0.44900662251655626 0.013685239491691105 0.04768211920529802
0 0.6612903225806451 0.48874172185430464 0.008797653958944282 0.05827814569536424
0 0.42424242424242425 0.4410596026490066 0.007820136852394917 0.06622516556291391
0 0.09579667644183773 0.5165562913907285 0.007820136852394917 0.05033112582781457
0 0.5259042033235581 0.4556291390728477 0.005865102639296188 0.03708609271523179
