0 0.10948191593352884 0.4864864864864865 0.006842619745845552 0.049786628733997154
0 0.12463343108504399 0.42034139402560455 0.005865102639296188 0.05405405405405406
0 0.14613880742913002 0.4274537695590327 0.005865102639296188 0.04551920341394026
0 0.20625610948191594 0.4516358463726885 0.006842619745845552 0.02275960170697013
0 0.37194525904203324 0.45305832147937414 0.005865102639296188 0.2361308677098151
0 0.5117302052785924 0.5049786628733998 0.005865102639296188 0.05263157894736842
0 0.5478983382209188 0.5334281650071123 0.005865102639296188 0.044096728307254626
0 0.5889540566959922 0.41109530583214793 0.005865102639296188 0.029871977240398292
0 0.6011730205278593 0.47581792318634425 0.006842619745845552 0.08534850640113797
0 0.6920821114369502 0.4523470839260313 0.004887585532746823 0.015647226173541962
0 0.7228739002932552 0.492176386913229 0.007820136852394917 0.015647226173541962
0 0.7302052785923754 0.46088193456614507 0.004887585532746823 0.021337126600284494
0 0.864613880742913 0.4295874822190612 0.02737047898338221 0.07539118065433854
0 0.26383878753276413 0.4647528292148693 0.00432529693163434 0.19008295673409784
