0 0.10595703125 0.4544807965860597 0.005859375 0.034139402560455195
0 0.1640625 0.47297297297297297 0.0087890625 0.08534850640113797
0 0.2822265625 0.39473684210526316 0.0087890625 0.352773826458037
0 0.42919921875 0.48150782361308675 0.005859375 0.02844950213371266
0 0.62890625 0.5739687055476529 0.0068359375 0.051209103840682786
0 0.65673828125 0.4900426742532006 0.005859375 0.04267425320056899
0 0.74267578125 0.4438122332859175 0.005859375 0.06116642958748222
0 0.814453125 0.4701280227596017 0.0068359375 0.09957325746799431
0 0.90087890625 0.49857752489331436 0.01171875 0.017069701280227598
0 0.470703125 0.4388335704125178 0.0048828125 0.025604551920341393
