0 0.08251953125 0.4615931721194879 0.005859375 0.1166429587482219
0 0.1142578125 0.4118065433854908 0.0068359375 0.10241820768136557
0 0.21484375 0.4238975817923186 0.0068359375 0.10099573257467995
0 0.2900390625 0.4132290184921764 0.0087890625 0.13086770981507823
0 0.42529296875 0.45021337126600286 0.0078125 0.04836415362731152
0 0.42236328125 0.5284495021337127 0.005859375 0.09672830725462304
0 0.4609375 0.42532005689900426 0.0068359375 0.16642958748221906
0 0.6328125 0.5085348506401138 0.0068359375 0.08250355618776671
0 0.830078125 0.4473684210526316 0.0068359375 0.3129445234708393
0 0.80029296875 0.45376955903271693 0.005859375 0.1721194879089616
0 0.55029296875 0.46870554765291605 0.005859375 0.06827880512091039
0 0.72265625 0.45092460881934565 0.0146484375 0.05547652916073969
0 0.642578125 0.5 0.005859375 0.06401137980085349
0 0.810546875 0.5149359886201992 0.0048828125 0.06116642958748222
0 0.3525390625 0.38762446657183497 0.0048828125 0.06258890469416785
