0 0.1064453125 0.42887624466571833 0.0048828125 0.08250355618776671
0 0.12353515625 0.5213371266002845 0.005859375 0.08250355618776671
0 0.166015625 0.441678520625889 0.0048828125 0.06258890469416785
0 0.1845703125 0.5 0.0068359375 0.09388335704125178
0 0.22509765625 0.5007112375533428 0.005859375 0.03840682788051209
0 0.23681640625 0.3933143669985775 0.005859375 0.07681365576102418
0 0.2431640625 0.4879089615931721 0.0068359375 0.08961593172119488
0 0.26806640625 0.4402560455192034 0.005859375 0.09957325746799431
0 0.29150390625 0.4238975817923186 0.00390625 0.032716927453769556
0 0.29931640625 0.5135135135135135 0.005859375 0.12091038406827881
0 0.392578125 0.45092460881934565 0.0048828125 0.049786628733997154
0 0.427734375 0.5170697012802276 0.0068359375 0.14509246088193456
0 0.4345703125 0.42034139402560455 0.0048828125 0.04551920341394026
0 0.53662109375 0.4950213371266003 0.005859375 0.07539118065433854
0 0.60546875 0.5035561877667141 0.0068359375 0.10099573257467995
0 0.6328125 0.534850640113798 0.0068359375 0.15789473684210525
0 0.75244140625 0.4516358463726885 0.005859375 0.031294452347083924
0 0.8583984375 0.46088193456614507 0.0048828125 0.02702702702702703
