0 0.283203125 0.43385490753911804 0.0068359375 0.07539118065433854
0 0.32275390625 0.5007112375533428 0.005859375 0.029871977240398292
0 0.3798828125 0.48364153627311524 0.0068359375 0.13513513513513514
0 0.4248046875 0.4317211948790896 0.0107421875 0.08819345661450925
0 0.47265625 0.45376955903271693 0.0068359375 0.04694167852062589
0 0.47705078125 0.55049786628734 0.005859375 0.06970128022759602
0 0.5859375 0.5440967283072546 0.0068359375 0.1251778093883357
0 0.744140625 0.4594594594594595 0.0048828125 0.029871977240398292
0 0.82763671875 0.4907539118065434 0.005859375 0.021337126600284494
0 0.8408203125 0.45874822190611664 0.0048828125 0.02844950213371266
0 0.8984375 0.49288762446657186 0.0126953125 0.02275960170697013
