0 0.3984375 0.5234708392603129 0.0068359375 0.08677098150782361
0 0.2822265625 0.566145092460882 0.0068359375 0.12091038406827881
0 0.24951171875 0.5398293029871978 0.0078125 0.11379800853485064
0 0.22509765625 0.5298719772403983 0.005859375 0.09388335704125178
0 0.09814453125 0.5739687055476529 0.005859375 0.07965860597439545
0 0.29736328125 0.4523470839260313 0.005859375 0.044096728307254626
0 0.46630859375 0.5014224751066856 0.005859375 0.1593172119487909
0 0.44384765625 0.4217638691322902 0.005859375 0.10810810810810811
0 0.66748046875 0.44523470839260315 0.005859375 0.06116642958748222
0 0.68798828125 0.5398293029871978 0.005859375 0.09957325746799431
0 0.7890625 0.5519203413940256 0.0068359375 0.14366998577524892
0 0.875 0.527027027027027 0.0048828125 0.05689900426742532
0 0.60888671875 0.5128022759601707 0.009765625 0.04267425320056899
0 0.63623046875 0.5277382645803699 0.005859375 0.05832147937411095
0 0.5908203125 0.42887624466571833 0.0048828125 0.03698435277382646
