0 0.1050830889540567 0.428476821192053 0.005865102639296188 0.0423841059602649
0 0.11290322580645161 0.44900662251655626 0.005865102639296188 0.017218543046357615
0 0.15591397849462366 0.48874172185430464 0.007820136852394917 0.12317880794701987
0 0.1652003910068426 0.423841059602649 0.004887585532746823 0.059602649006622516
0 0.2179863147605083 0.4602649006622517 0.006842619745845552 0.03443708609271523
0 0.23607038123167157 0.4602649006622517 0.005865102639296188 0.07947019867549669
0 0.23998044965786902 0.4860927152317881 0.009775171065493646 0.059602649006622516
0 0.28885630498533726 0.5357615894039736 0.007820136852394917 0.10596026490066225
0 0.2981427174975562 0.43112582781456954 0.006842619745845552 0.052980132450331126
0 0.26637341153470184 0.44370860927152317 0.005865102639296188 0.02781456953642384
0 0.40371456500488756 0.43973509933774835 0.008797653958944282 0.06754966887417219
0 0.4335288367546432 0.4695364238410596 0.007820136852394917 0.1880794701986755
0 0.5347018572825024 0.49337748344370863 0.006842619745845552 0.08741721854304636
0 0.5752688172043011 0.528476821192053 0.005865102639296188 0.022516556291390728
0 0.5948191593352884 0.44900662251655626 0.007820136852394917 0.017218543046357615
0 0.8035190615835777 0.38211920529801324 0.006842619745845552 0.02913907284768212
0 0.8191593352883676 0.4139072847682119 0.006842619745845552 0.02384105960264901
0 0.6549364613880743 0.43443708609271525 0.004887585532746823 0.02781456953642384
0 0.6485826001955034 0.4867549668874172 0.005865102639296188 0.013245033112582781
0 0.48240469208211145 0.4682119205298013 0.005865102639296188 0.02119205298013245
