0 0.07958984375 0.42034139402560455 0.005859375 0.10241820768136557
0 0.10595703125 0.4879089615931721 0.013671875 0.06970128022759602
0 0.150390625 0.5056899004267426 0.0068359375 0.017069701280227598
0 0.228515625 0.4438122332859175 0.0048828125 0.041251778093883355
0 0.1923828125 0.534850640113798 0.0244140625 0.015647226173541962
0 0.37158203125 0.4402560455192034 0.005859375 0.04267425320056899
0 0.47900390625 0.5284495021337127 0.005859375 0.08819345661450925
0 0.400390625 0.47581792318634425 0.0048828125 0.02844950213371266
0 0.2705078125 0.5256045519203414 0.0068359375 0.01991465149359886
0 0.48583984375 0.45519203413940257 0.005859375 0.10384068278805121
0 0.49853515625 0.37695590327169276 0.0078125 0.35704125177809387
0 0.55615234375 0.4800853485064011 0.0078125 0.18492176386913228
0 0.5869140625 0.4352773826458037 0.0068359375 0.07823613086770982
0 0.6494140625 0.4217638691322902 0.0048828125 0.11379800853485064
0 0.67431640625 0.4487908961593172 0.005859375 0.1166429587482219
0 0.7490234375 0.5071123755334281 0.0048828125 0.1251778093883357
0 0.80859375 0.4189189189189189 0.0068359375 0.051209103840682786
0 0.86279296875 0.4359886201991465 0.009765625 0.5291607396870555
0 0.89404296875 0.45519203413940257 0.0078125 0.07823613086770982
0 0.8759765625 0.4694167852062589 0.0458984375 0.12944523470839261
