0 0.1689453125 0.3968705547652916 0.0068359375 0.155049786628734
0 0.19873046875 0.5128022759601707 0.009765625 0.20768136557610242
0 0.22607421875 0.4850640113798009 0.005859375 0.07254623044096728
0 0.251953125 0.5106685633001422 0.0068359375 0.06685633001422475
0 0.37060546875 0.5078236130867709 0.005859375 0.14082503556187767
0 0.3564453125 0.4516358463726885 0.0048828125 0.04267425320056899
0 0.55029296875 0.48577524893314367 0.005859375 0.08534850640113797
0 0.47119140625 0.44523470839260315 0.005859375 0.05832147937411095
0 0.47119140625 0.5220483641536273 0.009765625 0.041251778093883355
0 0.693359375 0.3911806543385491 0.0068359375 0.1721194879089616
0 0.7099609375 0.3669985775248933 0.0068359375 0.21763869132290184
0 0.86767578125 0.5241820768136558 0.005859375 0.08250355618776671
0 0.71044921875 0.5483641536273115 0.005859375 0.09957325746799431
0 0.64111328125 0.4366998577524893 0.005859375 0.07254623044096728
0 0.6708984375 0.4644381223328592 0.0068359375 0.025604551920341393
0 0.63916015625 0.5120910384068279 0.02734375 0.06116642958748222
0 0.6045699668141593 0.49559410365185863 0.021605365044247704 0.11329447752363446
