0 0.09619140625 0.5085348506401138 0.005859375 0.11095305832147938
0 0.10986328125 0.43029871977240397 0.005859375 0.04267425320056899
0 0.12255859375 0.5113798008534851 0.0078125 0.05405405405405406
0 0.1376953125 0.49786628733997157 0.0048828125 0.029871977240398292
0 0.1953125 0.5220483641536273 0.0068359375 0.044096728307254626
0 0.3447265625 0.5234708392603129 0.0068359375 0.08392603129445235
0 0.3642578125 0.5256045519203414 0.0068359375 0.08819345661450925
0 0.44873046875 0.40825035561877665 0.005859375 0.12660028449502134
0 0.41357421875 0.4864864864864865 0.005859375 0.06116642958748222
0 0.5966796875 0.49288762446657186 0.0048828125 0.03698435277382646
0 0.5693359375 0.4366998577524893 0.0068359375 0.07823613086770982
0 0.7060546875 0.5298719772403983 0.0068359375 0.07112375533428165
0 0.74658203125 0.44310099573257467 0.005859375 0.10526315789473684
0 0.837890625 0.441678520625889 0.0068359375 0.05405405405405406
0 0.88525390625 0.46372688477951635 0.005859375 0.049786628733997154
0 0.8681640625 0.4274537695590327 0.0048828125 0.08819345661450925
0 0.853515625 0.4516358463726885 0.0048828125 0.03698435277382646
0 0.2822265625 0.44310099573257467 0.0068359375 0.031294452347083924
0 0.71875 0.422475106685633 0.0126953125 0.11806543385490754
