0 0.083984375 0.4694167852062589 0.0087890625 0.09815078236130868
0 0.3154296875 0.5398293029871978 0.0126953125 0.06827880512091039
0 0.40234375 0.4722617354196302 0.0068359375 0.11522048364153627
0 0.4375 0.4594594594594595 0.0087890625 0.12091038406827881
0 0.4580078125 0.5 0.0068359375 0.034139402560455195
0 0.2509765625 0.4544807965860597 0.0068359375 0.03982930298719772
0 0.552734375 0.4694167852062589 0.0068359375 0.06970128022759602
0 0.63037109375 0.5 0.005859375 0.03982930298719772
0 0.66943359375 0.48150782361308675 0.0078125 0.09672830725462304
0 0.76171875 0.42816500711237554 0.0068359375 0.049786628733997154
0 0.8359375 0.5234708392603129 0.0068359375 0.08108108108108109
0 0.8740234375 0.4118065433854908 0.0068359375 0.11095305832147938
