0 0.076171875 0.4274537695590327 0.0068359375 0.09388335704125178
0 0.12451171875 0.44594594594594594 0.005859375 0.06543385490753911
0 0.185546875 0.5206258890469416 0.0048828125 0.06685633001422475
0 0.2021484375 0.5220483641536273 0.0068359375 0.22048364153627312
0 0.25732421875 0.4779516358463727 0.005859375 0.155049786628734
0 0.30908203125 0.5092460881934566 0.013671875 0.09246088193456614
0 0.37548828125 0.4402560455192034 0.005859375 0.07112375533428165
0 0.4677734375 0.519203413940256 0.0068359375 0.11522048364153627
0 0.59326171875 0.5256045519203414 0.005859375 0.06827880512091039
0 0.68408203125 0.4871977240398293 0.009765625 0.09103840682788052
0 0.73828125 0.4473684210526316 0.0068359375 0.05689900426742532
0 0.8994140625 0.4800853485064011 0.0068359375 0.03982930298719772
0 0.34521484375 0.5291607396870555 0.052734375 0.08108108108108109
