0 0.12646484375 0.4694167852062589 0.005859375 0.02418207681365576
0 0.14208984375 0.4850640113798009 0.005859375 0.02418207681365576
0 0.15625 0.46799431009957326 0.0068359375 0.05832147937411095
0 0.2158203125 0.5099573257467994 0.0048828125 0.031294452347083924
0 0.2412109375 0.5007112375533428 0.0048828125 0.04694167852062589
0 0.35986328125 0.4402560455192034 0.005859375 0.06543385490753911
0 0.32177734375 0.5405405405405406 0.009765625 0.03556187766714083
0 0.51318359375 0.5056899004267426 0.005859375 0.07681365576102418
0 0.37939453125 0.45803698435277385 0.005859375 0.03840682788051209
0 0.53857421875 0.5135135135135135 0.005859375 0.032716927453769556
0 0.58203125 0.4829302987197724 0.0048828125 0.034139402560455195
0 0.6015625 0.5 0.0048828125 0.01422475106685633
0 0.65380859375 0.5305832147937412 0.005859375 0.07539118065433854
0 0.68017578125 0.4480796586059744 0.005859375 0.05832147937411095
0 0.79052734375 0.5476529160739687 0.005859375 0.08108108108108109
0 0.822265625 0.42887624466571833 0.0048828125 0.051209103840682786
0 0.83154296875 0.5320056899004267 0.005859375 0.05547652916073969
