0 0.37158203125 0.4523470839260313 0.0078125 0.19203413940256045
0 0.50341796875 0.47083926031294454 0.005859375 0.049786628733997154
0 0.533203125 0.4345661450924609 0.0048828125 0.051209103840682786
0 0.54931640625 0.46088193456614507 0.005859375 0.17496443812233287
0 0.68798828125 0.5213371266002845 0.005859375 0.03698435277382646
0 0.740234375 0.5362731152204836 0.0048828125 0.08392603129445235
0 0.90087890625 0.4594594594594595 0.005859375 0.021337126600284494
0 0.51513671875 0.5732574679943101 0.005859375 0.10668563300142248
0 0.580078125 0.5064011379800853 0.0048828125 0.029871977240398292
0 0.6171875 0.5398293029871978 0.0068359375 0.051209103840682786
0 0.67529296875 0.457325746799431 0.06640625 0.12233285917496443
