0 0.1241446725317693 0.4099337748344371 0.006842619745845552 0.12980132450331125
0 0.25317693059628543 0.5172185430463576 0.006842619745845552 0.07417218543046358
0 0.36314760508308896 0.5589403973509933 0.007820136852394917 0.10728476821192053
0 0.3939393939393939 0.4675496688741722 0.010752688172043012 0.13112582781456952
0 0.5674486803519062 0.33311258278145695 0.009775171065493646 0.2913907284768212
0 0.6280547409579668 0.4066225165562914 0.013685239491691105 0.3562913907284768
0 0.6598240469208211 0.45695364238410596 0.006842619745845552 0.017218543046357615
0 0.603128054740958 0.4642384105960265 0.010752688172043012 0.018543046357615896
0 0.6715542521994134 0.5456953642384106 0.006842619745845552 0.06754966887417219
0 0.7575757575757576 0.5165562913907285 0.006842619745845552 0.054304635761589407
0 0.7898338220918866 0.3933774834437086 0.028347996089931573 0.0728476821192053
0 0.820136852394917 0.4596026490066225 0.006842619745845552 0.011920529801324504
0 0.5525997300190849 0.4842321034374014 0.007447749383233339 0.09082308420056762
