0 0.123046875 0.5469416785206259 0.0048828125 0.04551920341394026
0 0.1123046875 0.49786628733997157 0.0048828125 0.02418207681365576
0 0.1806640625 0.4317211948790896 0.0048828125 0.05405405405405406
0 0.23828125 0.44950213371266 0.0048828125 0.02418207681365576
0 0.47705078125 0.5405405405405406 0.005859375 0.07823613086770982
0 0.5107421875 0.515647226173542 0.0048828125 0.025604551920341393
0 0.521484375 0.5640113798008535 0.0048828125 0.15647226173541964
0 0.54345703125 0.5419630156472262 0.005859375 0.10953058321479374
0 0.59130859375 0.4182076813655761 0.005859375 0.11522048364153627
0 0.60546875 0.5256045519203414 0.0068359375 0.08250355618776671
0 0.6767578125 0.48364153627311524 0.0087890625 0.14935988620199148
0 0.7041015625 0.44310099573257467 0.0068359375 0.051209103840682786
0 0.75244140625 0.46301564722617355 0.005859375 0.05689900426742532
0 0.8466796875 0.5007112375533428 0.0048828125 0.03840682788051209
0 0.86669921875 0.40042674253200566 0.005859375 0.13655761024182078
0 0.8583984375 0.5 0.0048828125 0.031294452347083924
0 0.2899958517699115 0.44838807135034436 0.006049502212389368 0.21525950729490556
0 0.3919731747787611 0.4666410705069299 0.004321073008849541 0.1384710280844421
0 0.4278380807522124 0.46727048427095 0.010370575221238965 0.1699417162854517
0 0.22647607853982304 0.5270647918528683 0.003456858407079655 0.0402824808972922
0 0.80419921875 0.40540540540540543 0.00390625 0.02702702702702703
0 0.60595703125 0.43243243243243246 0.005859375 0.08108108108108109
