0 0.11328125 0.3627311522048364 0.0068359375 0.2802275960170697
0 0.16845703125 0.45803698435277385 0.005859375 0.03556187766714083
0 0.162109375 0.4516358463726885 0.0048828125 0.04551920341394026
0 0.0966796875 0.4295874822190612 0.0048828125 0.06685633001422475
0 0.2744140625 0.43029871977240397 0.0068359375 0.08250355618776671
0 0.3359375 0.5248933143669986 0.0068359375 0.08961593172119488
0 0.45361328125 0.5184921763869133 0.005859375 0.03698435277382646
0 0.4072265625 0.4623044096728307 0.0048828125 0.02702702702702703
0 0.40625 0.5170697012802276 0.0068359375 0.02275960170697013
0 0.49755859375 0.4395448079658606 0.00390625 0.032716927453769556
0 0.54296875 0.47083926031294454 0.0087890625 0.06401137980085349
0 0.57373046875 0.5512091038406828 0.005859375 0.05405405405405406
0 0.6494140625 0.4260312944523471 0.0068359375 0.09957325746799431
0 0.6591796875 0.5320056899004267 0.0048828125 0.032716927453769556
0 0.76318359375 0.5405405405405406 0.005859375 0.10953058321479374
0 0.806640625 0.5 0.0068359375 0.034139402560455195
0 0.802734375 0.5554765291607396 0.0048828125 0.04836415362731152
0 0.8408203125 0.4317211948790896 0.0068359375 0.08534850640113797
0 0.74365234375 0.49857752489331436 0.005859375 0.03698435277382646
0 0.7431640625 0.4672830725462304 0.0068359375 0.01991465149359886
0 0.69384765625 0.465149359886202 0.005859375 0.02702702702702703
0 0.2138671875 0.46870554765291605 0.0458984375 0.1934566145092461
0 0.6728515625 0.39473684210526316 0.0224609375 0.07681365576102418
