0 0.09765625 0.5021337126600285 0.0048828125 0.049786628733997154
0 0.24169921875 0.45092460881934565 0.09375 0.16642958748221906
0 0.4326171875 0.441678520625889 0.0048828125 0.04267425320056899
0 0.416015625 0.43243243243243246 0.0048828125 0.041251778093883355
0 0.32080078125 0.5170697012802276 0.005859375 0.05405405405405406
0 0.16943359375 0.44594594594594594 0.005859375 0.05405405405405406
0 0.072265625 0.45092460881934565 0.0048828125 0.02702702702702703
0 0.09765625 0.43243243243243246 0.0068359375 0.08108108108108109
0 0.36572265625 0.5832147937411095 0.005859375 0.22617354196301565
0 0.3662109375 0.3833570412517781 0.0068359375 0.1251778093883357
0 0.4853515625 0.5462304409672831 0.0048828125 0.06401137980085349
0 0.498046875 0.4864864864864865 0.0048828125 0.029871977240398292
0 0.5107421875 0.34992887624466573 0.0087890625 0.3314366998577525
0 0.60546875 0.45092460881934565 0.0048828125 0.029871977240398292
0 0.65283203125 0.49359886201991465 0.005859375 0.06116642958748222
0 0.72021484375 0.5284495021337127 0.005859375 0.08534850640113797
0 0.78076171875 0.41536273115220484 0.005859375 0.09246088193456614
0 0.83984375 0.4317211948790896 0.0068359375 0.15362731152204837
0 0.89013671875 0.46301564722617355 0.005859375 0.02844950213371266
0 0.83984375 0.534850640113798 0.0068359375 0.032716927453769556
