0 0.0888671875 0.5066225165562914 0.0068359375 0.0423841059602649
0 0.44970703125 0.32980132450331123 0.009765625 0.4304635761589404
0 0.74267578125 0.5231788079470199 0.0078125 0.08079470198675497
0 0.779296875 0.42582781456953644 0.0087890625 0.09801324503311258
0 0.7080078125 0.43178807947019865 0.0068359375 0.08874172185430464
0 0.68310546875 0.5225165562913907 0.0078125 0.07947019867549669
0 0.42724609375 0.44437086092715233 0.0078125 0.02384105960264901
0 0.3056640625 0.49933774834437084 0.0068359375 0.02781456953642384
0 0.86669921875 0.5165562913907285 0.005859375 0.06490066225165562
0 0.80419921875 0.5152317880794702 0.0078125 0.06225165562913907
0 0.82373046875 0.4509933774834437 0.005859375 0.0423841059602649
0 0.73681640625 0.46556291390728477 0.025390625 0.015894039735099338
