0 0.08056640625 0.5640113798008535 0.005859375 0.1678520625889047
0 0.28173828125 0.5889046941678521 0.005859375 0.08108108108108109
0 0.66162109375 0.44096728307254623 0.005859375 0.06970128022759602
0 0.46142578125 0.5220483641536273 0.005859375 0.05832147937411095
0 0.21923828125 0.515647226173542 0.0078125 0.06543385490753911
0 0.2490234375 0.4544807965860597 0.0048828125 0.034139402560455195
0 0.8759765625 0.5277382645803699 0.0068359375 0.06116642958748222
0 0.72021484375 0.5014224751066856 0.005859375 0.03982930298719772
0 0.81201171875 0.5611664295874822 0.0068359375 0.01849217638691323
0 0.81787109375 0.5462304409672831 0.0380859375 0.13086770981507823
0 0.5908203125 0.45519203413940257 0.00390625 0.025604551920341393
0 0.52685546875 0.4317211948790896 0.0048828125 0.032716927453769556
0 0.904296875 0.4438122332859175 0.00390625 0.051209103840682786
0 0.31298828125 0.4566145092460882 0.0048828125 0.02275960170697013
0 0.2958984375 0.4395448079658606 0.005859375 0.025604551920341393
0 0.39892578125 0.5846372688477952 0.0009765625 0.01991465149359886
0 0.39892578125 0.5405405405405406 0.0029296875 0.01991465149359886
0 0.3984375 0.5135135135135135 0.005859375 0.025604551920341393
