0 0.1241446725317693 0.4066225165562914 0.006842619745845552 0.1390728476821192
0 0.18328445747800587 0.45827814569536424 0.005865102639296188 0.03576158940397351
0 0.25317693059628543 0.5172185430463576 0.006842619745845552 0.07417218543046358
0 0.36314760508308896 0.5556291390728477 0.007820136852394917 0.10596026490066225
0 0.39345063538611924 0.5291390728476821 0.009775171065493646 0.09271523178807947
0 0.39345063538611924 0.43112582781456954 0.005865102639296188 0.04768211920529802
0 0.5664711632453568 0.3205298013245033 0.007820136852394917 0.2582781456953642
0 0.6270772238514174 0.3973509933774834 0.009775171065493646 0.3403973509933775
0 0.6725317693059628 0.5456953642384106 0.006842619745845552 0.07549668874172186
0 0.6598240469208211 0.4609271523178808 0.006842619745845552 0.025165562913907286
0 0.7575757575757576 0.5397350993377483 0.006842619745845552 0.10331125827814569
0 0.7844574780058651 0.3980132450331126 0.017595307917888565 0.06357615894039735
0 0.5512032770097286 0.4936928413749605 0.015826467439370624 0.1299274676758121
