0 0.08837890625 0.465149359886202 0.005859375 0.021337126600284494
0 0.26904296875 0.43741109530583216 0.005859375 0.04267425320056899
0 0.41845703125 0.5042674253200569 0.005859375 0.03698435277382646
0 0.4296875 0.48577524893314367 0.0087890625 0.07112375533428165
0 0.45166015625 0.43741109530583216 0.005859375 0.09957325746799431
0 0.4716796875 0.47368421052631576 0.0068359375 0.04694167852062589
0 0.51025390625 0.4132290184921764 0.005859375 0.11095305832147938
0 0.69677734375 0.42034139402560455 0.00390625 0.07965860597439545
0 0.75634765625 0.49857752489331436 0.005859375 0.03698435277382646
0 0.552734375 0.5071123755334281 0.0048828125 0.025604551920341393
