0 0.0751953125 0.4118065433854908 0.0048828125 0.02844950213371266
0 0.10498046875 0.5092460881934566 0.005859375 0.05547652916073969
0 0.15087890625 0.4402560455192034 0.005859375 0.02844950213371266
0 0.138671875 0.5405405405405406 0.0087890625 0.112375533428165
0 0.232421875 0.4971550497866287 0.0087890625 0.08534850640113797
0 0.3935546875 0.5078236130867709 0.0048828125 0.04694167852062589
0 0.42822265625 0.4011379800853485 0.01953125 0.2034139402560455
0 0.50048828125 0.5064011379800853 0.005859375 0.07254623044096728
0 0.50244140625 0.3968705547652916 0.005859375 0.06685633001422475
0 0.5126953125 0.5021337126600285 0.0048828125 0.032716927453769556
0 0.55078125 0.4274537695590327 0.0048828125 0.03698435277382646
0 0.599609375 0.4523470839260313 0.0048828125 0.021337126600284494
0 0.5908203125 0.515647226173542 0.0048828125 0.03982930298719772
0 0.61962890625 0.5490753911806543 0.0078125 0.20625889046941678
0 0.69677734375 0.5042674253200569 0.0078125 0.1337126600284495
0 0.74072265625 0.4971550497866287 0.005859375 0.1337126600284495
0 0.7861328125 0.46799431009957326 0.0068359375 0.01849217638691323
0 0.81787109375 0.5021337126600285 0.0078125 0.3229018492176387
0 0.8544921875 0.3669985775248933 0.0068359375 0.2716927453769559
0 0.837890625 0.492176386913229 0.0048828125 0.01849217638691323
