0 0.076171875 0.5128022759601707 0.0048828125 0.07112375533428165
0 0.14208984375 0.5284495021337127 0.0078125 0.08534850640113797
0 0.1669921875 0.5341394025604552 0.0048828125 0.07965860597439545
0 0.1806640625 0.542674253200569 0.0068359375 0.08534850640113797
0 0.2138671875 0.4864864864864865 0.0068359375 0.06116642958748222
0 0.373046875 0.5561877667140825 0.0068359375 0.0953058321479374
0 0.4697265625 0.46088193456614507 0.0048828125 0.02702702702702703
0 0.4296875 0.48364153627311524 0.0048828125 0.03556187766714083
0 0.4833984375 0.4345661450924609 0.0048828125 0.025604551920341393
0 0.5068359375 0.45590327169274536 0.0048828125 0.02844950213371266
0 0.55029296875 0.4779516358463727 0.005859375 0.1465149359886202
0 0.5283203125 0.5554765291607396 0.0068359375 0.07112375533428165
0 0.61767578125 0.4772403982930299 0.005859375 0.08534850640113797
0 0.67236328125 0.4516358463726885 0.0078125 0.051209103840682786
0 0.69091796875 0.4701280227596017 0.005859375 0.034139402560455195
0 0.72265625 0.534850640113798 0.0048828125 0.06685633001422475
0 0.8544921875 0.5113798008534851 0.0068359375 0.03698435277382646
0 0.865234375 0.42034139402560455 0.0068359375 0.10810810810810811
