0 0.1376953125 0.5099573257467994 0.0048828125 0.02844950213371266
0 0.22607421875 0.4879089615931721 0.005859375 0.012802275960170697
0 0.31591796875 0.49288762446657186 0.0078125 0.03982930298719772
0 0.32080078125 0.42105263157894735 0.005859375 0.029871977240398292
0 0.27001953125 0.46372688477951635 0.005859375 0.012802275960170697
0 0.4755859375 0.5327169274537695 0.0048828125 0.034139402560455195
0 0.462890625 0.5647226173541963 0.0048828125 0.029871977240398292
0 0.3857421875 0.5184921763869133 0.0048828125 0.02844950213371266
0 0.671875 0.5199146514935988 0.0048828125 0.04267425320056899
0 0.626953125 0.4829302987197724 0.0068359375 0.031294452347083924
