0 0.09765625 0.4722617354196302 0.0087890625 0.00995732574679943
0 0.09716796875 0.5056899004267426 0.0078125 0.04551920341394026
0 0.13916015625 0.40753911806543386 0.005859375 0.1251778093883357
0 0.17041015625 0.406827880512091 0.005859375 0.06116642958748222
0 0.24267578125 0.5085348506401138 0.005859375 0.051209103840682786
0 0.2568359375 0.4359886201991465 0.0087890625 0.07965860597439545
0 0.1884765625 0.5355618776671408 0.0048828125 0.01422475106685633
0 0.361328125 0.44096728307254623 0.0048828125 0.01849217638691323
0 0.40283203125 0.44594594594594594 0.005859375 0.025604551920341393
0 0.25830078125 0.5135135135135135 0.0078125 0.05547652916073969
0 0.47900390625 0.4544807965860597 0.005859375 0.031294452347083924
0 0.51318359375 0.4402560455192034 0.005859375 0.06543385490753911
0 0.54833984375 0.5092460881934566 0.0078125 0.05547652916073969
0 0.70166015625 0.4118065433854908 0.00390625 0.03982930298719772
0 0.60986328125 0.4644381223328592 0.005859375 0.011379800853485065
0 0.75634765625 0.5277382645803699 0.005859375 0.05832147937411095
0 0.80908203125 0.45803698435277385 0.005859375 0.03556187766714083
0 0.80517578125 0.45519203413940257 0.013671875 0.041251778093883355
0 0.8759765625 0.46301564722617355 0.0068359375 0.1507823613086771
