0 0.14306640625 0.45590327169274536 0.005859375 0.12233285917496443
0 0.17529296875 0.43812233285917496 0.005859375 0.08108108108108109
0 0.18505859375 0.4544807965860597 0.005859375 0.06543385490753911
0 0.30908203125 0.4879089615931721 0.0078125 0.09815078236130868
0 0.32763671875 0.5120910384068279 0.005859375 0.06401137980085349
0 0.36181640625 0.5177809388335705 0.005859375 0.07539118065433854
0 0.3916015625 0.4879089615931721 0.0068359375 0.08108108108108109
0 0.51953125 0.5305832147937412 0.0068359375 0.06685633001422475
0 0.57666015625 0.45590327169274536 0.005859375 0.025604551920341393
0 0.59521484375 0.4544807965860597 0.005859375 0.04267425320056899
0 0.77880859375 0.5092460881934566 0.005859375 0.08961593172119488
0 0.79833984375 0.5291607396870555 0.005859375 0.05547652916073969
0 0.8876953125 0.43029871977240397 0.0126953125 0.04836415362731152
