0 0.10595703125 0.4174964438122333 0.005859375 0.03982930298719772
0 0.1376953125 0.42105263157894735 0.0048828125 0.05832147937411095
0 0.140625 0.5497866287339972 0.0107421875 0.09957325746799431
0 0.236328125 0.5405405405405406 0.0048828125 0.07823613086770982
0 0.39697265625 0.4039829302987198 0.005859375 0.17780938833570412
0 0.5517578125 0.5021337126600285 0.0068359375 0.03840682788051209
0 0.6123046875 0.3783783783783784 0.0068359375 0.13513513513513514
0 0.62255859375 0.5362731152204836 0.00390625 0.16073968705547653
0 0.6669921875 0.48862019914651494 0.0048828125 0.04551920341394026
0 0.67724609375 0.44523470839260315 0.005859375 0.044096728307254626
0 0.7490234375 0.3662873399715505 0.0068359375 0.15362731152204837
0 0.82666015625 0.5384068278805121 0.005859375 0.07396870554765292
