0 0.07568359375 0.43509933774834436 0.0078125 0.04768211920529802
0 0.08154296875 0.49735099337748345 0.005859375 0.031788079470198675
0 0.134765625 0.46158940397350995 0.0068359375 0.02913907284768212
0 0.1376953125 0.5589403973509933 0.0068359375 0.04900662251655629
0 0.15087890625 0.44503311258278144 0.005859375 0.06225165562913907
0 0.19189453125 0.42649006622516555 0.005859375 0.04370860927152318
0 0.55126953125 0.4139072847682119 0.005859375 0.0423841059602649
0 0.59814453125 0.4423841059602649 0.005859375 0.06754966887417219
0 0.62109375 0.4960264900662252 0.0048828125 0.026490066225165563
0 0.81884765625 0.5059602649006623 0.005859375 0.04370860927152318
0 0.87939453125 0.452317880794702 0.005859375 0.03708609271523179
0 0.6962425595238095 0.5063071586250394 0.008370535714285698 0.09965310627562284
