0 0.1627565982404692 0.484352773826458 0.005865102639296188 0.05405405405405406
0 0.2570869990224829 0.5398293029871978 0.006842619745845552 0.19630156472261737
0 0.42179863147605084 0.45092460881934565 0.005865102639296188 0.05832147937411095
0 0.5347018572825024 0.4317211948790896 0.006842619745845552 0.051209103840682786
0 0.8137829912023461 0.47581792318634425 0.005865102639296188 0.04267425320056899
0 0.5073313782991202 0.5078236130867709 0.006842619745845552 0.08108108108108109
0 0.32006764764401074 0.4754528632032125 0.006055415704288087 0.05035310112161529
0 0.47165200391006845 0.4388335704125178 0.005865102639296188 0.025604551920341393
0 0.48484848484848486 0.5149359886201992 0.004887585532746823 0.032716927453769556
0 0.45943304007820135 0.527027027027027 0.004887585532746823 0.034139402560455195
0 0.895405669599218 0.4772403982930299 0.022482893450635387 0.031294452347083924
