0 0.08837890625 0.40540540540540543 0.005859375 0.12091038406827881
0 0.109375 0.4822190611664296 0.0068359375 0.05263157894736842
0 0.3193359375 0.457325746799431 0.0068359375 0.03698435277382646
0 0.50927734375 0.5846372688477952 0.005859375 0.16073968705547653
0 0.49609375 0.457325746799431 0.0068359375 0.03698435277382646
0 0.45849609375 0.45803698435277385 0.005859375 0.03556187766714083
0 0.52099609375 0.5099573257467994 0.005859375 0.05689900426742532
0 0.5224609375 0.4523470839260313 0.0068359375 0.04694167852062589
0 0.62109375 0.3862019914651494 0.0068359375 0.16216216216216217
0 0.65234375 0.5028449502133713 0.0068359375 0.13940256045519203
0 0.81494140625 0.4445234708392603 0.005859375 0.06258890469416785
0 0.888671875 0.49359886201991465 0.0048828125 0.021337126600284494
0 0.2041015625 0.41251778093883357 0.0224609375 0.08108108108108109
0 0.67333984375 0.38264580369843526 0.025390625 0.06116642958748222
