0 0.18408203125 0.3966887417218543 0.005859375 0.04768211920529802
0 0.29052734375 0.423841059602649 0.005859375 0.03576158940397351
0 0.3671875 0.45761589403973507 0.0087890625 0.07152317880794702
0 0.396484375 0.42649006622516555 0.0068359375 0.019867549668874173
0 0.55517578125 0.37748344370860926 0.005859375 0.07019867549668875
0 0.6953125 0.39470198675496687 0.0068359375 0.02781456953642384
0 0.75732421875 0.3894039735099338 0.005859375 0.033112582781456956
0 0.34521484375 0.4291390728476821 0.091796875 0.051655629139072845
0 0.52880859375 0.41721854304635764 0.05078125 0.017218543046357615
0 0.66015625 0.4105960264900662 0.0556640625 0.11788079470198676
