0 0.15283203125 0.42034139402560455 0.005859375 0.07112375533428165
0 0.15283203125 0.5206258890469416 0.005859375 0.06116642958748222
0 0.24462890625 0.5448079658605974 0.005859375 0.08961593172119488
0 0.24462890625 0.40540540540540543 0.005859375 0.12944523470839261
0 0.521484375 0.5135135135135135 0.0048828125 0.032716927453769556
0 0.52783203125 0.45519203413940257 0.005859375 0.041251778093883355
0 0.580078125 0.4601706970128023 0.0048828125 0.034139402560455195
0 0.8291015625 0.4971550497866287 0.0068359375 0.11095305832147938
0 0.8662109375 0.48577524893314367 0.0048828125 0.04836415362731152
0 0.62841796875 0.4779516358463727 0.015625 0.029871977240398292
0 0.646484375 0.4772403982930299 0.0048828125 0.04551920341394026
0 0.70361328125 0.49857752489331436 0.005859375 0.034139402560455195
0 0.7177734375 0.5085348506401138 0.005859375 0.049786628733997154
0 0.720703125 0.45874822190611664 0.0078125 0.032716927453769556
