0 0.09326171875 0.4907539118065434 0.005859375 0.012802275960170697
0 0.25830078125 0.5049786628733998 0.005859375 0.044096728307254626
0 0.25439453125 0.4615931721194879 0.005859375 0.04267425320056899
0 0.2568359375 0.48364153627311524 0.0087890625 0.08961593172119488
0 0.30615234375 0.48577524893314367 0.005859375 0.09103840682788052
0 0.34521484375 0.44950213371266 0.005859375 0.03556187766714083
0 0.37939453125 0.48862019914651494 0.005859375 0.02844950213371266
0 0.4853515625 0.47155049786628733 0.0048828125 0.031294452347083924
0 0.6328125 0.515647226173542 0.0068359375 0.06543385490753911
0 0.7353515625 0.5291607396870555 0.0068359375 0.08961593172119488
0 0.79345703125 0.4516358463726885 0.005859375 0.025604551920341393
0 0.86376953125 0.5113798008534851 0.005859375 0.02275960170697013
0 0.71337890625 0.5049786628733998 0.0078125 0.03840682788051209
0 0.3291015625 0.4480796586059744 0.0048828125 0.012802275960170697
0 0.65283203125 0.5547652916073968 0.005859375 0.01849217638691323
0 0.65185546875 0.5106685633001422 0.0078125 0.029871977240398292
