0 0.13671875 0.46586059743954483 0.0068359375 0.031294452347083924
0 0.18408203125 0.48079658605974396 0.009765625 0.07539118065433854
0 0.37158203125 0.465149359886202 0.005859375 0.041251778093883355
0 0.5078125 0.47297297297297297 0.0068359375 0.05405405405405406
0 0.5146484375 0.4402560455192034 0.0087890625 0.06258890469416785
0 0.52197265625 0.4473684210526316 0.009765625 0.06543385490753911
0 0.53759765625 0.4359886201991465 0.005859375 0.04836415362731152
0 0.587890625 0.5256045519203414 0.0048828125 0.1337126600284495
0 0.71533203125 0.4665718349928876 0.0078125 0.03840682788051209
0 0.81640625 0.49786628733997157 0.0048828125 0.02418207681365576
0 0.88525390625 0.4907539118065434 0.005859375 0.032716927453769556
0 0.90283203125 0.46372688477951635 0.005859375 0.08108108108108109
0 0.84423828125 0.5199146514935988 0.005859375 0.05689900426742532
0 0.67724609375 0.4722617354196302 0.005859375 0.021337126600284494
0 0.72021484375 0.4295874822190612 0.017578125 0.0953058321479374
0 0.41455078125 0.4615931721194879 0.005859375 0.04267425320056899
