0 0.076171875 0.49271523178807947 0.0068359375 0.11258278145695365
0 0.2197265625 0.47483443708609274 0.0068359375 0.02913907284768212
0 0.33203125 0.4205298013245033 0.0068359375 0.11920529801324503
0 0.3525390625 0.44437086092715233 0.0068359375 0.2410596026490066
0 0.51806640625 0.46556291390728477 0.01171875 0.16423841059602648
0 0.61865234375 0.4960264900662252 0.005859375 0.04768211920529802
0 0.65380859375 0.47086092715231787 0.005859375 0.05827814569536424
0 0.86767578125 0.46158940397350995 0.005859375 0.11125827814569536
0 0.8857421875 0.5145695364238411 0.0048828125 0.039735099337748346
0 0.8857421875 0.45298013245033114 0.0048828125 0.030463576158940398
0 0.3916015625 0.5039735099337749 0.0068359375 0.02119205298013245
