0 0.0830078125 0.4139072847682119 0.0068359375 0.052980132450331126
0 0.08544921875 0.547682119205298 0.005859375 0.06357615894039735
0 0.1728515625 0.4675496688741722 0.0068359375 0.025165562913907286
0 0.2080078125 0.5350993377483444 0.0068359375 0.0728476821192053
0 0.3583984375 0.4860927152317881 0.0087890625 0.06754966887417219
0 0.470703125 0.5410596026490067 0.0048828125 0.02384105960264901
0 0.5244140625 0.47019867549668876 0.0048828125 0.017218543046357615
0 0.5849609375 0.4390728476821192 0.0087890625 0.03708609271523179
0 0.65673828125 0.45364238410596025 0.005859375 0.03708609271523179
0 0.73779296875 0.543046357615894 0.005859375 0.04105960264900662
