0 0.07575757575757576 0.44900662251655626 0.007820136852394917 0.038410596026490065
0 0.10312805474095797 0.4562913907284768 0.007820136852394917 0.039735099337748346
0 0.0967741935483871 0.519205298013245 0.004887585532746823 0.038410596026490065
0 0.1217008797653959 0.46158940397350995 0.005865102639296188 0.026490066225165563
0 0.14516129032258066 0.4860927152317881 0.007820136852394917 0.03576158940397351
0 0.2883675464320626 0.43178807947019865 0.004887585532746823 0.04105960264900662
0 0.3592375366568915 0.547682119205298 0.005865102639296188 0.08741721854304636
0 0.3758553274682307 0.49403973509933774 0.007820136852394917 0.10198675496688742
0 0.4941348973607038 0.495364238410596 0.007820136852394917 0.08874172185430464
0 0.5640273704789834 0.5675496688741721 0.006842619745845552 0.12980132450331125
0 0.7658846529814272 0.5211920529801325 0.009775171065493646 0.07682119205298013
0 0.7683284457478006 0.4503311258278146 0.008797653958944282 0.04105960264900662
0 0.7776148582600195 0.5052980132450331 0.007820136852394917 0.045033112582781455
0 0.8494623655913979 0.5079470198675496 0.008797653958944282 0.052980132450331126
0 0.8993157380254154 0.44900662251655626 0.008797653958944282 0.04105960264900662
0 0.30791788856304986 0.5311258278145695 0.008797653958944282 0.038410596026490065
0 0.33822091886608013 0.5364238410596026 0.04007820136852395 0.09933774834437085
