0 0.1708984375 0.40327169274537694 0.0068359375 0.051209103840682786
0 0.15673828125 0.49288762446657186 0.005859375 0.04836415362731152
0 0.22021484375 0.5106685633001422 0.005859375 0.03840682788051209
0 0.255859375 0.5256045519203414 0.0068359375 0.07112375533428165
0 0.09228515625 0.4871977240398293 0.00390625 0.031294452347083924
0 0.3642578125 0.4516358463726885 0.0087890625 0.3584637268847795
0 0.31884765625 0.5497866287339972 0.005859375 0.06258890469416785
0 0.3203125 0.4480796586059744 0.0048828125 0.01849217638691323
0 0.37890625 0.4260312944523471 0.0048828125 0.017069701280227598
0 0.37890625 0.5 0.0068359375 0.03698435277382646
0 0.5126953125 0.40327169274537694 0.0068359375 0.14509246088193456
0 0.4775390625 0.4992887624466572 0.0087890625 0.02702702702702703
0 0.44873046875 0.4992887624466572 0.005859375 0.02702702702702703
0 0.43603515625 0.5469416785206259 0.005859375 0.06258890469416785
0 0.55615234375 0.45092460881934565 0.005859375 0.05263157894736842
0 0.6689453125 0.5604551920341394 0.0068359375 0.17496443812233287
0 0.640625 0.43385490753911804 0.0048828125 0.02702702702702703
0 0.68994140625 0.4174964438122333 0.0078125 0.10526315789473684
0 0.79345703125 0.4786628733997155 0.0078125 0.10241820768136557
0 0.7021484375 0.4238975817923186 0.0068359375 0.029871977240398292
0 0.83447265625 0.46586059743954483 0.01171875 0.1422475106685633
