0 0.166015625 0.5519203413940256 0.0068359375 0.09815078236130868
0 0.09375 0.39473684210526316 0.0068359375 0.08534850640113797
0 0.40234375 0.39758179231863444 0.0068359375 0.14793741109530584
0 0.5947265625 0.414651493598862 0.0068359375 0.09957325746799431
0 0.41796875 0.45590327169274536 0.0068359375 0.02844950213371266
0 0.43408203125 0.4423897581792319 0.005859375 0.05832147937411095
0 0.35595703125 0.4829302987197724 0.005859375 0.06543385490753911
0 0.40234375 0.5142247510668563 0.0048828125 0.06258890469416785
0 0.18017578125 0.5469416785206259 0.0078125 0.07396870554765292
0 0.587890625 0.5113798008534851 0.0048828125 0.04551920341394026
0 0.595703125 0.4871977240398293 0.0068359375 0.03698435277382646
0 0.68896484375 0.43385490753911804 0.005859375 0.04694167852062589
0 0.71337890625 0.41963015647226176 0.005859375 0.08677098150782361
0 0.833984375 0.5469416785206259 0.0087890625 0.10810810810810811
0 0.85400390625 0.4217638691322902 0.005859375 0.09672830725462304
0 0.857421875 0.5341394025604552 0.0087890625 0.06827880512091039
0 0.88623046875 0.4267425320056899 0.005859375 0.05547652916073969
0 0.23291015625 0.422475106685633 0.00390625 0.041251778093883355
