0 0.17236328125 0.43314366998577525 0.005859375 0.07965860597439545
0 0.216796875 0.46870554765291605 0.0048828125 0.034139402560455195
0 0.2333984375 0.4274537695590327 0.0048828125 0.04267425320056899
0 0.28173828125 0.4772403982930299 0.0078125 0.12233285917496443
0 0.3515625 0.5355618776671408 0.0068359375 0.10241820768136557
0 0.37890625 0.49431009957325744 0.0087890625 0.18776671408250356
0 0.40966796875 0.4466571834992888 0.005859375 0.05832147937411095
0 0.443359375 0.465149359886202 0.0048828125 0.06401137980085349
0 0.470703125 0.4779516358463727 0.0068359375 0.06401137980085349
0 0.54736328125 0.4601706970128023 0.005859375 0.13086770981507823
0 0.611328125 0.4366998577524893 0.0048828125 0.032716927453769556
0 0.712890625 0.441678520625889 0.0048828125 0.04551920341394026
0 0.8203125 0.4907539118065434 0.0068359375 0.03556187766714083
0 0.88623046875 0.41536273115220484 0.005859375 0.06401137980085349
0 0.4261096515486726 0.4697881393270308 0.00691371681415931 0.10951799493951334
0 0.89599609375 0.492176386913229 0.021484375 0.041251778093883355
