0 0.07575757575757576 0.4509933774834437 0.005865102639296188 0.045033112582781455
0 0.10263929618768329 0.4549668874172185 0.006842619745845552 0.0423841059602649
0 0.0967741935483871 0.5211920529801325 0.004887585532746823 0.05827814569536424
0 0.19696969696969696 0.5708609271523178 0.005865102639296188 0.0728476821192053
0 0.23362658846529813 0.5298013245033113 0.006842619745845552 0.04900662251655629
0 0.2883675464320626 0.42251655629139073 0.006842619745845552 0.09668874172185431
0 0.3763440860215054 0.4880794701986755 0.006842619745845552 0.08741721854304636
0 0.43010752688172044 0.4860927152317881 0.010752688172043012 0.051655629139072845
0 0.49364613880742914 0.5066225165562914 0.006842619745845552 0.11390728476821192
0 0.7653958944281525 0.5139072847682119 0.008797653958944282 0.059602649006622516
0 0.8245356793743891 0.45695364238410596 0.005865102639296188 0.03576158940397351
0 0.3088954056695992 0.5271523178807948 0.006842619745845552 0.02781456953642384
