0 0.1416015625 0.4185430463576159 0.0068359375 0.1152317880794702
0 0.18115234375 0.4794701986754967 0.005859375 0.04370860927152318
0 0.2451171875 0.4913907284768212 0.0068359375 0.030463576158940398
0 0.275390625 0.4271523178807947 0.0048828125 0.045033112582781455
0 0.33935546875 0.46688741721854304 0.00390625 0.007947019867549669
0 0.44580078125 0.4794701986754967 0.005859375 0.03576158940397351
0 0.474609375 0.5158940397350993 0.0048828125 0.09006622516556291
0 0.640625 0.4417218543046358 0.0107421875 0.05562913907284768
0 0.6669921875 0.4900662251655629 0.0048828125 0.03576158940397351
0 0.734375 0.4695364238410596 0.0068359375 0.11125827814569536
0 0.87255859375 0.5026490066225165 0.005859375 0.08741721854304636
0 0.77392578125 0.49205298013245036 0.00390625 0.015894039735099338
0 0.42431640625 0.45165562913907287 0.005859375 0.02781456953642384
