0 0.1279296875 0.4516358463726885 0.0087890625 0.17354196301564723
0 0.17236328125 0.5 0.005859375 0.03982930298719772
0 0.1689453125 0.45376955903271693 0.0107421875 0.044096728307254626
0 0.20458984375 0.46870554765291605 0.005859375 0.14793741109530584
0 0.25732421875 0.531294452347084 0.0078125 0.21052631578947367
0 0.31103515625 0.5334281650071123 0.00390625 0.03556187766714083
0 0.51025390625 0.5369843527738265 0.005859375 0.07681365576102418
0 0.62890625 0.5220483641536273 0.0068359375 0.05263157894736842
0 0.8125 0.39758179231863444 0.0068359375 0.22759601706970128
0 0.78173828125 0.5135135135135135 0.005859375 0.03556187766714083
0 0.84521484375 0.4772403982930299 0.0078125 0.06258890469416785
0 0.87353515625 0.5640113798008535 0.005859375 0.08250355618776671
0 0.90380859375 0.39829302987197723 0.005859375 0.09246088193456614
0 0.529383296460177 0.46915872556301064 0.004321073008849541 0.11832978763579607
