0 0.06494140625 0.5028449502133713 0.005859375 0.05689900426742532
0 0.078125 0.5106685633001422 0.0087890625 0.04694167852062589
0 0.0908203125 0.47297297297297297 0.0068359375 0.06258890469416785
0 0.1220703125 0.5590327169274538 0.0068359375 0.05547652916073969
0 0.14990234375 0.4957325746799431 0.005859375 0.01991465149359886
0 0.20703125 0.4822190611664296 0.0126953125 0.11522048364153627
0 0.228515625 0.49857752489331436 0.0048828125 0.034139402560455195
0 0.23388671875 0.5391180654338549 0.005859375 0.112375533428165
0 0.28173828125 0.5362731152204836 0.005859375 0.029871977240398292
0 0.26953125 0.46301564722617355 0.0048828125 0.017069701280227598
0 0.29296875 0.4701280227596017 0.0087890625 0.1763869132290185
0 0.3154296875 0.5149359886201992 0.0087890625 0.032716927453769556
0 0.3359375 0.4345661450924609 0.0068359375 0.04836415362731152
0 0.376953125 0.4779516358463727 0.0068359375 0.19203413940256045
0 0.7734375 0.5227596017069701 0.0068359375 0.059743954480796585
0 0.671875 0.5789473684210527 0.0068359375 0.14082503556187767
0 0.65283203125 0.4352773826458037 0.005859375 0.029871977240398292
0 0.60986328125 0.49431009957325744 0.005859375 0.01991465149359886
0 0.69091796875 0.5213371266002845 0.0078125 0.04267425320056899
