0 0.1044921875 0.5106685633001422 0.0068359375 0.03556187766714083
0 0.25830078125 0.44523470839260315 0.005859375 0.02702702702702703
0 0.34521484375 0.4295874822190612 0.005859375 0.08392603129445235
0 0.45166015625 0.4523470839260313 0.00390625 0.01849217638691323
0 0.63330078125 0.4871977240398293 0.005859375 0.05405405405405406
0 0.689453125 0.4238975817923186 0.0068359375 0.032716927453769556
0 0.8759765625 0.4516358463726885 0.0048828125 0.01991465149359886
0 0.88134765625 0.45874822190611664 0.005859375 0.02275960170697013
0 0.88232421875 0.5028449502133713 0.005859375 0.034139402560455195
0 0.345703125 0.5042674253200569 0.0068359375 0.02275960170697013
