0 0.232421875 0.4543046357615894 0.0087890625 0.07549668874172186
0 0.09423828125 0.44966887417218543 0.005859375 0.03708609271523179
0 0.1923828125 0.47549668874172185 0.0087890625 0.022516556291390728
0 0.50927734375 0.45695364238410596 0.005859375 0.0913907284768212
0 0.5966796875 0.4986754966887417 0.0068359375 0.039735099337748346
0 0.62841796875 0.5324503311258278 0.005859375 0.030463576158940398
0 0.65673828125 0.4589403973509934 0.005859375 0.0423841059602649
0 0.80322265625 0.44900662251655626 0.005859375 0.022516556291390728
0 0.88720703125 0.3927152317880795 0.0078125 0.039735099337748346
0 0.251953125 0.495364238410596 0.0048828125 0.017218543046357615
