0 0.16748046875 0.46372688477951635 0.015625 0.16073968705547653
0 0.1962890625 0.5384068278805121 0.0068359375 0.07965860597439545
0 0.20556640625 0.4274537695590327 0.005859375 0.06258890469416785
0 0.3623046875 0.48862019914651494 0.0068359375 0.06827880512091039
0 0.3984375 0.4751066856330014 0.0068359375 0.06685633001422475
0 0.65673828125 0.48862019914651494 0.005859375 0.034139402560455195
0 0.4501953125 0.3755334281650071 0.0048828125 0.09815078236130868
0 0.75 0.4644381223328592 0.0068359375 0.07396870554765292
0 0.7880859375 0.5256045519203414 0.0068359375 0.07681365576102418
0 0.82861328125 0.5028449502133713 0.0078125 0.11379800853485064
0 0.8583984375 0.492176386913229 0.0068359375 0.07254623044096728
0 0.68798828125 0.4423897581792319 0.005859375 0.05832147937411095
0 0.68798828125 0.5113798008534851 0.005859375 0.04836415362731152
0 0.5908203125 0.43314366998577525 0.0048828125 0.051209103840682786
0 0.63037109375 0.4900426742532006 0.02734375 0.06543385490753911
