0 0.0888671875 0.5241820768136558 0.0048828125 0.02844950213371266
0 0.23681640625 0.542674253200569 0.00390625 0.05405405405405406
0 0.396484375 0.4132290184921764 0.0048828125 0.05689900426742532
0 0.42724609375 0.5142247510668563 0.015625 0.06543385490753911
0 0.50927734375 0.5298719772403983 0.005859375 0.09672830725462304
0 0.5615234375 0.5391180654338549 0.0126953125 0.05832147937411095
0 0.61181640625 0.4800853485064011 0.005859375 0.03982930298719772
0 0.6328125 0.465149359886202 0.0068359375 0.08108108108108109
0 0.81884765625 0.515647226173542 0.005859375 0.04836415362731152
0 0.826171875 0.55049786628734 0.0048828125 0.06970128022759602
0 0.85400390625 0.45590327169274536 0.00390625 0.03698435277382646
0 0.8662109375 0.4466571834992888 0.0048828125 0.04694167852062589
0 0.90087890625 0.43741109530583216 0.005859375 0.01991465149359886
