0 0.36363636363636365 0.4251655629139073 0.008797653958944282 0.0913907284768212
0 0.3870967741935484 0.43178807947019865 0.006842619745845552 0.08874172185430464
0 0.4579667644183773 0.476158940397351 0.007820136852394917 0.09271523178807947
0 0.47653958944281527 0.4695364238410596 0.007820136852394917 0.11390728476821192
0 0.5488758553274682 0.43178807947019865 0.005865102639296188 0.0781456953642384
0 0.5630498533724341 0.4596026490066225 0.006842619745845552 0.02781456953642384
0 0.5821114369501467 0.5158940397350993 0.007820136852394917 0.06622516556291391
0 0.6285434995112414 0.5370860927152318 0.006842619745845552 0.10331125827814569
0 0.8020527859237536 0.4456953642384106 0.007820136852394917 0.04768211920529802
0 0.8387096774193549 0.49072847682119203 0.006842619745845552 0.018543046357615896
0 0.6867057673509286 0.4463576158940397 0.09775171065493646 0.16026490066225166
