0 0.083984375 0.39403973509933776 0.0068359375 0.0423841059602649
0 0.1689453125 0.41721854304635764 0.0068359375 0.17350993377483442
0 0.29833984375 0.43642384105960264 0.005859375 0.015894039735099338
0 0.4189453125 0.35562913907284766 0.0048828125 0.05033112582781457
0 0.40869140625 0.5046357615894039 0.009765625 0.04900662251655629
0 0.53125 0.3973509933774834 0.0068359375 0.14701986754966886
0 0.59130859375 0.46225165562913906 0.005859375 0.030463576158940398
0 0.736328125 0.3033112582781457 0.0087890625 0.10198675496688742
0 0.7021484375 0.40794701986754967 0.0068359375 0.011920529801324504
0 0.875 0.41788079470198675 0.0068359375 0.06357615894039735
0 0.84765625 0.48344370860927155 0.0087890625 0.0913907284768212
0 0.89013671875 0.35496688741721855 0.0078125 0.030463576158940398
0 0.19401041666666669 0.4198990854619994 0.008370535714285726 0.04036581520025229
