0 0.126953125 0.44594594594594594 0.0048828125 0.03698435277382646
0 0.166015625 0.5071123755334281 0.0048828125 0.04836415362731152
0 0.1748046875 0.515647226173542 0.0048828125 0.03698435277382646
0 0.314453125 0.534850640113798 0.0107421875 0.07823613086770982
0 0.40283203125 0.542674253200569 0.0078125 0.1166429587482219
0 0.361328125 0.5042674253200569 0.0048828125 0.03698435277382646
0 0.64306640625 0.4544807965860597 0.005859375 0.031294452347083924
0 0.76171875 0.42318634423897583 0.0048828125 0.05689900426742532
0 0.7294921875 0.457325746799431 0.0048828125 0.02844950213371266
0 0.869140625 0.43314366998577525 0.0673828125 0.15647226173541964
