0 0.06884765625 0.45376955903271693 0.009765625 0.10099573257467995
0 0.17626953125 0.3990042674253201 0.0078125 0.3186344238975818
0 0.2001953125 0.5120910384068279 0.0126953125 0.13513513513513514
0 0.265625 0.4957325746799431 0.0048828125 0.01422475106685633
0 0.27978515625 0.42105263157894735 0.00390625 0.041251778093883355
0 0.29931640625 0.47368421052631576 0.005859375 0.03556187766714083
0 0.34423828125 0.42460881934566147 0.005859375 0.04836415362731152
0 0.45947265625 0.5206258890469416 0.005859375 0.03840682788051209
0 0.48095703125 0.48862019914651494 0.005859375 0.02275960170697013
0 0.5390625 0.5320056899004267 0.0048828125 0.03840682788051209
0 0.849609375 0.4722617354196302 0.0068359375 0.05832147937411095
0 0.1513671875 0.5277382645803699 0.0322265625 0.044096728307254626
