0 0.0947265625 0.5139072847682119 0.0068359375 0.06225165562913907
0 0.09521484375 0.44039735099337746 0.005859375 0.05827814569536424
0 0.10986328125 0.5178807947019868 0.005859375 0.06490066225165562
0 0.1943359375 0.3629139072847682 0.0087890625 0.19205298013245034
0 0.48291015625 0.5172185430463576 0.005859375 0.06887417218543046
0 0.5068359375 0.5701986754966888 0.0068359375 0.17483443708609273
0 0.6494140625 0.4370860927152318 0.0068359375 0.06754966887417219
0 0.52392578125 0.4423841059602649 0.005859375 0.051655629139072845
0 0.7939453125 0.41589403973509936 0.0068359375 0.08079470198675497
0 0.83837890625 0.423841059602649 0.0078125 0.09403973509933775
0 0.9013671875 0.45298013245033114 0.0068359375 0.03576158940397351
0 0.61669921875 0.4324503311258278 0.005859375 0.03443708609271523
0 0.5732421875 0.46225165562913906 0.0048828125 0.022516556291390728
0 0.88720703125 0.45695364238410596 0.005859375 0.02781456953642384
0 0.22119140625 0.4052980132450331 0.048828125 0.06754966887417219
0 0.22314453125 0.509271523178808 0.0625 0.052980132450331126
0 0.66943359375 0.3973509933774834 0.0234375 0.07549668874172186
