0 0.14320625610948193 0.4589403973509934 0.005865102639296188 0.03443708609271523
0 0.19941348973607037 0.3205298013245033 0.016617790811339198 0.247682119205298
0 0.2624633431085044 0.419205298013245 0.007820136852394917 0.16688741721854305
0 0.2727272727272727 0.46688741721854304 0.006842619745845552 0.02119205298013245
0 0.28934506353861195 0.4278145695364238 0.006842619745845552 0.033112582781456956
0 0.33528836754643204 0.3251655629139073 0.01270772238514174 0.4741721854304636
0 0.5166177908113392 0.5483443708609271 0.005865102639296188 0.0728476821192053
0 0.52297165200391 0.3927152317880795 0.006842619745845552 0.16158940397350993
0 0.5547409579667644 0.45298013245033114 0.011730205278592375 0.04105960264900662
0 0.5483870967741935 0.5119205298013245 0.020527859237536656 0.018543046357615896
0 0.7419354838709677 0.5324503311258278 0.006842619745845552 0.09933774834437085
0 0.8147605083088955 0.5178807947019868 0.005865102639296188 0.04105960264900662
0 0.8900293255131965 0.5576158940397351 0.005865102639296188 0.07549668874172186
0 0.8294232649071359 0.4629139072847682 0.005865102639296188 0.02384105960264901
0 0.5855327468230694 0.5172185430463576 0.006842619745845552 0.03708609271523179
0 0.06451612903225806 0.4384105960264901 0.004887585532746823 0.04105960264900662
