0 0.3035190615835777 0.4119205298013245 0.007820136852394917 0.12847682119205298
0 0.43548387096774194 0.5688741721854305 0.007820136852394917 0.07682119205298013
0 0.3998044965786901 0.5079470198675496 0.006842619745845552 0.05033112582781457
0 0.45894428152492667 0.4847682119205298 0.007820136852394917 0.06225165562913907
0 0.5948191593352884 0.5655629139072847 0.007820136852394917 0.0728476821192053
0 0.5869990224828935 0.42980132450331127 0.007820136852394917 0.09006622516556291
0 0.7150537634408602 0.49735099337748345 0.005865102639296188 0.02913907284768212
0 0.4858260019550342 0.4960264900662252 0.006842619745845552 0.02913907284768212
0 0.21114369501466276 0.42980132450331127 0.006842619745845552 0.0423841059602649
0 0.5948191593352884 0.49933774834437084 0.005865102639296188 0.030463576158940398
0 0.8255131964809385 0.5139072847682119 0.005865102639296188 0.06490066225165562
0 0.8284457478005866 0.44834437086092715 0.005865102639296188 0.02384105960264901
0 0.8812316715542522 0.45761589403973507 0.04887585532746823 0.12450331125827814
0 0.3709677419354839 0.3629139072847682 0.009775171065493646 0.5496688741721855
