0 0.11279296875 0.34281650071123754 0.0078125 0.22901849217638692
0 0.08935546875 0.4544807965860597 0.005859375 0.03698435277382646
0 0.31884765625 0.43029871977240397 0.005859375 0.07681365576102418
0 0.3662109375 0.5384068278805121 0.0068359375 0.13655761024182078
0 0.6591796875 0.5469416785206259 0.0048828125 0.05405405405405406
0 0.52685546875 0.46586059743954483 0.005859375 0.01991465149359886
0 0.6935840707964601 0.4842646558994952 0.004321073008849652 0.05538841123377692
0 0.7800055309734513 0.5100706202243231 0.007777931415929196 0.046576618537494174
0 0.1552734375 0.457325746799431 0.0048828125 0.034139402560455195
0 0.21435546875 0.5334281650071123 0.005859375 0.08961593172119488
0 0.22607421875 0.457325746799431 0.0625 0.15647226173541964
0 0.671875 0.40753911806543386 0.0205078125 0.06827880512091039
0 0.51025390625 0.4189189189189189 0.0078125 0.22190611664295876
