0 0.10546875 0.5014224751066856 0.0068359375 0.01991465149359886
0 0.1962890625 0.49288762446657186 0.0048828125 0.03982930298719772
0 0.26123046875 0.5170697012802276 0.005859375 0.04551920341394026
0 0.27783203125 0.4751066856330014 0.005859375 0.021337126600284494
0 0.2412109375 0.5049786628733998 0.0048828125 0.041251778093883355
0 0.2412109375 0.45590327169274536 0.0048828125 0.031294452347083924
0 0.40966796875 0.4900426742532006 0.005859375 0.011379800853485065
0 0.6083984375 0.5113798008534851 0.0068359375 0.017069701280227598
0 0.74462890625 0.46372688477951635 0.00390625 0.015647226173541962
0 0.85498046875 0.5533428165007113 0.005859375 0.07539118065433854
0 0.5198769358407079 0.48300582837145484 0.006049502212389424 0.06545903145809993
0 0.14990234375 0.534850640113798 0.03125 0.032716927453769556
0 0.451171875 0.40256045519203415 0.0244140625 0.05832147937411095
