0 0.23095703125 0.4013245033112583 0.005859375 0.051655629139072845
0 0.15380859375 0.4880794701986755 0.005859375 0.031788079470198675
0 0.25244140625 0.49933774834437084 0.005859375 0.04900662251655629
0 0.34130859375 0.46688741721854304 0.0078125 0.19337748344370861
0 0.48193359375 0.5205298013245033 0.005859375 0.06225165562913907
0 0.5 0.4271523178807947 0.0068359375 0.07417218543046358
0 0.6875 0.39536423841059604 0.0068359375 0.018543046357615896
0 0.6298828125 0.4913907284768212 0.0068359375 0.02781456953642384
0 0.78955078125 0.48543046357615893 0.005859375 0.015894039735099338
0 0.87890625 0.4735099337748344 0.0068359375 0.04768211920529802
