0 0.12023460410557185 0.5629139072847682 0.006842619745845552 0.10993377483443709
0 0.3787878787878788 0.44370860927152317 0.007820136852394917 0.19735099337748344
0 0.23558162267839688 0.5291390728476821 0.004887585532746823 0.02119205298013245
0 0.30009775171065495 0.423841059602649 0.006842619745845552 0.059602649006622516
0 0.4227761485826002 0.4543046357615894 0.009775171065493646 0.038410596026490065
0 0.41300097751710657 0.5331125827814569 0.005865102639296188 0.03443708609271523
0 0.5327468230694037 0.4291390728476821 0.006842619745845552 0.06754966887417219
0 0.5948191593352884 0.509271523178808 0.005865102639296188 0.026490066225165563
0 0.6559139784946236 0.447682119205298 0.006842619745845552 0.054304635761589407
0 0.8558162267839687 0.45364238410596025 0.007820136852394917 0.045033112582781455
0 0.8093841642228738 0.43642384105960264 0.006842619745845552 0.0423841059602649
0 0.8435972629521017 0.423841059602649 0.004887585532746823 0.05695364238410596
