0 0.4814453125 0.47880794701986756 0.0068359375 0.09006622516556291
0 0.24169921875 0.528476821192053 0.00390625 0.04370860927152318
0 0.1591796875 0.5231788079470199 0.0048828125 0.03576158940397351
0 0.576171875 0.3629139072847682 0.0068359375 0.02781456953642384
0 0.58935546875 0.4543046357615894 0.005859375 0.017218543046357615
0 0.70263671875 0.42317880794701984 0.005859375 0.02913907284768212
0 0.76220703125 0.48741721854304637 0.005859375 0.03576158940397351
0 0.76416015625 0.4139072847682119 0.005859375 0.07682119205298013
0 0.7900390625 0.4377483443708609 0.0068359375 0.039735099337748346
0 0.79150390625 0.5033112582781457 0.005859375 0.017218543046357615
0 0.82470703125 0.4384105960264901 0.005859375 0.054304635761589407
0 0.7744140625 0.547682119205298 0.0068359375 0.12185430463576159
0 0.8330078125 0.5271523178807948 0.0068359375 0.0781456953642384
0 0.86181640625 0.5086092715231788 0.005859375 0.02781456953642384
