0 0.0673828125 0.4556291390728477 0.0107421875 0.10463576158940398
0 0.17529296875 0.3781456953642384 0.0078125 0.2728476821192053
0 0.19921875 0.5576158940397351 0.0068359375 0.025165562913907286
0 0.1962890625 0.46357615894039733 0.0126953125 0.21059602649006623
0 0.27783203125 0.47549668874172185 0.0078125 0.10993377483443709
0 0.08740234375 0.5099337748344371 0.0078125 0.05695364238410596
0 0.32373046875 0.4198675496688742 0.005859375 0.04900662251655629
0 0.41455078125 0.5158940397350993 0.005859375 0.02384105960264901
0 0.42626953125 0.3966887417218543 0.005859375 0.07152317880794702
0 0.53857421875 0.3205298013245033 0.0078125 0.295364238410596
0 0.5390625 0.5 0.0068359375 0.03708609271523179
0 0.56689453125 0.4251655629139073 0.005859375 0.033112582781456956
0 0.716796875 0.5205298013245033 0.0048828125 0.06225165562913907
0 0.81103515625 0.43112582781456954 0.005859375 0.06887417218543046
0 0.8505859375 0.4602649006622517 0.0068359375 0.018543046357615896
0 0.8720703125 0.4337748344370861 0.0068359375 0.0847682119205298
0 0.87939453125 0.44966887417218543 0.005859375 0.013245033112582781
0 0.6223028273809524 0.48107852412488167 0.007440476190476275 0.05928729107537054
0 0.51416015625 0.4629139072847682 0.005859375 0.018543046357615896
0 0.2958984375 0.49403973509933774 0.0068359375 0.017218543046357615
0 0.14892578125 0.5298013245033113 0.03125 0.04370860927152318
