0 0.1103515625 0.4722617354196302 0.0068359375 0.04694167852062589
0 0.1357421875 0.4914651493598862 0.0048828125 0.02844950213371266
0 0.14697265625 0.5163584637268848 0.0078125 0.11522048364153627
0 0.23095703125 0.4295874822190612 0.005859375 0.05263157894736842
0 0.26416015625 0.36770981507823614 0.0078125 0.36415362731152207
0 0.31689453125 0.37695590327169276 0.0078125 0.16642958748221906
0 0.37158203125 0.32930298719772405 0.0078125 0.406827880512091
0 0.51171875 0.4914651493598862 0.0068359375 0.1906116642958748
0 0.54736328125 0.5554765291607396 0.005859375 0.051209103840682786
0 0.6015625 0.4601706970128023 0.0068359375 0.034139402560455195
0 0.58984375 0.4132290184921764 0.0068359375 0.025604551920341393
0 0.6396484375 0.5128022759601707 0.0087890625 0.08250355618776671
0 0.6640625 0.49359886201991465 0.0068359375 0.021337126600284494
0 0.68017578125 0.4096728307254623 0.0078125 0.08677098150782361
0 0.72314453125 0.5007112375533428 0.0078125 0.03556187766714083
0 0.74560546875 0.41038406827880514 0.005859375 0.051209103840682786
0 0.767578125 0.45376955903271693 0.0048828125 0.03556187766714083
0 0.779296875 0.5142247510668563 0.0068359375 0.06827880512091039
0 0.78759765625 0.42532005689900426 0.005859375 0.06685633001422475
0 0.87890625 0.46372688477951635 0.0556640625 0.11522048364153627
