0 0.1396484375 0.46301564722617355 0.0068359375 0.03698435277382646
0 0.15283203125 0.3705547652916074 0.0078125 0.27880512091038406
0 0.17626953125 0.534850640113798 0.005859375 0.02702702702702703
0 0.19091796875 0.42816500711237554 0.005859375 0.05547652916073969
0 0.208984375 0.42460881934566147 0.0048828125 0.04551920341394026
0 0.23486328125 0.45376955903271693 0.005859375 0.021337126600284494
0 0.25537109375 0.5305832147937412 0.005859375 0.06401137980085349
0 0.3076171875 0.43243243243243246 0.0048828125 0.03556187766714083
0 0.48486328125 0.5078236130867709 0.005859375 0.10668563300142248
0 0.50390625 0.44950213371266 0.0048828125 0.01849217638691323
0 0.45654296875 0.49786628733997157 0.005859375 0.12660028449502134
0 0.439453125 0.5042674253200569 0.0068359375 0.031294452347083924
0 0.650390625 0.4139402560455192 0.0087890625 0.08677098150782361
0 0.736328125 0.39758179231863444 0.0048828125 0.07681365576102418
0 0.7431640625 0.42532005689900426 0.0068359375 0.1721194879089616
0 0.638671875 0.5064011379800853 0.0048828125 0.015647226173541962
0 0.6767578125 0.48150782361308675 0.0068359375 0.01991465149359886
0 0.78466796875 0.519203413940256 0.005859375 0.03840682788051209
0 0.88330078125 0.5042674253200569 0.005859375 0.03982930298719772
0 0.90283203125 0.4992887624466572 0.005859375 0.01849217638691323
