0 0.15647255969836618 0.4867549668874172 0.006516780710329116 0.14632608010091455
0 0.23560489689521952 0.4766635130873541 0.006516780710329116 0.052980132450331126
0 0.22024391379230093 0.49306212551245654 0.011171624074849841 0.1665089877010407
0 0.2886701112507565 0.47792494481236203 0.006516780710329171 0.18669189530116684
0 0.09530791788856305 0.5185430463576159 0.005865102639296188 0.045033112582781455
0 0.1050830889540567 0.4324503311258278 0.005865102639296188 0.039735099337748346
0 0.11290322580645161 0.44834437086092715 0.005865102639296188 0.015894039735099338
0 0.1652003910068426 0.423841059602649 0.004887585532746823 0.04105960264900662
0 0.18328445747800587 0.44437086092715233 0.005865102639296188 0.06357615894039735
0 0.2668621700879765 0.44834437086092715 0.006842619745845552 0.039735099337748346
0 0.24193548387096775 0.4589403973509934 0.005865102639296188 0.03443708609271523
0 0.29765395894428154 0.31456953642384106 0.007820136852394917 0.3258278145695364
0 0.4032258064516129 0.44437086092715233 0.007820136852394917 0.0423841059602649
0 0.4789833822091887 0.4741721854304636 0.01270772238514174 0.19735099337748344
0 0.7512218963831867 0.47152317880794703 0.007820136852394917 0.16556291390728478
0 0.8040078201368523 0.3880794701986755 0.005865102639296188 0.054304635761589407
0 0.7732160312805474 0.5072847682119205 0.004887585532746823 0.04105960264900662
0 0.5948191593352884 0.44834437086092715 0.007820136852394917 0.015894039735099338
0 0.655425219941349 0.43178807947019865 0.005865102639296188 0.02781456953642384
0 0.6319648093841642 0.49735099337748345 0.005865102639296188 0.026490066225165563
0 0.5742913000977518 0.5271523178807948 0.007820136852394917 0.04105960264900662
0 0.5356793743890518 0.5344370860927152 0.006842619745845552 0.10331125827814569
0 0.5087976539589443 0.495364238410596 0.005865102639296188 0.019867549668874173
0 0.5772238514173998 0.4033112582781457 0.007820136852394917 0.052980132450331126
0 0.43250477121444864 0.48107852412488167 0.005585812037425004 0.07947019867549661
0 0.49720709398128754 0.47792494481236203 0.00651678071032906 0.02775149795017346
0 0.2825024437927664 0.4609271523178808 0.006842619745845552 0.030463576158940398
