0 0.07568359375 0.42980132450331127 0.0078125 0.026490066225165563
0 0.134765625 0.45761589403973507 0.0068359375 0.03708609271523179
0 0.138671875 0.5417218543046357 0.0107421875 0.11788079470198676
0 0.150390625 0.447682119205298 0.0068359375 0.046357615894039736
0 0.3017578125 0.4278145695364238 0.0068359375 0.09668874172185431
0 0.4287109375 0.42450331125827817 0.0224609375 0.16158940397350993
0 0.55078125 0.4165562913907285 0.0068359375 0.07682119205298013
0 0.5986328125 0.4304635761589404 0.0068359375 0.06225165562913907
0 0.62109375 0.5086092715231788 0.0068359375 0.054304635761589407
0 0.81884765625 0.5589403973509933 0.005859375 0.15496688741721854
0 0.755859375 0.4357615894039735 0.0068359375 0.08079470198675497
0 0.7861328125 0.4357615894039735 0.0068359375 0.03576158940397351
0 0.87939453125 0.4503311258278146 0.0078125 0.04900662251655629
0 0.8371465773809523 0.45900346893724375 0.009300595238095233 0.11605171870072528
0 0.6957775297619049 0.47666351308735416 0.007440476190476164 0.17660044150110374
0 0.23121279761904762 0.4716177861873226 0.00651041666666663 0.06559444970040995
