0 0.07568359375 0.45590327169274536 0.005859375 0.03698435277382646
0 0.087890625 0.4594594594594595 0.0048828125 0.044096728307254626
0 0.1416015625 0.4751066856330014 0.0068359375 0.11522048364153627
0 0.2587890625 0.5227596017069701 0.0068359375 0.05689900426742532
0 0.26953125 0.5135135135135135 0.0126953125 0.021337126600284494
0 0.1669921875 0.5128022759601707 0.0048828125 0.05405405405405406
0 0.3583984375 0.4907539118065434 0.0048828125 0.05832147937411095
0 0.3720703125 0.48577524893314367 0.0068359375 0.07396870554765292
0 0.47314453125 0.43314366998577525 0.005859375 0.04267425320056899
0 0.52197265625 0.5384068278805121 0.005859375 0.08534850640113797
0 0.55029296875 0.4473684210526316 0.005859375 0.051209103840682786
0 0.63134765625 0.4665718349928876 0.005859375 0.06401137980085349
0 0.66943359375 0.5007112375533428 0.005859375 0.07539118065433854
0 0.68408203125 0.48079658605974396 0.005859375 0.03840682788051209
0 0.80517578125 0.5633001422475107 0.005859375 0.044096728307254626
0 0.8642578125 0.5576102418207681 0.0068359375 0.05263157894736842
