0 0.07373046875 0.49359886201991465 0.0078125 0.10668563300142248
0 0.08056640625 0.5334281650071123 0.0078125 0.0953058321479374
0 0.07666015625 0.5049786628733998 0.015625 0.1379800853485064
0 0.26318359375 0.4395448079658606 0.005859375 0.05263157894736842
0 0.3310546875 0.5433854907539118 0.0087890625 0.12375533428165007
0 0.333984375 0.49786628733997157 0.0126953125 0.14935988620199148
0 0.3984375 0.4594594594594595 0.0068359375 0.032716927453769556
0 0.310546875 0.49857752489331436 0.0087890625 0.09957325746799431
0 0.47509765625 0.48150782361308675 0.005859375 0.05689900426742532
0 0.52197265625 0.43741109530583216 0.005859375 0.26173541963015645
0 0.5458984375 0.5135135135135135 0.0185546875 0.021337126600284494
0 0.599609375 0.4310099573257468 0.0068359375 0.06970128022759602
0 0.56640625 0.5049786628733998 0.0048828125 0.044096728307254626
0 0.65087890625 0.3840682788051209 0.0078125 0.1806543385490754
0 0.6689453125 0.5362731152204836 0.0048828125 0.06116642958748222
0 0.87255859375 0.5412517780938834 0.005859375 0.06258890469416785
0 0.888671875 0.46372688477951635 0.0068359375 0.16927453769559034
0 0.83251953125 0.4366998577524893 0.005859375 0.06401137980085349
