0 0.12841796875 0.4544807965860597 0.005859375 0.04267425320056899
0 0.14892578125 0.45376955903271693 0.005859375 0.06116642958748222
0 0.16650390625 0.5376955903271693 0.005859375 0.06116642958748222
0 0.17138671875 0.4167852062588905 0.005859375 0.032716927453769556
0 0.22705078125 0.4871977240398293 0.005859375 0.01422475106685633
0 0.26123046875 0.4366998577524893 0.00390625 0.029871977240398292
0 0.2548828125 0.47155049786628733 0.0068359375 0.059743954480796585
0 0.28369140625 0.4644381223328592 0.00390625 0.01991465149359886
0 0.29541015625 0.4473684210526316 0.005859375 0.02275960170697013
0 0.29345703125 0.5234708392603129 0.005859375 0.07254623044096728
0 0.326171875 0.4139402560455192 0.0087890625 0.2460881934566145
0 0.36083984375 0.4395448079658606 0.005859375 0.06401137980085349
0 0.396484375 0.4352773826458037 0.0048828125 0.02702702702702703
0 0.42236328125 0.43385490753911804 0.005859375 0.03556187766714083
0 0.482421875 0.46372688477951635 0.0048828125 0.021337126600284494
0 0.49609375 0.49786628733997157 0.0048828125 0.029871977240398292
0 0.583984375 0.406827880512091 0.0048828125 0.03556187766714083
0 0.6044921875 0.45874822190611664 0.0048828125 0.01422475106685633
0 0.83056640625 0.4260312944523471 0.005859375 0.034139402560455195
0 0.720703125 0.4594594594594595 0.0029296875 0.021337126600284494
0 0.83203125 0.5021337126600285 0.0068359375 0.03556187766714083
0 0.875 0.4871977240398293 0.0068359375 0.13086770981507823
0 0.75 0.49431009957325744 0.0048828125 0.01991465149359886
0 0.8955078125 0.46372688477951635 0.0068359375 0.021337126600284494
