0 0.07421875 0.5085348506401138 0.0068359375 0.05689900426742532
0 0.08203125 0.45021337126600286 0.0068359375 0.05689900426742532
0 0.162109375 0.457325746799431 0.0068359375 0.1593172119487909
0 0.19775390625 0.3883357041251778 0.009765625 0.17780938833570412
0 0.263671875 0.29658605974395447 0.0087890625 0.3442389758179232
0 0.33349609375 0.42816500711237554 0.013671875 0.2460881934566145
0 0.3994140625 0.5213371266002845 0.0068359375 0.08250355618776671
0 0.40771484375 0.44950213371266 0.005859375 0.044096728307254626
0 0.3994140625 0.4751066856330014 0.0087890625 0.15220483641536273
0 0.52294921875 0.5064011379800853 0.0078125 0.3684210526315789
0 0.70361328125 0.5206258890469416 0.005859375 0.05547652916073969
0 0.7412109375 0.5647226173541963 0.0068359375 0.10953058321479374
0 0.7412109375 0.4395448079658606 0.0068359375 0.07254623044096728
0 0.85791015625 0.42887624466571833 0.009765625 0.09672830725462304
0 0.85888671875 0.5099573257467994 0.0078125 0.03698435277382646
