0 0.080078125 0.43509933774834436 0.0068359375 0.07152317880794702
0 0.2236328125 0.45298013245033114 0.0068359375 0.030463576158940398
0 0.4150390625 0.4099337748344371 0.0068359375 0.018543046357615896
0 0.4228515625 0.4543046357615894 0.0107421875 0.10198675496688742
0 0.443359375 0.3483443708609272 0.0068359375 0.17086092715231788
0 0.49853515625 0.3172185430463576 0.013671875 0.27019867549668874
0 0.611328125 0.4774834437086093 0.0068359375 0.05827814569536424
0 0.62646484375 0.5019867549668874 0.005859375 0.0913907284768212
0 0.7080078125 0.423841059602649 0.0068359375 0.025165562913907286
0 0.77880859375 0.428476821192053 0.005859375 0.0423841059602649
0 0.81005859375 0.46225165562913906 0.009765625 0.36688741721854307
0 0.8720703125 0.3509933774834437 0.0068359375 0.08344370860927153
