0 0.1083984375 0.48079658605974396 0.0087890625 0.049786628733997154
0 0.3330078125 0.46372688477951635 0.0107421875 0.155049786628734
0 0.30908203125 0.4544807965860597 0.005859375 0.034139402560455195
0 0.3173828125 0.40256045519203415 0.0048828125 0.05832147937411095
0 0.44140625 0.5149359886201992 0.0068359375 0.04694167852062589
0 0.478515625 0.5433854907539118 0.0048828125 0.05263157894736842
0 0.548828125 0.5305832147937412 0.0048828125 0.06685633001422475
0 0.6005859375 0.45092460881934565 0.0048828125 0.05263157894736842
0 0.7890625 0.45590327169274536 0.0068359375 0.025604551920341393
0 0.76953125 0.4487908961593172 0.0068359375 0.034139402560455195
0 0.8603515625 0.45519203413940257 0.0146484375 0.08392603129445235
