0 0.1560070753619141 0.4754020813623463 0.007447749383233256 0.18164616840113532
0 0.2165200391006843 0.4709870703248186 0.007447749383233228 0.14001892147587505
0 0.2235023041474655 0.47792494481236203 0.008378718056137395 0.1311888994008199
0 0.23839780291393198 0.4678334910122989 0.012102592747754009 0.0832544938505203
0 0.2882046269143043 0.4798170923998738 0.009309686729041563 0.2030905077262693
0 0.48138062654191693 0.48297067171239355 0.012102592747754064 0.16146326080100917
0 0.1050830889540567 0.42649006622516555 0.005865102639296188 0.054304635761589407
0 0.11241446725317693 0.4509933774834437 0.006842619745845552 0.018543046357615896
0 0.09579667644183773 0.5198675496688742 0.006842619745845552 0.04768211920529802
0 0.1827956989247312 0.4470198675496689 0.006842619745845552 0.05827814569536424
0 0.16471163245356793 0.4165562913907285 0.005865102639296188 0.060927152317880796
0 0.2668621700879765 0.4463576158940397 0.006842619745845552 0.033112582781456956
0 0.2825024437927664 0.4602649006622517 0.006842619745845552 0.02913907284768212
0 0.4032258064516129 0.4390728476821192 0.007820136852394917 0.05562913907284768
0 0.4345063538611926 0.4794701986754967 0.009775171065493646 0.10463576158940398
0 0.4975562072336266 0.47086092715231787 0.006842619745845552 0.04768211920529802
0 0.5747800586510264 0.5278145695364238 0.006842619745845552 0.039735099337748346
0 0.5953079178885631 0.44834437086092715 0.008797653958944282 0.015894039735099338
0 0.7512218963831867 0.5205298013245033 0.007820136852394917 0.0781456953642384
0 0.8040078201368523 0.3920529801324503 0.005865102639296188 0.05695364238410596
0 0.655425219941349 0.43112582781456954 0.005865102639296188 0.02384105960264901
0 0.6324535679374389 0.5 0.006842619745845552 0.031788079470198675
0 0.5356793743890518 0.4986754966887417 0.006842619745845552 0.03443708609271523
0 0.29765395894428154 0.32847682119205296 0.007820136852394917 0.2980132450331126
0 0.7508960573476703 0.5018921475875118 0.009309686729041563 0.17155471460107222
