0 0.07373046875 0.5355618776671408 0.005859375 0.03698435277382646
0 0.080078125 0.4701280227596017 0.0068359375 0.059743954480796585
0 0.12548828125 0.47652916073968704 0.005859375 0.04694167852062589
0 0.24169921875 0.4601706970128023 0.005859375 0.06543385490753911
0 0.32958984375 0.5135135135135135 0.005859375 0.041251778093883355
0 0.3544921875 0.43385490753911804 0.0068359375 0.2460881934566145
0 0.7412109375 0.5049786628733998 0.0068359375 0.08961593172119488
0 0.845703125 0.5384068278805121 0.0048828125 0.07396870554765292
0 0.859375 0.3940256045519203 0.0068359375 0.06401137980085349
0 0.701171875 0.5035561877667141 0.0048828125 0.041251778093883355
0 0.74072265625 0.44950213371266 0.00390625 0.112375533428165
