0 0.14306640625 0.37695590327169276 0.0078125 0.1721194879089616
0 0.1630859375 0.48862019914651494 0.0087890625 0.10241820768136557
0 0.1953125 0.4061166429587482 0.0068359375 0.08534850640113797
0 0.3349609375 0.5199146514935988 0.0166015625 0.1678520625889047
0 0.5556640625 0.42532005689900426 0.0068359375 0.01849217638691323
0 0.82861328125 0.566145092460882 0.0078125 0.16927453769559034
0 0.82861328125 0.4352773826458037 0.005859375 0.07539118065433854
0 0.8583984375 0.5035561877667141 0.0068359375 0.044096728307254626
0 0.8720703125 0.5291607396870555 0.0048828125 0.044096728307254626
0 0.8603515625 0.44594594594594594 0.0048828125 0.05405405405405406
