0 0.09765625 0.43385490753911804 0.0068359375 0.08677098150782361
0 0.19677734375 0.5355618776671408 0.033203125 0.01991465149359886
0 0.20703125 0.457325746799431 0.0126953125 0.13086770981507823
0 0.30419921875 0.4623044096728307 0.0078125 0.13229018492176386
0 0.31201171875 0.4914651493598862 0.009765625 0.02275960170697013
0 0.40185546875 0.4366998577524893 0.0078125 0.06685633001422475
0 0.42626953125 0.3869132290184922 0.005859375 0.11522048364153627
0 0.5556640625 0.4971550497866287 0.0087890625 0.17069701280227595
0 0.58544921875 0.4516358463726885 0.005859375 0.05405405405405406
0 0.59521484375 0.5476529160739687 0.005859375 0.07539118065433854
0 0.599609375 0.3833570412517781 0.0048828125 0.06827880512091039
0 0.65673828125 0.45803698435277385 0.0078125 0.029871977240398292
0 0.669921875 0.4722617354196302 0.0107421875 0.16642958748221906
0 0.72900390625 0.41536273115220484 0.00390625 0.06116642958748222
0 0.68017578125 0.41251778093883357 0.005859375 0.029871977240398292
0 0.7490234375 0.5163584637268848 0.0048828125 0.06401137980085349
0 0.826171875 0.4487908961593172 0.0048828125 0.03698435277382646
0 0.86376953125 0.44950213371266 0.02734375 0.12660028449502134
