0 0.17041015625 0.43243243243243246 0.009765625 0.08392603129445235
0 0.21630859375 0.43812233285917496 0.005859375 0.10099573257467995
0 0.2822265625 0.4096728307254623 0.0068359375 0.2802275960170697
0 0.42236328125 0.47581792318634425 0.005859375 0.03698435277382646
0 0.47412109375 0.531294452347084 0.013671875 0.1763869132290185
0 0.61083984375 0.4480796586059744 0.005859375 0.03840682788051209
0 0.5849609375 0.5526315789473685 0.0107421875 0.13086770981507823
0 0.89794921875 0.49644381223328593 0.013671875 0.02418207681365576
0 0.87890625 0.45021337126600286 0.0068359375 0.034139402560455195
0 0.5466675884955752 0.47922934578733367 0.006049502212389424 0.10322385729931136
