0 0.1962890625 0.35206258890469416 0.0068359375 0.10526315789473684
0 0.21337890625 0.5554765291607396 0.009765625 0.06827880512091039
0 0.09423828125 0.42460881934566147 0.005859375 0.03698435277382646
0 0.2158203125 0.46586059743954483 0.0048828125 0.01991465149359886
0 0.33544921875 0.43812233285917496 0.005859375 0.05832147937411095
0 0.39111328125 0.43314366998577525 0.005859375 0.04267425320056899
0 0.40673828125 0.4566145092460882 0.005859375 0.012802275960170697
0 0.42578125 0.4096728307254623 0.0048828125 0.041251778093883355
0 0.453125 0.5199146514935988 0.0068359375 0.07112375533428165
0 0.5029296875 0.43243243243243246 0.0048828125 0.041251778093883355
0 0.54248046875 0.4388335704125178 0.005859375 0.03698435277382646
0 0.63232421875 0.4900426742532006 0.005859375 0.01991465149359886
0 0.64501953125 0.5199146514935988 0.009765625 0.06543385490753911
0 0.64892578125 0.43385490753911804 0.005859375 0.06401137980085349
0 0.6982421875 0.4388335704125178 0.0048828125 0.03982930298719772
0 0.6572265625 0.41536273115220484 0.0048828125 0.021337126600284494
0 0.72998046875 0.42105263157894735 0.005859375 0.05832147937411095
0 0.76318359375 0.5490753911806543 0.005859375 0.06401137980085349
0 0.78662109375 0.4594594594594595 0.005859375 0.032716927453769556
0 0.8603515625 0.36770981507823614 0.0068359375 0.15647226173541964
0 0.80908203125 0.4359886201991465 0.005859375 0.025604551920341393
0 0.2216796875 0.44310099573257467 0.0048828125 0.031294452347083924
0 0.2138671875 0.39046941678520625 0.0400390625 0.03982930298719772
0 0.21826171875 0.5007112375533428 0.044921875 0.03840682788051209
