0 0.103515625 0.41038406827880514 0.0048828125 0.05405405405405406
0 0.10595703125 0.5142247510668563 0.005859375 0.02275960170697013
0 0.2099609375 0.47581792318634425 0.0048828125 0.02275960170697013
0 0.25537109375 0.4544807965860597 0.005859375 0.11379800853485064
0 0.29052734375 0.42034139402560455 0.005859375 0.09388335704125178
0 0.36083984375 0.48862019914651494 0.005859375 0.06258890469416785
0 0.43505859375 0.42318634423897583 0.005859375 0.06543385490753911
0 0.48583984375 0.4992887624466572 0.005859375 0.015647226173541962
0 0.50341796875 0.484352773826458 0.005859375 0.031294452347083924
0 0.681640625 0.4644381223328592 0.0048828125 0.01422475106685633
0 0.689453125 0.3990042674253201 0.0068359375 0.05405405405405406
0 0.7373046875 0.38762446657183497 0.0087890625 0.10241820768136557
0 0.78515625 0.5149359886201992 0.0048828125 0.02702702702702703
0 0.90185546875 0.47368421052631576 0.005859375 0.015647226173541962
