0 0.2451171875 0.5120910384068279 0.0068359375 0.1806543385490754
0 0.15283203125 0.4310099573257468 0.005859375 0.08677098150782361
0 0.3583984375 0.5184921763869133 0.0068359375 0.059743954480796585
0 0.5205078125 0.5035561877667141 0.0068359375 0.049786628733997154
0 0.5810546875 0.5014224751066856 0.0068359375 0.05405405405405406
0 0.86572265625 0.5199146514935988 0.005859375 0.08819345661450925
0 0.82861328125 0.4793741109530583 0.005859375 0.10099573257467995
0 0.72265625 0.4722617354196302 0.0107421875 0.04694167852062589
0 0.43408203125 0.4388335704125178 0.005859375 0.06827880512091039
0 0.35546875 0.4310099573257468 0.0087890625 0.04694167852062589
0 0.51123046875 0.4644381223328592 0.005859375 0.08250355618776671
0 0.52099609375 0.44523470839260315 0.00390625 0.05832147937411095
0 0.22314453125 0.4850640113798009 0.005859375 0.04694167852062589
0 0.64697265625 0.4971550497866287 0.005859375 0.05689900426742532
0 0.70263671875 0.5078236130867709 0.005859375 0.029871977240398292
0 0.2890625 0.5049786628733998 0.0068359375 0.032716927453769556
0 0.62890625 0.4623044096728307 0.0185546875 0.06116642958748222
0 0.62109375 0.5071123755334281 0.0068359375 0.034139402560455195
0 0.7861328125 0.44594594594594594 0.0068359375 0.05405405405405406
