0 0.1572265625 0.4615931721194879 0.0087890625 0.21621621621621623
0 0.1865234375 0.48862019914651494 0.0068359375 0.06827880512091039
0 0.19970703125 0.44523470839260315 0.005859375 0.044096728307254626
0 0.21630859375 0.5135135135135135 0.005859375 0.07254623044096728
0 0.24658203125 0.46799431009957326 0.005859375 0.17496443812233287
0 0.359375 0.40327169274537694 0.0048828125 0.07112375533428165
0 0.36865234375 0.4395448079658606 0.005859375 0.029871977240398292
0 0.51318359375 0.4445234708392603 0.0078125 0.12802275960170698
0 0.58642578125 0.4822190611664296 0.005859375 0.05832147937411095
0 0.814453125 0.5391180654338549 0.0048828125 0.10953058321479374
0 0.876953125 0.48933143669985774 0.0068359375 0.03840682788051209
0 0.88818359375 0.44310099573257467 0.00390625 0.04267425320056899
0 0.83154296875 0.4644381223328592 0.005859375 0.04551920341394026
0 0.6025390625 0.4850640113798009 0.0068359375 0.029871977240398292
0 0.34033203125 0.534850640113798 0.046875 0.07823613086770982
