0 0.23074776785714285 0.4703563544623147 0.009300595238095233 0.05802585935036264
0 0.6967075892857144 0.4886471144749291 0.009300595238095233 0.16272469252601698
0 0.8371465773809523 0.4703563544623147 0.007440476190476164 0.10596026490066225
0 0.87939453125 0.45364238410596025 0.0078125 0.04768211920529802
0 0.78662109375 0.43642384105960264 0.005859375 0.03708609271523179
0 0.62109375 0.5086092715231788 0.0068359375 0.054304635761589407
0 0.59814453125 0.43112582781456954 0.005859375 0.06357615894039735
0 0.55029296875 0.40397350993377484 0.005859375 0.06225165562913907
0 0.42919921875 0.423841059602649 0.0234375 0.1629139072847682
0 0.3017578125 0.4278145695364238 0.0068359375 0.09933774834437085
0 0.134765625 0.46158940397350995 0.0068359375 0.031788079470198675
0 0.138671875 0.5423841059602649 0.0107421875 0.11920529801324503
0 0.07568359375 0.42649006622516555 0.005859375 0.022516556291390728
0 0.50048828125 0.4966887417218543 0.005859375 0.022516556291390728
0 0.75634765625 0.43443708609271525 0.005859375 0.08609271523178808
0 0.81884765625 0.5562913907284768 0.0078125 0.152317880794702
