0 0.07958984375 0.5654338549075392 0.005859375 0.09957325746799431
0 0.10595703125 0.5213371266002845 0.005859375 0.07681365576102418
0 0.1494140625 0.4480796586059744 0.0048828125 0.041251778093883355
0 0.1552734375 0.48933143669985774 0.0048828125 0.012802275960170697
0 0.2041015625 0.4089615931721195 0.0048828125 0.07681365576102418
0 0.26416015625 0.519203413940256 0.005859375 0.04694167852062589
0 0.26416015625 0.4366998577524893 0.005859375 0.07823613086770982
0 0.3046875 0.46088193456614507 0.0068359375 0.029871977240398292
0 0.33251953125 0.4317211948790896 0.0078125 0.1678520625889047
0 0.41748046875 0.4438122332859175 0.0078125 0.06401137980085349
0 0.4267578125 0.4317211948790896 0.0068359375 0.07112375533428165
0 0.48681640625 0.45519203413940257 0.005859375 0.03556187766714083
0 0.548828125 0.5320056899004267 0.0068359375 0.029871977240398292
0 0.5869140625 0.4310099573257468 0.0068359375 0.08392603129445235
0 0.70263671875 0.5078236130867709 0.00390625 0.015647226173541962
0 0.7138671875 0.4423897581792319 0.0048828125 0.029871977240398292
0 0.72900390625 0.4018492176386913 0.005859375 0.05689900426742532
0 0.76123046875 0.4871977240398293 0.005859375 0.011379800853485065
0 0.85400390625 0.42105263157894735 0.013671875 0.0953058321479374
0 0.873046875 0.5007112375533428 0.0322265625 0.03556187766714083
0 0.86767578125 0.4523470839260313 0.015625 0.041251778093883355
0 0.37109375 0.4182076813655761 0.0087890625 0.6500711237553343
