0 0.1376953125 0.414651493598862 0.0068359375 0.12233285917496443
0 0.1337890625 0.5611664295874822 0.0087890625 0.09103840682788052
0 0.23974609375 0.5142247510668563 0.005859375 0.05689900426742532
0 0.29150390625 0.5064011379800853 0.005859375 0.03556187766714083
0 0.2197265625 0.4096728307254623 0.0048828125 0.10384068278805121
0 0.1689453125 0.43741109530583216 0.0068359375 0.07681365576102418
0 0.43408203125 0.43385490753911804 0.005859375 0.08961593172119488
0 0.54833984375 0.4950213371266003 0.009765625 0.20625889046941678
0 0.7177734375 0.3662873399715505 0.0126953125 0.3584637268847795
0 0.81494140625 0.37766714082503555 0.0078125 0.5519203413940256
0 0.703125 0.5092460881934566 0.0087890625 0.16927453769559034
0 0.6845703125 0.5099573257467994 0.0048828125 0.05405405405405406
0 0.529296875 0.41109530583214793 0.0048828125 0.07823613086770982
0 0.78564453125 0.4971550497866287 0.0048828125 0.03556187766714083
0 0.78564453125 0.45590327169274536 0.0068359375 0.041251778093883355
0 0.51513671875 0.5355618776671408 0.0048828125 0.08108108108108109
0 0.25732421875 0.5071123755334281 0.0048828125 0.015647226173541962
0 0.2568359375 0.4402560455192034 0.005859375 0.05263157894736842
0 0.091796875 0.5668563300142248 0.001953125 0.012802275960170697
0 0.0908203125 0.5227596017069701 0.005859375 0.05547652916073969
