0 0.0732421875 0.5284495021337127 0.0068359375 0.051209103840682786
0 0.080078125 0.45305832147937414 0.0068359375 0.05689900426742532
0 0.16259765625 0.45021337126600286 0.005859375 0.051209103840682786
0 0.32958984375 0.5149359886201992 0.005859375 0.04694167852062589
0 0.33642578125 0.45021337126600286 0.0078125 0.04836415362731152
0 0.35595703125 0.43741109530583216 0.0078125 0.24466571834992887
0 0.65673828125 0.45803698435277385 0.005859375 0.032716927453769556
0 0.7568359375 0.39260312944523473 0.0087890625 0.07823613086770982
0 0.87158203125 0.4445234708392603 0.0078125 0.10241820768136557
0 0.89013671875 0.4189189189189189 0.005859375 0.04551920341394026
