0 0.1689453125 0.44834437086092715 0.0068359375 0.045033112582781455
0 0.17626953125 0.5258278145695364 0.005859375 0.04105960264900662
0 0.24169921875 0.5443708609271524 0.00390625 0.025165562913907286
0 0.29345703125 0.43642384105960264 0.005859375 0.07682119205298013
0 0.31884765625 0.4337748344370861 0.005859375 0.045033112582781455
0 0.40185546875 0.48013245033112584 0.009765625 0.08741721854304636
0 0.5859375 0.47019867549668876 0.0068359375 0.011920529801324504
0 0.478515625 0.5026490066225165 0.0087890625 0.02384105960264901
0 0.71337890625 0.49072847682119203 0.005859375 0.07682119205298013
0 0.75146484375 0.5059602649006623 0.009765625 0.017218543046357615
0 0.79736328125 0.47218543046357614 0.005859375 0.010596026490066225
0 0.8837890625 0.4728476821192053 0.0087890625 0.009271523178807948
