0 0.18408203125 0.4189189189189189 0.005859375 0.09957325746799431
0 0.25341796875 0.42887624466571833 0.005859375 0.04836415362731152
0 0.2880859375 0.4907539118065434 0.0048828125 0.08392603129445235
0 0.36376953125 0.5355618776671408 0.0078125 0.36415362731152207
0 0.41357421875 0.5 0.005859375 0.11379800853485064
0 0.52587890625 0.45590327169274536 0.005859375 0.04836415362731152
0 0.5546875 0.4793741109530583 0.0068359375 0.20056899004267426
0 0.685546875 0.45519203413940257 0.0048828125 0.041251778093883355
0 0.70458984375 0.4601706970128023 0.005859375 0.13940256045519203
0 0.783203125 0.39758179231863444 0.0126953125 0.16216216216216217
0 0.7451171875 0.4566145092460882 0.0048828125 0.012802275960170697
