0 0.08203125 0.4850640113798009 0.0048828125 0.02702702702702703
0 0.2626953125 0.5064011379800853 0.0068359375 0.19772403982930298
0 0.3369140625 0.5113798008534851 0.0087890625 0.10241820768136557
0 0.32470703125 0.5113798008534851 0.005859375 0.07112375533428165
0 0.55859375 0.5704125177809388 0.0068359375 0.06685633001422475
0 0.54931640625 0.5092460881934566 0.021484375 0.02418207681365576
0 0.57763671875 0.5384068278805121 0.005859375 0.04267425320056899
0 0.654296875 0.5320056899004267 0.0068359375 0.06116642958748222
0 0.6962890625 0.5327169274537695 0.0068359375 0.1593172119487909
0 0.82861328125 0.37980085348506404 0.0078125 0.3285917496443812
0 0.84375 0.519203413940256 0.0048828125 0.03556187766714083
0 0.53271484375 0.4694167852062589 0.005859375 0.01849217638691323
0 0.6044921875 0.492176386913229 0.0048828125 0.01849217638691323
