0 0.12365591397849462 0.4066225165562914 0.007820136852394917 0.1390728476821192
0 0.25317693059628543 0.5185430463576159 0.006842619745845552 0.07152317880794702
0 0.36314760508308896 0.5655629139072847 0.007820136852394917 0.12847682119205298
0 0.39345063538611924 0.5079470198675496 0.009775171065493646 0.05033112582781457
0 0.39345063538611924 0.433112582781457 0.005865102639296188 0.04370860927152318
0 0.47458455522971654 0.4370860927152318 0.005865102639296188 0.033112582781456956
0 0.5664711632453568 0.31390728476821195 0.007820136852394917 0.271523178807947
0 0.6275659824046921 0.40397350993377484 0.010752688172043012 0.3483443708609272
0 0.6026392961876833 0.46158940397350995 0.013685239491691105 0.026490066225165563
0 0.6725317693059628 0.5403973509933775 0.006842619745845552 0.06225165562913907
0 0.6598240469208211 0.45827814569536424 0.006842619745845552 0.03576158940397351
0 0.7575757575757576 0.5158940397350993 0.006842619745845552 0.05562913907284768
0 0.7859237536656891 0.39470198675496687 0.020527859237536656 0.06754966887417219
0 0.7121212121212122 0.49933774834437084 0.005865102639296188 0.033112582781456956
0 0.7121212121212122 0.4695364238410596 0.005865102639296188 0.010596026490066225
0 0.820136852394917 0.4596026490066225 0.006842619745845552 0.01456953642384106
