0 0.1279296875 0.5139072847682119 0.0087890625 0.10463576158940398
0 0.5458984375 0.4033112582781457 0.0068359375 0.11655629139072848
0 0.48291015625 0.509271523178808 0.005859375 0.05033112582781457
0 0.60546875 0.42317880794701984 0.0068359375 0.06357615894039735
0 0.7294921875 0.4463576158940397 0.0068359375 0.051655629139072845
0 0.8310546875 0.5013245033112583 0.0068359375 0.03708609271523179
0 0.82666015625 0.5132450331125827 0.005859375 0.04768211920529802
0 0.86962890625 0.3437086092715232 0.009765625 0.5006622516556292
0 0.89208984375 0.39536423841059604 0.0078125 0.1509933774834437
0 0.2265625 0.4913907284768212 0.0068359375 0.019867549668874173
