0 0.14320625610948193 0.4556291390728477 0.007820136852394917 0.04370860927152318
0 0.19941348973607037 0.33973509933774837 0.016617790811339198 0.19602649006622516
0 0.26392961876832843 0.33178807947019867 0.010752688172043012 0.38675496688741723
0 0.3357771260997067 0.41324503311258276 0.013685239491691105 0.3086092715231788
0 0.39882697947214074 0.4304635761589404 0.006842619745845552 0.0781456953642384
0 0.28934506353861195 0.42649006622516555 0.006842619745845552 0.030463576158940398
0 0.4232649071358749 0.44503311258278144 0.004887585532746823 0.046357615894039736
0 0.4750733137829912 0.4509933774834437 0.006842619745845552 0.0423841059602649
0 0.5053763440860215 0.4417218543046358 0.006842619745845552 0.05827814569536424
0 0.5087976539589443 0.5311258278145695 0.005865102639296188 0.08344370860927153
0 0.52297165200391 0.3615894039735099 0.008797653958944282 0.22913907284768212
0 0.5566959921798631 0.4463576158940397 0.007820136852394917 0.019867549668874173
0 0.5845552297165201 0.5158940397350993 0.006842619745845552 0.03443708609271523
0 0.8592375366568915 0.4119205298013245 0.008797653958944282 0.054304635761589407
0 0.8826979472140762 0.4629139072847682 0.006842619745845552 0.026490066225165563
0 0.8294232649071359 0.4589403973509934 0.005865102639296188 0.026490066225165563
0 0.7106549364613881 0.5344370860927152 0.006842619745845552 0.060927152317880796
0 0.7316715542521994 0.5105960264900662 0.005865102639296188 0.05033112582781457
