0 0.10107421875 0.5590327169274538 0.005859375 0.08961593172119488
0 0.0791015625 0.4615931721194879 0.0068359375 0.031294452347083924
0 0.228515625 0.5135135135135135 0.0048828125 0.05832147937411095
0 0.31689453125 0.4487908961593172 0.01171875 0.05405405405405406
0 0.35009765625 0.5398293029871978 0.005859375 0.09103840682788052
0 0.45263671875 0.3755334281650071 0.013671875 0.3541963015647226
0 0.5009765625 0.41536273115220484 0.0068359375 0.05263157894736842
0 0.53173828125 0.5042674253200569 0.005859375 0.025604551920341393
0 0.61279296875 0.49644381223328593 0.009765625 0.2802275960170697
0 0.68408203125 0.5234708392603129 0.005859375 0.049786628733997154
0 0.70751953125 0.39758179231863444 0.005859375 0.13940256045519203
0 0.7109375 0.5362731152204836 0.0068359375 0.07254623044096728
0 0.755859375 0.46799431009957326 0.0048828125 0.06116642958748222
0 0.86669921875 0.542674253200569 0.005859375 0.10241820768136557
0 0.80908203125 0.4310099573257468 0.005859375 0.08108108108108109
0 0.7919921875 0.4701280227596017 0.0126953125 0.06258890469416785
0 0.876953125 0.42532005689900426 0.0107421875 0.08108108108108109
0 0.86669921875 0.4274537695590327 0.005859375 0.09103840682788052
0 0.72509765625 0.4665718349928876 0.01171875 0.01849217638691323
0 0.74951171875 0.4544807965860597 0.005859375 0.04551920341394026
0 0.23987140486725667 0.48363524213547504 0.004321073008849541 0.05161192864965572
