0 0.14320625610948193 0.45761589403973507 0.007820136852394917 0.03708609271523179
0 0.1989247311827957 0.3304635761589404 0.015640273704789834 0.20927152317880796
0 0.26392961876832843 0.34172185430463575 0.010752688172043012 0.3695364238410596
0 0.3357771260997067 0.3847682119205298 0.011730205278592375 0.34966887417218545
0 0.5083088954056696 0.5337748344370861 0.006842619745845552 0.07549668874172186
0 0.5053763440860215 0.4410596026490066 0.006842619745845552 0.054304635761589407
0 0.4750733137829912 0.4509933774834437 0.006842619745845552 0.03708609271523179
0 0.4227761485826002 0.43973509933774835 0.005865102639296188 0.06225165562913907
0 0.3978494623655914 0.419205298013245 0.008797653958944282 0.10596026490066225
0 0.5234604105571847 0.2933774834437086 0.009775171065493646 0.36821192052980134
0 0.5850439882697948 0.519205298013245 0.005865102639296188 0.038410596026490065
0 0.7096774193548387 0.5344370860927152 0.006842619745845552 0.06622516556291391
0 0.7311827956989247 0.5258278145695364 0.004887585532746823 0.051655629139072845
0 0.761485826001955 0.42649006622516555 0.006842619745845552 0.038410596026490065
0 0.8294232649071359 0.4556291390728477 0.005865102639296188 0.03576158940397351
0 0.8597262952101662 0.41324503311258276 0.007820136852394917 0.051655629139072845
0 0.8826979472140762 0.4589403973509934 0.006842619745845552 0.03708609271523179
