0 0.1572265625 0.5028449502133713 0.0068359375 0.02844950213371266
0 0.10595703125 0.5177809388335705 0.005859375 0.02418207681365576
0 0.23486328125 0.4445234708392603 0.005859375 0.051209103840682786
0 0.255859375 0.4957325746799431 0.0068359375 0.04551920341394026
0 0.296875 0.4089615931721195 0.0048828125 0.051209103840682786
0 0.3525390625 0.5220483641536273 0.0068359375 0.03556187766714083
0 0.4853515625 0.5227596017069701 0.0068359375 0.07396870554765292
0 0.5029296875 0.42460881934566147 0.0048828125 0.09103840682788052
0 0.63330078125 0.4800853485064011 0.005859375 0.04836415362731152
0 0.6826171875 0.5021337126600285 0.0068359375 0.032716927453769556
0 0.68994140625 0.4317211948790896 0.0078125 0.051209103840682786
0 0.88134765625 0.47652916073968704 0.005859375 0.06970128022759602
