0 0.14501953125 0.43741109530583216 0.005859375 0.03698435277382646
0 0.11083984375 0.5163584637268848 0.005859375 0.032716927453769556
0 0.28125 0.43385490753911804 0.0048828125 0.032716927453769556
0 0.30908203125 0.5078236130867709 0.005859375 0.044096728307254626
0 0.365234375 0.5355618776671408 0.0107421875 0.1678520625889047
0 0.5009765625 0.4516358463726885 0.0087890625 0.11948790896159317
0 0.4287109375 0.4779516358463727 0.0068359375 0.044096728307254626
0 0.4853515625 0.45874822190611664 0.0048828125 0.031294452347083924
0 0.548828125 0.40042674253200566 0.0107421875 0.11095305832147938
0 0.53369140625 0.527027027027027 0.005859375 0.09103840682788052
0 0.29541015625 0.5128022759601707 0.00390625 0.06258890469416785
0 0.7158203125 0.5234708392603129 0.0068359375 0.12375533428165007
0 0.759765625 0.4480796586059744 0.0068359375 0.05263157894736842
0 0.74755859375 0.5071123755334281 0.005859375 0.04267425320056899
0 0.884765625 0.43741109530583216 0.0244140625 0.11948790896159317
