0 0.0810546875 0.46688741721854304 0.0087890625 0.02119205298013245
0 0.18701171875 0.3841059602649007 0.0078125 0.10728476821192053
0 0.20703125 0.5543046357615894 0.0068359375 0.02384105960264901
0 0.2080078125 0.44503311258278144 0.0107421875 0.13642384105960265
0 0.4375 0.4774834437086093 0.0068359375 0.07417218543046358
0 0.54833984375 0.49337748344370863 0.0078125 0.10596026490066225
0 0.48876953125 0.4602649006622517 0.005859375 0.02119205298013245
0 0.65380859375 0.5536423841059602 0.005859375 0.04370860927152318
0 0.8720703125 0.4410596026490066 0.0048828125 0.025165562913907286
0 0.1611328125 0.5258278145695364 0.0263671875 0.04105960264900662
