0 0.298828125 0.5120910384068279 0.0068359375 0.06401137980085349
0 0.48583984375 0.46301564722617355 0.005859375 0.02275960170697013
0 0.50048828125 0.4779516358463727 0.005859375 0.05263157894736842
0 0.59130859375 0.4345661450924609 0.005859375 0.02275960170697013
0 0.76513671875 0.5078236130867709 0.005859375 0.049786628733997154
0 0.76806640625 0.3968705547652916 0.009765625 0.1465149359886202
0 0.794921875 0.49359886201991465 0.0107421875 0.06401137980085349
0 0.826171875 0.4615931721194879 0.0068359375 0.04267425320056899
0 0.8359375 0.5199146514935988 0.0068359375 0.03698435277382646
0 0.86767578125 0.43243243243243246 0.005859375 0.015647226173541962
0 0.8818359375 0.42318634423897583 0.0048828125 0.03982930298719772
