0 0.16357421875 0.441678520625889 0.005859375 0.04267425320056899
0 0.1845703125 0.45590327169274536 0.0048828125 0.025604551920341393
0 0.27392578125 0.4544807965860597 0.005859375 0.017069701280227598
0 0.29931640625 0.5220483641536273 0.005859375 0.05832147937411095
0 0.48486328125 0.5199146514935988 0.005859375 0.05405405405405406
0 0.48486328125 0.4672830725462304 0.005859375 0.025604551920341393
0 0.65771484375 0.45874822190611664 0.00390625 0.011379800853485065
0 0.83447265625 0.49644381223328593 0.005859375 0.09246088193456614
0 0.80224609375 0.46301564722617355 0.005859375 0.01991465149359886
0 0.76416015625 0.5064011379800853 0.00390625 0.029871977240398292
0 0.54345703125 0.5163584637268848 0.005859375 0.015647226173541962
0 0.57861328125 0.4061166429587482 0.0078125 0.06827880512091039
