0 0.11669921875 0.34281650071123754 0.009765625 0.2716927453769559
0 0.1708984375 0.4274537695590327 0.0087890625 0.09388335704125178
0 0.22900390625 0.5099573257467994 0.005859375 0.04836415362731152
0 0.353515625 0.5405405405405406 0.0087890625 0.11522048364153627
0 0.35498046875 0.457325746799431 0.005859375 0.03698435277382646
0 0.28955078125 0.5035561877667141 0.005859375 0.02418207681365576
0 0.39794921875 0.5120910384068279 0.005859375 0.044096728307254626
0 0.6669921875 0.5248933143669986 0.0126953125 0.05547652916073969
0 0.67919921875 0.5846372688477952 0.0234375 0.01849217638691323
0 0.6689453125 0.42105263157894735 0.0048828125 0.08108108108108109
0 0.689453125 0.5412517780938834 0.0048828125 0.05689900426742532
0 0.83740234375 0.4992887624466572 0.0078125 0.032716927453769556
0 0.8525390625 0.5014224751066856 0.0068359375 0.03698435277382646
0 0.49853515625 0.45590327169274536 0.005859375 0.025604551920341393
0 0.48012306415929207 0.5428001359533731 0.006049502212389368 0.11958861516383643
