0 0.16015625 0.4957325746799431 0.0048828125 0.02844950213371266
0 0.185546875 0.47652916073968704 0.0087890625 0.07539118065433854
0 0.28955078125 0.4366998577524893 0.005859375 0.02702702702702703
0 0.28955078125 0.4950213371266003 0.005859375 0.01849217638691323
0 0.36474609375 0.5369843527738265 0.0078125 0.11379800853485064
0 0.39501953125 0.5 0.005859375 0.01991465149359886
0 0.44775390625 0.4516358463726885 0.00390625 0.017069701280227598
0 0.69189453125 0.4438122332859175 0.005859375 0.02418207681365576
0 0.78466796875 0.39260312944523473 0.013671875 0.05832147937411095
0 0.55419921875 0.42816500711237554 0.009765625 0.24893314366998578
