0 0.08154296875 0.4388335704125178 0.005859375 0.07112375533428165
0 0.18505859375 0.4871977240398293 0.005859375 0.09103840682788052
0 0.3740234375 0.527027027027027 0.0048828125 0.05405405405405406
0 0.51953125 0.4793741109530583 0.0087890625 0.07823613086770982
0 0.55078125 0.5476529160739687 0.0068359375 0.13513513513513514
0 0.58056640625 0.48079658605974396 0.005859375 0.044096728307254626
0 0.63330078125 0.43741109530583216 0.005859375 0.06827880512091039
0 0.6845703125 0.4907539118065434 0.0068359375 0.20625889046941678
0 0.87744140625 0.46586059743954483 0.005859375 0.051209103840682786
0 0.6533980918141593 0.47922934578733367 0.005185287610619427 0.052870756177696064
0 0.5380859375 0.5014224751066856 0.0068359375 0.031294452347083924
