0 0.06689453125 0.5278145695364238 0.005859375 0.08211920529801324
0 0.11572265625 0.42980132450331127 0.009765625 0.045033112582781455
0 0.14453125 0.5536423841059602 0.0068359375 0.08874172185430464
0 0.1767578125 0.4185430463576159 0.0068359375 0.033112582781456956
0 0.189453125 0.43178807947019865 0.0068359375 0.04105960264900662
0 0.19189453125 0.5079470198675496 0.0078125 0.045033112582781455
0 0.20556640625 0.5205298013245033 0.0078125 0.08609271523178808
0 0.2314453125 0.5225165562913907 0.0068359375 0.060927152317880796
0 0.23583984375 0.43973509933774835 0.005859375 0.033112582781456956
0 0.46875 0.5450331125827814 0.0068359375 0.07152317880794702
0 0.55078125 0.4649006622516556 0.0048828125 0.046357615894039736
0 0.5791015625 0.4814569536423841 0.0068359375 0.04768211920529802
0 0.6708984375 0.49801324503311256 0.0068359375 0.02781456953642384
0 0.87939453125 0.4417218543046358 0.005859375 0.018543046357615896
0 0.32861328125 0.5112582781456954 0.046875 0.08344370860927153
