0 0.28271484375 0.3911806543385491 0.005859375 0.05263157894736842
0 0.3642578125 0.5298719772403983 0.0068359375 0.07965860597439545
0 0.3916015625 0.5341394025604552 0.0048828125 0.03982930298719772
0 0.6083984375 0.49644381223328593 0.0048828125 0.01849217638691323
0 0.63232421875 0.5398293029871978 0.005859375 0.031294452347083924
0 0.81640625 0.3869132290184922 0.0068359375 0.07823613086770982
0 0.84033203125 0.41109530583214793 0.005859375 0.03840682788051209
0 0.69384765625 0.5568990042674253 0.005859375 0.04267425320056899
0 0.4503076603982301 0.4647528292148693 0.01382743362831862 0.14728282078072477
0 0.8495748064159292 0.523288309268747 0.005185287610619427 0.0780473067385038
