0 0.08349609375 0.49288762446657186 0.009765625 0.07965860597439545
0 0.091796875 0.4274537695590327 0.0107421875 0.2332859174964438
0 0.22412109375 0.4822190611664296 0.0078125 0.08392603129445235
0 0.33837890625 0.45376955903271693 0.005859375 0.041251778093883355
0 0.50634765625 0.45590327169274536 0.005859375 0.09103840682788052
0 0.5048828125 0.5085348506401138 0.0087890625 0.1678520625889047
0 0.54345703125 0.5227596017069701 0.005859375 0.031294452347083924
0 0.716796875 0.5391180654338549 0.0068359375 0.06685633001422475
0 0.759765625 0.4423897581792319 0.0048828125 0.03840682788051209
0 0.77099609375 0.5120910384068279 0.005859375 0.05832147937411095
0 0.76806640625 0.44523470839260315 0.005859375 0.029871977240398292
0 0.78466796875 0.5007112375533428 0.005859375 0.044096728307254626
0 0.81201171875 0.4829302987197724 0.0078125 0.06543385490753911
0 0.84765625 0.4971550497866287 0.0068359375 0.09388335704125178
