0 0.06640625 0.414651493598862 0.0068359375 0.017069701280227598
0 0.26220703125 0.457325746799431 0.005859375 0.02275960170697013
0 0.20263671875 0.45874822190611664 0.0078125 0.011379800853485065
0 0.2783203125 0.4914651493598862 0.0048828125 0.01991465149359886
0 0.29296875 0.47368421052631576 0.0048828125 0.00995732574679943
0 0.10546875 0.4566145092460882 0.0048828125 0.02418207681365576
0 0.525390625 0.531294452347084 0.0068359375 0.08534850640113797
0 0.5986328125 0.5035561877667141 0.0068359375 0.01849217638691323
0 0.60498046875 0.39544807965860596 0.005859375 0.03840682788051209
0 0.70751953125 0.4864864864864865 0.005859375 0.012802275960170697
0 0.7431640625 0.5170697012802276 0.0048828125 0.034139402560455195
0 0.8544921875 0.49431009957325744 0.0068359375 0.02275960170697013
0 0.87890625 0.4473684210526316 0.0068359375 0.01422475106685633
0 0.880859375 0.457325746799431 0.0087890625 0.034139402560455195
0 0.743708517699115 0.5 0.007777931415929196 0.07427082415438259
0 0.44970703125 0.3940256045519203 0.021484375 0.041251778093883355
