0 0.18505859375 0.4829302987197724 0.00390625 0.06543385490753911
0 0.29345703125 0.4907539118065434 0.005859375 0.08108108108108109
0 0.376953125 0.5078236130867709 0.0068359375 0.05547652916073969
0 0.4599609375 0.5640113798008535 0.0068359375 0.09672830725462304
0 0.47607421875 0.5561877667140825 0.005859375 0.04694167852062589
0 0.5478515625 0.4167852062588905 0.0068359375 0.044096728307254626
0 0.60888671875 0.47155049786628733 0.005859375 0.05405405405405406
0 0.64111328125 0.4793741109530583 0.005859375 0.07254623044096728
0 0.7490234375 0.4544807965860597 0.0048828125 0.06258890469416785
0 0.88671875 0.46372688477951635 0.0107421875 0.03840682788051209
