0 0.14306640625 0.3613086770981508 0.0078125 0.22048364153627312
0 0.19970703125 0.3534850640113798 0.015625 0.1678520625889047
0 0.2626953125 0.5355618776671408 0.0068359375 0.10810810810810811
0 0.2724609375 0.4544807965860597 0.0068359375 0.031294452347083924
0 0.26416015625 0.3933143669985775 0.01171875 0.16500711237553342
0 0.28955078125 0.4395448079658606 0.005859375 0.03556187766714083
0 0.33544921875 0.5007112375533428 0.013671875 0.35988620199146515
0 0.45703125 0.4260312944523471 0.0087890625 0.07112375533428165
0 0.5224609375 0.4189189189189189 0.0068359375 0.1166429587482219
0 0.517578125 0.5561877667140825 0.0048828125 0.06116642958748222
0 0.556640625 0.4516358463726885 0.0087890625 0.04551920341394026
0 0.5390625 0.465149359886202 0.0068359375 0.021337126600284494
0 0.548828125 0.5113798008534851 0.0205078125 0.01991465149359886
0 0.58544921875 0.5014224751066856 0.005859375 0.03982930298719772
0 0.70751953125 0.43741109530583216 0.0078125 0.059743954480796585
0 0.8291015625 0.4238975817923186 0.0048828125 0.049786628733997154
0 0.859375 0.40753911806543386 0.0068359375 0.031294452347083924
0 0.8828125 0.49786628733997157 0.0068359375 0.03556187766714083
