0 0.177734375 0.46158940397350995 0.0068359375 0.03443708609271523
0 0.22802734375 0.42185430463576157 0.0078125 0.06887417218543046
0 0.3515625 0.4543046357615894 0.0068359375 0.046357615894039736
0 0.2578125 0.44304635761589406 0.0068359375 0.06622516556291391
0 0.34326171875 0.44900662251655626 0.005859375 0.033112582781456956
0 0.37841796875 0.5801324503311258 0.005859375 0.0728476821192053
0 0.435546875 0.46357615894039733 0.0087890625 0.03576158940397351
0 0.4638671875 0.46357615894039733 0.0068359375 0.030463576158940398
0 0.59912109375 0.4589403973509934 0.005859375 0.039735099337748346
0 0.64990234375 0.44503311258278144 0.005859375 0.06490066225165562
0 0.6669921875 0.4556291390728477 0.0068359375 0.04105960264900662
0 0.7041015625 0.5410596026490067 0.0068359375 0.05562913907284768
0 0.66845703125 0.5403973509933775 0.037109375 0.10993377483443709
