0 0.3411534701857282 0.4774834437086093 0.006842619745845552 0.10066225165562914
0 0.43841642228739003 0.46688741721854304 0.007820136852394917 0.13245033112582782
0 0.5518084066471163 0.49801324503311256 0.005865102639296188 0.030463576158940398
0 0.6011730205278593 0.5132450331125827 0.006842619745845552 0.039735099337748346
0 0.6417399804496579 0.4509933774834437 0.005865102639296188 0.0423841059602649
0 0.7590420332355816 0.4509933774834437 0.005865102639296188 0.03708609271523179
0 0.7873900293255132 0.43509933774834436 0.0039100684261974585 0.045033112582781455
0 0.36070381231671556 0.42251655629139073 0.004887585532746823 0.046357615894039736
0 0.12316715542521994 0.4463576158940397 0.010752688172043012 0.059602649006622516
0 0.8528371270306754 0.49432355723746446 0.008378718056137395 0.08577735730053611
