0 0.19384765625 0.35960264900662253 0.0078125 0.20132450331125828
0 0.1103515625 0.5185430463576159 0.0068359375 0.07152317880794702
0 0.48291015625 0.5112582781456954 0.005859375 0.059602649006622516
0 0.6494140625 0.43642384105960264 0.0068359375 0.07152317880794702
0 0.52392578125 0.4390728476821192 0.005859375 0.05562913907284768
0 0.83837890625 0.40264900662251657 0.0078125 0.14437086092715232
0 0.90087890625 0.45364238410596025 0.005859375 0.03443708609271523
0 0.7939453125 0.41788079470198675 0.0068359375 0.09536423841059603
0 0.74267578125 0.5304635761589404 0.005859375 0.039735099337748346
0 0.6162109375 0.42450331125827817 0.0048828125 0.0423841059602649
0 0.09588913690476192 0.48170923998738563 0.009300595238095233 0.11100599180069377
0 0.232421875 0.5039735099337749 0.0810546875 0.045033112582781455
0 0.22119140625 0.40463576158940395 0.048828125 0.06622516556291391
0 0.6689453125 0.3973509933774834 0.0205078125 0.07019867549668875
