0 0.0693359375 0.5277382645803699 0.0048828125 0.05263157894736842
0 0.1416015625 0.5113798008534851 0.0068359375 0.06258890469416785
0 0.134765625 0.4473684210526316 0.0068359375 0.05405405405405406
0 0.201171875 0.5199146514935988 0.0048828125 0.059743954480796585
0 0.26171875 0.5199146514935988 0.0068359375 0.07681365576102418
0 0.26611328125 0.42318634423897583 0.005859375 0.06827880512091039
0 0.3349609375 0.6258890469416786 0.0107421875 0.465149359886202
0 0.50537109375 0.42532005689900426 0.005859375 0.10099573257467995
0 0.52197265625 0.4871977240398293 0.005859375 0.1166429587482219
0 0.5546875 0.44096728307254623 0.0068359375 0.06970128022759602
0 0.64111328125 0.4366998577524893 0.005859375 0.05547652916073969
0 0.6591796875 0.46586059743954483 0.0087890625 0.051209103840682786
0 0.5478515625 0.5128022759601707 0.0205078125 0.02275960170697013
0 0.87939453125 0.5035561877667141 0.005859375 0.041251778093883355
0 0.8876953125 0.4665718349928876 0.0068359375 0.02418207681365576
0 0.75537109375 0.5135135135135135 0.0078125 0.049786628733997154
0 0.6533203125 0.5497866287339972 0.0068359375 0.04836415362731152
