0 0.1630859375 0.4516358463726885 0.0068359375 0.15647226173541964
0 0.3447265625 0.49359886201991465 0.0068359375 0.09815078236130868
0 0.37060546875 0.45092460881934565 0.0078125 0.10384068278805121
0 0.5146484375 0.43385490753911804 0.0068359375 0.06970128022759602
0 0.74609375 0.45519203413940257 0.0068359375 0.04694167852062589
0 0.8544921875 0.5284495021337127 0.0068359375 0.09388335704125178
0 0.9033203125 0.46088193456614507 0.0068359375 0.044096728307254626
0 0.2685546875 0.4743954480796586 0.0048828125 0.05405405405405406
0 0.13818359375 0.49644381223328593 0.005859375 0.032716927453769556
0 0.4462890625 0.5227596017069701 0.0048828125 0.06543385490753911
0 0.529296875 0.534850640113798 0.0048828125 0.06401137980085349
0 0.71484375 0.5241820768136558 0.0068359375 0.08250355618776671
0 0.7822265625 0.4516358463726885 0.0048828125 0.04551920341394026
0 0.693359375 0.4779516358463727 0.0048828125 0.04694167852062589
0 0.71630859375 0.4274537695590327 0.009765625 0.07965860597439545
0 0.81884765625 0.49288762446657186 0.005859375 0.02275960170697013
0 0.28271484375 0.46372688477951635 0.00390625 0.01849217638691323
