0 0.091796875 0.47483443708609274 0.0068359375 0.031788079470198675
0 0.08349609375 0.4271523178807947 0.005859375 0.015894039735099338
0 0.2080078125 0.38145695364238413 0.0126953125 0.11258278145695365
0 0.34716796875 0.40463576158940395 0.0078125 0.08741721854304636
0 0.34130859375 0.4695364238410596 0.005859375 0.018543046357615896
0 0.3662109375 0.4562913907284768 0.0068359375 0.1271523178807947
0 0.60400390625 0.4105960264900662 0.00390625 0.04105960264900662
0 0.71435546875 0.48013245033112584 0.005859375 0.045033112582781455
0 0.751953125 0.4821192052980132 0.0087890625 0.11788079470198676
0 0.88232421875 0.39536423841059604 0.005859375 0.08211920529801324
0 0.89453125 0.42317880794701984 0.0068359375 0.026490066225165563
