0 0.0654296875 0.48933143669985774 0.0068359375 0.03556187766714083
0 0.15576171875 0.4694167852062589 0.005859375 0.021337126600284494
0 0.220703125 0.45874822190611664 0.0048828125 0.01991465149359886
0 0.3154296875 0.4480796586059744 0.0068359375 0.029871977240398292
0 0.25 0.4594594594594595 0.0068359375 0.01849217638691323
0 0.3994140625 0.43243243243243246 0.0048828125 0.01849217638691323
0 0.43603515625 0.41607396870554764 0.0078125 0.04267425320056899
0 0.50732421875 0.5284495021337127 0.0078125 0.08534850640113797
0 0.52392578125 0.5007112375533428 0.005859375 0.032716927453769556
0 0.6669921875 0.5021337126600285 0.0068359375 0.09246088193456614
0 0.6103515625 0.41963015647226176 0.0048828125 0.04694167852062589
0 0.69189453125 0.4310099573257468 0.0078125 0.03840682788051209
0 0.7236328125 0.4914651493598862 0.0107421875 0.08534850640113797
0 0.75048828125 0.44310099573257467 0.005859375 0.14793741109530584
