0 0.08211143695014662 0.4470198675496689 0.010752688172043012 0.26225165562913905
0 0.22434017595307917 0.5139072847682119 0.005865102639296188 0.05695364238410596
0 0.35581622678396874 0.45298013245033114 0.006842619745845552 0.04105960264900662
0 0.4687194525904203 0.4509933774834437 0.007820136852394917 0.26225165562913905
0 0.44281524926686217 0.42649006622516555 0.006842619745845552 0.10198675496688742
0 0.6930596285434996 0.39470198675496687 0.006842619745845552 0.10728476821192053
0 0.7101661779081134 0.4556291390728477 0.005865102639296188 0.04370860927152318
0 0.5997067448680352 0.433112582781457 0.007820136852394917 0.07019867549668875
0 0.7101661779081134 0.5125827814569537 0.007820136852394917 0.05695364238410596
0 0.5497283411762032 0.4819035884799014 0.0028416194957830575 0.03696288310488221
0 0.37553706608470294 0.49191436932080695 0.0034099433949396464 0.04620360388110276
0 0.6226783968719453 0.5059602649006623 0.042033235581622676 0.046357615894039736
