0 0.1806640625 0.4615931721194879 0.0068359375 0.02844950213371266
0 0.23095703125 0.3990042674253201 0.005859375 0.07396870554765292
0 0.34423828125 0.4352773826458037 0.005859375 0.07539118065433854
0 0.353515625 0.46088193456614507 0.0068359375 0.029871977240398292
0 0.37451171875 0.42816500711237554 0.005859375 0.04694167852062589
0 0.4208984375 0.4402560455192034 0.0048828125 0.059743954480796585
0 0.4365234375 0.45092460881934565 0.0068359375 0.049786628733997154
0 0.46484375 0.4487908961593172 0.0068359375 0.03698435277382646
0 0.60009765625 0.45305832147937414 0.0078125 0.051209103840682786
0 0.650390625 0.4480796586059744 0.0048828125 0.05263157894736842
0 0.7119140625 0.42460881934566147 0.0048828125 0.034139402560455195
0 0.70458984375 0.5163584637268848 0.005859375 0.03840682788051209
0 0.6748046875 0.5455192034139402 0.0302734375 0.09388335704125178
0 0.6748046875 0.4523470839260313 0.0185546875 0.02418207681365576
