0 0.09912109375 0.4907539118065434 0.0078125 0.1465149359886202
0 0.1708984375 0.4566145092460882 0.0048828125 0.032716927453769556
0 0.17822265625 0.3933143669985775 0.005859375 0.03698435277382646
0 0.2041015625 0.4879089615931721 0.0068359375 0.015647226173541962
0 0.3056640625 0.4352773826458037 0.0048828125 0.02418207681365576
0 0.07275390625 0.4217638691322902 0.0078125 0.017069701280227598
0 0.35498046875 0.4957325746799431 0.005859375 0.1678520625889047
0 0.49755859375 0.4786628733997155 0.005859375 0.12802275960170698
0 0.48388671875 0.44096728307254623 0.005859375 0.00995732574679943
0 0.53857421875 0.48079658605974396 0.005859375 0.021337126600284494
0 0.6083984375 0.5064011379800853 0.0068359375 0.03556187766714083
0 0.60546875 0.40042674253200566 0.0068359375 0.034139402560455195
0 0.77490234375 0.5277382645803699 0.005859375 0.08677098150782361
0 0.796875 0.5199146514935988 0.0068359375 0.11379800853485064
0 0.81201171875 0.5234708392603129 0.00390625 0.029871977240398292
0 0.83251953125 0.39971550497866287 0.0078125 0.05547652916073969
0 0.89892578125 0.43314366998577525 0.005859375 0.01422475106685633
