0 0.3603515625 0.5014224751066856 0.0087890625 0.11948790896159317
0 0.3876953125 0.4914651493598862 0.0068359375 0.14793741109530584
0 0.54248046875 0.4793741109530583 0.01171875 0.14366998577524892
0 0.6201171875 0.484352773826458 0.0048828125 0.04551920341394026
0 0.78173828125 0.5064011379800853 0.005859375 0.049786628733997154
0 0.89501953125 0.43385490753911804 0.0078125 0.07539118065433854
0 0.8935546875 0.5206258890469416 0.0087890625 0.07823613086770982
0 0.349609375 0.4238975817923186 0.0048828125 0.049786628733997154
0 0.37255859375 0.48364153627311524 0.0078125 0.06401137980085349
0 0.5244140625 0.4423897581792319 0.0068359375 0.02702702702702703
0 0.43310546875 0.48862019914651494 0.005859375 0.03982930298719772
0 0.7158203125 0.4310099573257468 0.0048828125 0.08961593172119488
0 0.85009765625 0.5448079658605974 0.005859375 0.03840682788051209
0 0.82861328125 0.48079658605974396 0.005859375 0.03840682788051209
0 0.8134765625 0.534850640113798 0.0107421875 0.03840682788051209
