0 0.076171875 0.4423897581792319 0.0068359375 0.06685633001422475
0 0.09765625 0.5206258890469416 0.0068359375 0.07823613086770982
0 0.103515625 0.44310099573257467 0.0068359375 0.06543385490753911
0 0.1220703125 0.45376955903271693 0.0068359375 0.044096728307254626
0 0.1455078125 0.5248933143669986 0.0087890625 0.09246088193456614
0 0.49462890625 0.47083926031294454 0.009765625 0.14935988620199148
0 0.767578125 0.4359886201991465 0.0068359375 0.06827880512091039
0 0.400390625 0.4623044096728307 0.0048828125 0.02418207681365576
0 0.3759765625 0.5 0.0048828125 0.034139402560455195
0 0.2878353152654868 0.4490174851143645 0.003456858407079655 0.04783544606553452
0 0.30908203125 0.5170697012802276 0.005859375 0.03982930298719772
0 0.3330078125 0.5497866287339972 0.0244140625 0.05689900426742532
