0 0.36376953125 0.44523470839260315 0.009765625 0.05547652916073969
0 0.3876953125 0.4310099573257468 0.0068359375 0.05263157894736842
0 0.4609375 0.4473684210526316 0.0087890625 0.04836415362731152
0 0.42333984375 0.4914651493598862 0.00390625 0.017069701280227598
0 0.4765625 0.43741109530583216 0.0048828125 0.07965860597439545
0 0.50927734375 0.5042674253200569 0.005859375 0.03698435277382646
0 0.89599609375 0.4516358463726885 0.0078125 0.10241820768136557
0 0.5439453125 0.4992887624466572 0.0048828125 0.032716927453769556
0 0.58203125 0.4971550497866287 0.0048828125 0.031294452347083924
0 0.6787109375 0.4445234708392603 0.0087890625 0.267425320056899
0 0.6474609375 0.4366998577524893 0.0068359375 0.02702702702702703
