0 0.36412512218963833 0.43443708609271525 0.007820136852394917 0.0781456953642384
0 0.3870967741935484 0.43509933774834436 0.006842619745845552 0.07947019867549669
0 0.458455522971652 0.476158940397351 0.006842619745845552 0.06887417218543046
0 0.47653958944281527 0.4682119205298013 0.007820136852394917 0.11655629139072848
0 0.5488758553274682 0.4390728476821192 0.005865102639296188 0.07682119205298013
0 0.5630498533724341 0.45827814569536424 0.006842619745845552 0.030463576158940398
0 0.5821114369501467 0.5125827814569537 0.007820136852394917 0.059602649006622516
0 0.6285434995112414 0.5311258278145695 0.006842619745845552 0.09403973509933775
0 0.8020527859237536 0.44834437086092715 0.007820136852394917 0.0423841059602649
0 0.8387096774193549 0.4900662251655629 0.006842619745845552 0.01456953642384106
0 0.8958944281524927 0.46622516556291393 0.005865102639296188 0.019867549668874173
0 0.6852394916911045 0.4503311258278146 0.093841642228739 0.1562913907284768
