0 0.11083984375 0.49786628733997157 0.005859375 0.14082503556187767
0 0.15185546875 0.4089615931721195 0.005859375 0.11948790896159317
0 0.1337890625 0.531294452347084 0.0068359375 0.09103840682788052
0 0.21435546875 0.46799431009957326 0.005859375 0.05832147937411095
0 0.5498046875 0.5405405405405406 0.0068359375 0.08108108108108109
0 0.59033203125 0.4359886201991465 0.005859375 0.14793741109530584
0 0.771484375 0.492176386913229 0.0048828125 0.08108108108108109
0 0.7998046875 0.5241820768136558 0.0048828125 0.08250355618776671
0 0.86572265625 0.49786628733997157 0.005859375 0.03556187766714083
0 0.87646484375 0.48364153627311524 0.005859375 0.03556187766714083
0 0.62744140625 0.4623044096728307 0.0224609375 0.06543385490753911
0 0.69921875 0.48150782361308675 0.00390625 0.05547652916073969
0 0.6455078125 0.46088193456614507 0.00390625 0.01991465149359886
