0 0.080078125 0.5732574679943101 0.0087890625 0.14935988620199148
0 0.095703125 0.3911806543385491 0.0068359375 0.10668563300142248
0 0.10498046875 0.441678520625889 0.005859375 0.06258890469416785
0 0.14599609375 0.3918918918918919 0.0078125 0.19914651493598862
0 0.23095703125 0.4139402560455192 0.005859375 0.08961593172119488
0 0.26513671875 0.49786628733997157 0.005859375 0.19487908961593173
0 0.3056640625 0.3207681365576102 0.0107421875 0.406827880512091
0 0.3330078125 0.5085348506401138 0.0087890625 0.3584637268847795
0 0.373046875 0.3186344238975818 0.0087890625 0.45092460881934565
0 0.435546875 0.47155049786628733 0.0068359375 0.06543385490753911
0 0.4853515625 0.4822190611664296 0.0126953125 0.14935988620199148
0 0.5107421875 0.4317211948790896 0.0087890625 0.27880512091038406
0 0.548828125 0.4722617354196302 0.0068359375 0.05263157894736842
0 0.56787109375 0.5903271692745377 0.0078125 0.19203413940256045
0 0.5947265625 0.43029871977240397 0.0068359375 0.07965860597439545
0 0.6552734375 0.492176386913229 0.0048828125 0.05263157894736842
0 0.71435546875 0.4473684210526316 0.005859375 0.05405405405405406
0 0.81201171875 0.5035561877667141 0.0078125 0.12944523470839261
0 0.828125 0.4445234708392603 0.0068359375 0.04551920341394026
0 0.88037109375 0.46372688477951635 0.052734375 0.14082503556187767
