0 0.09619140625 0.4966887417218543 0.005859375 0.02781456953642384
0 0.1884765625 0.4867549668874172 0.0068359375 0.05827814569536424
0 0.35009765625 0.42119205298013246 0.01171875 0.22649006622516557
0 0.44384765625 0.4185430463576159 0.005859375 0.04105960264900662
0 0.4736328125 0.4675496688741722 0.0068359375 0.06490066225165562
0 0.58203125 0.40794701986754967 0.0068359375 0.09403973509933775
0 0.66748046875 0.41589403973509936 0.005859375 0.09403973509933775
0 0.70263671875 0.4543046357615894 0.005859375 0.030463576158940398
0 0.67919921875 0.5483443708609271 0.0234375 0.09933774834437085
0 0.68212890625 0.4596026490066225 0.01953125 0.03576158940397351
