0 0.16162109375 0.45376955903271693 0.005859375 0.0953058321479374
0 0.31396484375 0.47155049786628733 0.005859375 0.11948790896159317
0 0.34521484375 0.5135135135135135 0.005859375 0.05832147937411095
0 0.44921875 0.47652916073968704 0.0068359375 0.029871977240398292
0 0.70556640625 0.5106685633001422 0.0078125 0.041251778093883355
0 0.7470703125 0.5014224751066856 0.0048828125 0.07396870554765292
0 0.83642578125 0.492176386913229 0.005859375 0.06401137980085349
0 0.88916015625 0.5142247510668563 0.01171875 0.04267425320056899
0 0.1376953125 0.45874822190611664 0.0048828125 0.02844950213371266
0 0.5703125 0.4694167852062589 0.0048828125 0.021337126600284494
0 0.720703125 0.4182076813655761 0.0166015625 0.05263157894736842
0 0.7861328125 0.4800853485064011 0.0849609375 0.051209103840682786
0 0.818359375 0.47368421052631576 0.0048828125 0.01849217638691323
