0 0.25537109375 0.4779516358463727 0.0078125 0.0953058321479374
0 0.345703125 0.5163584637268848 0.0048828125 0.032716927453769556
0 0.37939453125 0.46372688477951635 0.005859375 0.021337126600284494
0 0.31982421875 0.4829302987197724 0.005859375 0.09103840682788052
0 0.1728515625 0.406827880512091 0.0068359375 0.06401137980085349
0 0.5126953125 0.45092460881934565 0.0048828125 0.03556187766714083
0 0.45263671875 0.45376955903271693 0.005859375 0.012802275960170697
0 0.6689453125 0.5277382645803699 0.0048828125 0.08677098150782361
0 0.6904296875 0.43812233285917496 0.0068359375 0.049786628733997154
0 0.72021484375 0.44594594594594594 0.005859375 0.1593172119487909
