0 0.34814453125 0.49431009957325744 0.005859375 0.034139402560455195
0 0.36279296875 0.4516358463726885 0.009765625 0.14793741109530584
0 0.45556640625 0.42532005689900426 0.005859375 0.07254623044096728
0 0.47705078125 0.4793741109530583 0.005859375 0.05547652916073969
0 0.509765625 0.5007112375533428 0.0087890625 0.03556187766714083
0 0.56201171875 0.422475106685633 0.005859375 0.09246088193456614
0 0.837890625 0.4772403982930299 0.0048828125 0.04551920341394026
0 0.8955078125 0.41109530583214793 0.0068359375 0.10384068278805121
0 0.82958984375 0.45305832147937414 0.005859375 0.051209103840682786
0 0.5791015625 0.414651493598862 0.0068359375 0.5177809388335705
0 0.72265625 0.45376955903271693 0.1923828125 0.15220483641536273
0 0.63916015625 0.585348506401138 0.005859375 0.06258890469416785
0 0.619140625 0.45519203413940257 0.0068359375 0.029871977240398292
