0 0.08349609375 0.5085348506401138 0.005859375 0.051209103840682786
0 0.09814453125 0.40256045519203415 0.0078125 0.08392603129445235
0 0.34423828125 0.4623044096728307 0.005859375 0.029871977240398292
0 0.365234375 0.45590327169274536 0.0048828125 0.07112375533428165
0 0.51513671875 0.48079658605974396 0.005859375 0.08108108108108109
0 0.583984375 0.5448079658605974 0.0048828125 0.12375533428165007
0 0.59423828125 0.4352773826458037 0.005859375 0.05547652916073969
0 0.681640625 0.5284495021337127 0.0048828125 0.04551920341394026
0 0.72998046875 0.484352773826458 0.005859375 0.06827880512091039
0 0.7421875 0.4822190611664296 0.0048828125 0.041251778093883355
0 0.890625 0.4317211948790896 0.0068359375 0.09388335704125178
0 0.85888671875 0.46372688477951635 0.005859375 0.05263157894736842
0 0.8642578125 0.43812233285917496 0.0595703125 0.16642958748221906
0 0.30126953125 0.4907539118065434 0.021484375 0.11522048364153627
