0 0.1298828125 0.5152317880794702 0.0087890625 0.038410596026490065
0 0.232421875 0.44966887417218543 0.0068359375 0.05033112582781457
0 0.26611328125 0.5311258278145695 0.005859375 0.04900662251655629
0 0.443359375 0.41589403973509936 0.0087890625 0.30596026490066225
0 0.53466796875 0.4377483443708609 0.005859375 0.07152317880794702
0 0.5068359375 0.5463576158940397 0.0048828125 0.02384105960264901
0 0.6435546875 0.49271523178807947 0.0068359375 0.038410596026490065
0 0.80078125 0.5066225165562914 0.0126953125 0.11390728476821192
0 0.86572265625 0.47218543046357614 0.005859375 0.11125827814569536
0 0.87744140625 0.38609271523178806 0.005859375 0.03708609271523179
