0 0.0947265625 0.5125827814569537 0.0068359375 0.059602649006622516
0 0.11083984375 0.5198675496688742 0.005859375 0.07152317880794702
0 0.19384765625 0.3615894039735099 0.0078125 0.19735099337748344
0 0.48291015625 0.5152317880794702 0.005859375 0.06754966887417219
0 0.6494140625 0.4370860927152318 0.0068359375 0.07019867549668875
0 0.52392578125 0.4410596026490066 0.005859375 0.04370860927152318
0 0.7939453125 0.4251655629139073 0.0068359375 0.06490066225165562
0 0.83837890625 0.4152317880794702 0.0078125 0.11390728476821192
0 0.8154296875 0.5298013245033113 0.0068359375 0.06225165562913907
0 0.9013671875 0.4549668874172185 0.0068359375 0.03443708609271523
0 0.22119140625 0.4059602649006622 0.05078125 0.06887417218543046
0 0.21728515625 0.5086092715231788 0.048828125 0.054304635761589407
0 0.66748046875 0.3841059602649007 0.015625 0.046357615894039736
