0 0.091796875 0.39971550497866287 0.0068359375 0.2716927453769559
0 0.1787109375 0.48150782361308675 0.0068359375 0.025604551920341393
0 0.26318359375 0.4751066856330014 0.005859375 0.13229018492176386
0 0.29736328125 0.4594594594594595 0.005859375 0.032716927453769556
0 0.361328125 0.4601706970128023 0.0048828125 0.03982930298719772
0 0.36181640625 0.5291607396870555 0.009765625 0.06970128022759602
0 0.46923828125 0.4594594594594595 0.0078125 0.23470839260312945
0 0.5068359375 0.5526315789473685 0.0068359375 0.06258890469416785
0 0.55126953125 0.4644381223328592 0.005859375 0.07965860597439545
0 0.59130859375 0.44096728307254623 0.0078125 0.2375533428165007
0 0.595703125 0.49359886201991465 0.0048828125 0.021337126600284494
0 0.66259765625 0.3883357041251778 0.005859375 0.11806543385490754
0 0.71142578125 0.5533428165007113 0.005859375 0.12660028449502134
0 0.7109375 0.4871977240398293 0.0068359375 0.1934566145092461
0 0.74462890625 0.4566145092460882 0.005859375 0.23186344238975817
