0 0.08837890625 0.5059602649006623 0.005859375 0.04370860927152318
0 0.4267578125 0.447682119205298 0.0068359375 0.030463576158940398
0 0.4501953125 0.4562913907284768 0.0087890625 0.2304635761589404
0 0.50146484375 0.5450331125827814 0.005859375 0.07947019867549669
0 0.68310546875 0.5105960264900662 0.005859375 0.052980132450331126
0 0.779296875 0.42649006622516555 0.0087890625 0.1337748344370861
0 0.8232421875 0.44966887417218543 0.0068359375 0.045033112582781455
0 0.7890625 0.452317880794702 0.0068359375 0.03443708609271523
0 0.86669921875 0.5211920529801325 0.005859375 0.07947019867549669
0 0.34814453125 0.5033112582781457 0.005859375 0.038410596026490065
0 0.7333984375 0.46688741721854304 0.0224609375 0.018543046357615896
0 0.80517578125 0.5066225165562914 0.005859375 0.026490066225165563
0 0.720703125 0.4370860927152318 0.0048828125 0.022516556291390728
