0 0.08935546875 0.484352773826458 0.009765625 0.11095305832147938
0 0.10595703125 0.4566145092460882 0.005859375 0.032716927453769556
0 0.0756706305309735 0.47671169073125297 0.006049502212389382 0.13595337302836133
0 0.2509765625 0.527027027027027 0.0068359375 0.10810810810810811
0 0.3154296875 0.5120910384068279 0.0087890625 0.11806543385490754
0 0.3740234375 0.4722617354196302 0.0107421875 0.10668563300142248
0 0.4267578125 0.422475106685633 0.0068359375 0.03556187766714083
0 0.52392578125 0.40753911806543386 0.015625 0.36415362731152207
0 0.595703125 0.4395448079658606 0.0068359375 0.06401137980085349
0 0.6083984375 0.40042674253200566 0.0048828125 0.05405405405405406
0 0.6640625 0.5469416785206259 0.0068359375 0.13086770981507823
0 0.6728515625 0.5533428165007113 0.0087890625 0.12375533428165007
0 0.69287109375 0.5078236130867709 0.005859375 0.10099573257467995
0 0.72900390625 0.5 0.01171875 0.04267425320056899
0 0.7978515625 0.47083926031294454 0.0068359375 0.05832147937411095
