0 0.06787109375 0.42460881934566147 0.0078125 0.03982930298719772
0 0.1044921875 0.48079658605974396 0.0048828125 0.07823613086770982
0 0.1767578125 0.4473684210526316 0.0068359375 0.267425320056899
0 0.201171875 0.49857752489331436 0.0087890625 0.04267425320056899
0 0.24267578125 0.4402560455192034 0.0078125 0.08250355618776671
0 0.26171875 0.5049786628733998 0.0048828125 0.01849217638691323
0 0.27783203125 0.5085348506401138 0.005859375 0.04551920341394026
0 0.30517578125 0.5021337126600285 0.0078125 0.07539118065433854
0 0.40771484375 0.5056899004267426 0.00390625 0.03698435277382646
0 0.51220703125 0.527027027027027 0.005859375 0.025604551920341393
0 0.52001953125 0.4950213371266003 0.005859375 0.044096728307254626
0 0.525390625 0.5384068278805121 0.0048828125 0.07396870554765292
0 0.5390625 0.45803698435277385 0.0068359375 0.19487908961593173
0 0.60791015625 0.5113798008534851 0.005859375 0.02844950213371266
0 0.7333984375 0.4089615931721195 0.0068359375 0.08819345661450925
0 0.7587890625 0.4345661450924609 0.0048828125 0.034139402560455195
0 0.79443359375 0.40540540540540543 0.005859375 0.03556187766714083
0 0.88037109375 0.4118065433854908 0.005859375 0.059743954480796585
