0 0.07568359375 0.4304635761589404 0.005859375 0.01456953642384106
0 0.134765625 0.4596026490066225 0.0068359375 0.033112582781456956
0 0.13916015625 0.5423841059602649 0.01171875 0.12185430463576159
0 0.150390625 0.44039735099337746 0.0068359375 0.026490066225165563
0 0.2314453125 0.47086092715231787 0.0068359375 0.07682119205298013
0 0.30224609375 0.447682119205298 0.0078125 0.1390728476821192
0 0.4287109375 0.4119205298013245 0.0224609375 0.18675496688741722
0 0.55078125 0.4152317880794702 0.0068359375 0.07947019867549669
0 0.599609375 0.44039735099337746 0.0087890625 0.060927152317880796
0 0.62109375 0.49403973509933774 0.0068359375 0.022516556291390728
0 0.78662109375 0.4377483443708609 0.005859375 0.02913907284768212
0 0.75634765625 0.43509933774834436 0.005859375 0.06887417218543046
0 0.8193359375 0.5417218543046357 0.0068359375 0.1205298013245033
0 0.8798828125 0.4509933774834437 0.0068359375 0.05033112582781457
0 0.6962425595238095 0.49432355723746446 0.00651041666666663 0.14380321665089882
0 0.8366815476190477 0.46594134342478705 0.006510416666666741 0.09713024282560703
