0 0.16845703125 0.43741109530583216 0.005859375 0.031294452347083924
0 0.15087890625 0.4480796586059744 0.005859375 0.01849217638691323
0 0.14990234375 0.5035561877667141 0.005859375 0.044096728307254626
0 0.318359375 0.5042674253200569 0.0048828125 0.04267425320056899
0 0.34521484375 0.4566145092460882 0.0078125 0.12944523470839261
0 0.396484375 0.4423897581792319 0.0048828125 0.029871977240398292
0 0.43603515625 0.5085348506401138 0.005859375 0.05405405405405406
0 0.486328125 0.45305832147937414 0.0048828125 0.034139402560455195
0 0.63330078125 0.48079658605974396 0.005859375 0.02702702702702703
0 0.75 0.4566145092460882 0.0068359375 0.01849217638691323
0 0.77685546875 0.46301564722617355 0.005859375 0.025604551920341393
0 0.85107421875 0.4566145092460882 0.00390625 0.01849217638691323
