0 0.13671875 0.5220483641536273 0.0068359375 0.17780938833570412
0 0.27294921875 0.45874822190611664 0.005859375 0.1251778093883357
0 0.4501953125 0.39473684210526316 0.0107421875 0.5376955903271693
0 0.51904296875 0.4566145092460882 0.005859375 0.12944523470839261
0 0.46630859375 0.4615931721194879 0.005859375 0.02275960170697013
0 0.68212890625 0.4544807965860597 0.005859375 0.06258890469416785
0 0.72265625 0.5234708392603129 0.0068359375 0.09815078236130868
0 0.765625 0.4786628733997155 0.0048828125 0.025604551920341393
0 0.80712890625 0.5206258890469416 0.009765625 0.09246088193456614
0 0.8720703125 0.44594594594594594 0.0048828125 0.051209103840682786
0 0.8818359375 0.3869132290184922 0.0068359375 0.041251778093883355
0 0.22345132743362836 0.47293520814713175 0.025062223451327414 0.7527788617681489
