0 0.0947265625 0.5145695364238411 0.0068359375 0.05827814569536424
0 0.11181640625 0.5304635761589404 0.009765625 0.2304635761589404
0 0.52099609375 0.4278145695364238 0.01171875 0.0781456953642384
0 0.2734375 0.5390728476821192 0.0048828125 0.04900662251655629
0 0.6494140625 0.4456953642384106 0.0068359375 0.060927152317880796
0 0.83837890625 0.4139072847682119 0.0078125 0.12450331125827814
0 0.81494140625 0.5350993377483444 0.005859375 0.08344370860927153
0 0.2001953125 0.39933774834437086 0.0185546875 0.052980132450331126
0 0.2060546875 0.5046357615894039 0.0244140625 0.04105960264900662
0 0.6708984375 0.38079470198675497 0.0244140625 0.04768211920529802
