0 0.1241446725317693 0.5933774834437087 0.006842619745845552 0.1390728476821192
0 0.18328445747800587 0.5417218543046357 0.005865102639296188 0.03576158940397351
0 0.25317693059628543 0.4827814569536424 0.006842619745845552 0.07417218543046358
0 0.36314760508308896 0.44437086092715233 0.007820136852394917 0.10596026490066225
0 0.39345063538611924 0.47086092715231787 0.009775171065493646 0.09271523178807947
0 0.39345063538611924 0.5688741721854305 0.005865102639296188 0.04768211920529802
0 0.5664711632453568 0.6794701986754967 0.007820136852394917 0.2582781456953642
0 0.6270772238514174 0.6026490066225165 0.009775171065493646 0.3403973509933775
0 0.6725317693059628 0.4543046357615894 0.006842619745845552 0.07549668874172186
0 0.6598240469208211 0.5390728476821192 0.006842619745845552 0.025165562913907286
0 0.7575757575757576 0.4602649006622517 0.006842619745845552 0.10331125827814569
0 0.7844574780058651 0.6019867549668875 0.017595307917888565 0.06357615894039735
0 0.5512032770097286 0.5063071586250395 0.015826467439370624 0.1299274676758121
