0 0.12841796875 0.612375533428165 0.0078125 0.1678520625889047
0 0.18994140625 0.5568990042674253 0.005859375 0.06543385490753911
0 0.17578125 0.48577524893314367 0.0068359375 0.059743954480796585
0 0.205078125 0.4566145092460882 0.0048828125 0.049786628733997154
0 0.283203125 0.5768136557610242 0.0087890625 0.2019914651493599
0 0.3212890625 0.48577524893314367 0.0068359375 0.051209103840682786
0 0.3662109375 0.5362731152204836 0.0087890625 0.08961593172119488
0 0.53515625 0.5583214793741109 0.0048828125 0.031294452347083924
0 0.62890625 0.5014224751066856 0.0048828125 0.031294452347083924
0 0.75244140625 0.48150782361308675 0.01171875 0.07681365576102418
0 0.81787109375 0.55049786628734 0.0078125 0.05547652916073969
0 0.8447265625 0.5199146514935988 0.0068359375 0.08819345661450925
0 0.90478515625 0.5064011379800853 0.005859375 0.06401137980085349
