0 0.11865234375 0.6479374110953058 0.009765625 0.24466571834992887
0 0.1728515625 0.48079658605974396 0.0068359375 0.07823613086770982
0 0.26171875 0.581081081081081 0.0068359375 0.034139402560455195
0 0.259765625 0.4850640113798009 0.0048828125 0.05547652916073969
0 0.3583984375 0.5448079658605974 0.0068359375 0.03556187766714083
0 0.380859375 0.5590327169274538 0.0068359375 0.06116642958748222
0 0.39794921875 0.44523470839260315 0.005859375 0.04694167852062589
0 0.46484375 0.5369843527738265 0.0068359375 0.02275960170697013
0 0.48095703125 0.43314366998577525 0.005859375 0.12233285917496443
0 0.79052734375 0.5953058321479374 0.005859375 0.08819345661450925
0 0.87548828125 0.5334281650071123 0.0078125 0.26600284495021337
0 0.8916015625 0.5376955903271693 0.0068359375 0.02418207681365576
0 0.67822265625 0.45519203413940257 0.03515625 0.09815078236130868
