0 0.083984375 0.6059602649006622 0.0068359375 0.0423841059602649
0 0.1689453125 0.5827814569536424 0.0068359375 0.17350993377483442
0 0.29833984375 0.5635761589403974 0.005859375 0.015894039735099338
0 0.4189453125 0.6443708609271523 0.0048828125 0.05033112582781457
0 0.40869140625 0.495364238410596 0.009765625 0.04900662251655629
0 0.53125 0.6026490066225165 0.0068359375 0.14701986754966886
0 0.59130859375 0.5377483443708609 0.005859375 0.030463576158940398
0 0.736328125 0.6966887417218544 0.0087890625 0.10198675496688742
0 0.7021484375 0.5920529801324503 0.0068359375 0.011920529801324504
0 0.875 0.5821192052980132 0.0068359375 0.06357615894039735
0 0.84765625 0.5165562913907285 0.0087890625 0.0913907284768212
0 0.89013671875 0.6450331125827815 0.0078125 0.030463576158940398
0 0.19401041666666669 0.5801009145380006 0.008370535714285726 0.04036581520025229
