0 0.07666015625 0.5490753911806543 0.009765625 0.2972972972972973
0 0.12548828125 0.5704125177809388 0.005859375 0.032716927453769556
0 0.1982421875 0.5099573257467994 0.0068359375 0.1507823613086771
0 0.21533203125 0.5220483641536273 0.005859375 0.08108108108108109
0 0.29443359375 0.5746799431009957 0.005859375 0.044096728307254626
0 0.36865234375 0.5362731152204836 0.005859375 0.02702702702702703
0 0.63671875 0.5199146514935988 0.0068359375 0.1422475106685633
0 0.68115234375 0.5682788051209103 0.005859375 0.059743954480796585
0 0.7919921875 0.5817923186344239 0.0048828125 0.05832147937411095
0 0.86669921875 0.4992887624466572 0.005859375 0.07254623044096728
0 0.88623046875 0.5035561877667141 0.005859375 0.06116642958748222
0 0.876953125 0.49288762446657186 0.0048828125 0.03698435277382646
0 0.83203125 0.5120910384068279 0.0068359375 0.03556187766714083
