0 0.1865234375 0.5149359886201992 0.0068359375 0.09815078236130868
0 0.24853515625 0.4800853485064011 0.00390625 0.07112375533428165
0 0.3623046875 0.5476529160739687 0.0048828125 0.03840682788051209
0 0.3759765625 0.5042674253200569 0.0048828125 0.025604551920341393
0 0.419921875 0.4907539118065434 0.0048828125 0.029871977240398292
0 0.46435546875 0.5021337126600285 0.009765625 0.15220483641536273
0 0.54345703125 0.5298719772403983 0.005859375 0.08534850640113797
0 0.69384765625 0.5945945945945946 0.005859375 0.05547652916073969
0 0.662109375 0.5668563300142248 0.0048828125 0.04836415362731152
0 0.7099609375 0.5362731152204836 0.0048828125 0.08961593172119488
0 0.6330890486725663 0.5151059303364846 0.042346515486725744 0.10448268482735179
0 0.8175988661504424 0.4597175191027077 0.05876659292035402 0.12210627021991712
0 0.68798828125 0.48079658605974396 0.005859375 0.05832147937411095
