0 0.1376953125 0.4900426742532006 0.0048828125 0.02844950213371266
0 0.22607421875 0.5120910384068279 0.005859375 0.012802275960170697
0 0.31591796875 0.5071123755334281 0.0078125 0.03982930298719772
0 0.32080078125 0.5789473684210527 0.005859375 0.029871977240398292
0 0.27001953125 0.5362731152204836 0.005859375 0.012802275960170697
0 0.4755859375 0.4672830725462304 0.0048828125 0.034139402560455195
0 0.462890625 0.4352773826458037 0.0048828125 0.029871977240398292
0 0.3857421875 0.48150782361308675 0.0048828125 0.02844950213371266
0 0.671875 0.4800853485064011 0.0048828125 0.04267425320056899
0 0.626953125 0.5170697012802276 0.0068359375 0.031294452347083924
