0 0.08154296875 0.5640113798008535 0.005859375 0.07965860597439545
0 0.109375 0.5753911806543386 0.0068359375 0.08819345661450925
0 0.29150390625 0.5433854907539118 0.005859375 0.041251778093883355
0 0.4267578125 0.5469416785206259 0.0068359375 0.04551920341394026
0 0.52099609375 0.4601706970128023 0.005859375 0.09957325746799431
0 0.6328125 0.5711237553342816 0.0068359375 0.09672830725462304
0 0.7490234375 0.46088193456614507 0.0068359375 0.10668563300142248
0 0.81494140625 0.6137980085348507 0.0078125 0.18492176386913228
0 0.82861328125 0.5704125177809388 0.005859375 0.09246088193456614
0 0.51171875 0.6038406827880513 0.0107421875 0.3840682788051209
0 0.7998046875 0.46870554765291605 0.0048828125 0.05405405405405406
0 0.876953125 0.4957325746799431 0.0048828125 0.04551920341394026
0 0.71728515625 0.48364153627311524 0.0068359375 0.07396870554765292
0 0.7216796875 0.5604551920341394 0.013671875 0.03982930298719772
