0 0.07575757575757576 0.56158940397351 0.007820136852394917 0.059602649006622516
0 0.10263929618768329 0.5437086092715232 0.006842619745845552 0.039735099337748346
0 0.09726295210166178 0.4827814569536424 0.005865102639296188 0.060927152317880796
0 0.14565004887585534 0.5218543046357615 0.008797653958944282 0.046357615894039736
0 0.2883675464320626 0.5695364238410596 0.006842619745845552 0.06754966887417219
0 0.37683284457478006 0.5165562913907285 0.007820136852394917 0.08344370860927153
0 0.49364613880742914 0.4860927152317881 0.006842619745845552 0.06490066225165562
0 0.3602150537634409 0.44370860927152317 0.007820136852394917 0.09933774834437085
0 0.30840664711632454 0.48874172185430464 0.007820136852394917 0.04370860927152318
0 0.5640273704789834 0.419205298013245 0.006842619745845552 0.10596026490066225
0 0.679863147605083 0.4251655629139073 0.005865102639296188 0.06490066225165562
0 0.7649071358748778 0.48013245033112584 0.007820136852394917 0.06887417218543046
0 0.7678396871945259 0.5470198675496689 0.005865102639296188 0.03576158940397351
0 0.7781036168132942 0.5059602649006623 0.006842619745845552 0.025165562913907286
0 0.8993157380254154 0.5483443708609271 0.008797653958944282 0.03576158940397351
0 0.1217008797653959 0.5384105960264901 0.005865102639296188 0.031788079470198675
0 0.3411534701857282 0.46556291390728477 0.04985337243401759 0.10331125827814569
