0 0.0947265625 0.48543046357615893 0.0068359375 0.05827814569536424
0 0.11181640625 0.4695364238410596 0.009765625 0.2304635761589404
0 0.52099609375 0.5721854304635762 0.01171875 0.0781456953642384
0 0.2734375 0.4609271523178808 0.0048828125 0.04900662251655629
0 0.6494140625 0.5543046357615894 0.0068359375 0.060927152317880796
0 0.83837890625 0.5860927152317881 0.0078125 0.12450331125827814
0 0.81494140625 0.4649006622516556 0.005859375 0.08344370860927153
0 0.2001953125 0.6006622516556291 0.0185546875 0.052980132450331126
0 0.2060546875 0.495364238410596 0.0244140625 0.04105960264900662
0 0.6708984375 0.6192052980132451 0.0244140625 0.04768211920529802
