0 0.09326171875 0.5263157894736842 0.0078125 0.05263157894736842
0 0.1767578125 0.5369843527738265 0.0048828125 0.02275960170697013
0 0.5390625 0.5832147937411095 0.0068359375 0.08961593172119488
0 0.5966796875 0.5455192034139402 0.0068359375 0.034139402560455195
0 0.6064453125 0.5021337126600285 0.0068359375 0.029871977240398292
0 0.6728515625 0.4971550497866287 0.0048828125 0.03698435277382646
0 0.744140625 0.5483641536273115 0.0068359375 0.051209103840682786
0 0.40869140625 0.5334281650071123 0.00390625 0.01849217638691323
0 0.35481194690265494 0.5138471028084443 0.006049502212389368 0.1800123365097748
0 0.3064159292035399 0.5006294137640201 0.007777931415929251 0.0402824808972922
0 0.15869140625 0.4722617354196302 0.01953125 0.029871977240398292
