0 0.12023460410557185 0.433112582781457 0.006842619745845552 0.12582781456953643
0 0.30009775171065495 0.5701986754966888 0.006842619745845552 0.07152317880794702
0 0.3787878787878788 0.6026490066225165 0.011730205278592375 0.2900662251655629
0 0.4222873900293255 0.5509933774834437 0.008797653958944282 0.038410596026490065
0 0.2785923753665689 0.4966887417218543 0.006842619745845552 0.033112582781456956
0 0.10263929618768329 0.547682119205298 0.004887585532746823 0.03443708609271523
0 0.5327468230694037 0.580794701986755 0.006842619745845552 0.08741721854304636
0 0.5948191593352884 0.49072847682119203 0.005865102639296188 0.02384105960264901
0 0.6564027370478983 0.5543046357615894 0.005865102639296188 0.05562913907284768
0 0.8558162267839687 0.5503311258278145 0.007820136852394917 0.052980132450331126
0 0.8435972629521017 0.5695364238410596 0.004887585532746823 0.08079470198675497
0 0.8093841642228738 0.5642384105960265 0.006842619745845552 0.06225165562913907
0 0.5772238514173998 0.5052980132450331 0.005865102639296188 0.02384105960264901
