0 0.126953125 0.519205298013245 0.0087890625 0.08874172185430464
0 0.1298828125 0.6741721854304635 0.0068359375 0.16556291390728478
0 0.162109375 0.5814569536423841 0.0068359375 0.21589403973509932
0 0.20703125 0.5423841059602649 0.0068359375 0.0423841059602649
0 0.283203125 0.5960264900662252 0.0068359375 0.05695364238410596
0 0.54296875 0.5059602649006623 0.0068359375 0.11258278145695365
0 0.69482421875 0.5125827814569537 0.005859375 0.08609271523178808
0 0.712890625 0.5649006622516556 0.0126953125 0.07152317880794702
0 0.80810546875 0.5794701986754967 0.0078125 0.1880794701986755
0 0.2509765625 0.6072847682119206 0.0068359375 0.03708609271523179
0 0.42529296875 0.6099337748344371 0.0078125 0.08211920529801324
