0 0.3069403714565005 0.604635761589404 0.006842619745845552 0.10331125827814569
0 0.29472140762463345 0.552317880794702 0.005865102639296188 0.059602649006622516
0 0.3812316715542522 0.5496688741721855 0.006842619745845552 0.054304635761589407
0 0.4995112414467253 0.5642384105960265 0.006842619745845552 0.08344370860927153
0 0.49902248289345064 0.48940397350993375 0.005865102639296188 0.05562913907284768
0 0.5518084066471163 0.5357615894039736 0.007820136852394917 0.05827814569536424
0 0.532258064516129 0.5774834437086093 0.005865102639296188 0.06490066225165562
0 0.7121212121212122 0.4688741721854305 0.011730205278592375 0.09933774834437085
0 0.7140762463343109 0.5516556291390728 0.007820136852394917 0.05562913907284768
0 0.7668621700879765 0.49205298013245036 0.005865102639296188 0.05033112582781457
0 0.8103616813294232 0.5350993377483444 0.006842619745845552 0.022516556291390728
0 0.8123167155425219 0.5052980132450331 0.006842619745845552 0.02119205298013245
0 0.7668621700879765 0.5357615894039736 0.007820136852394917 0.026490066225165563
0 0.760019550342131 0.5105960264900662 0.005865102639296188 0.013245033112582781
0 0.8870967741935484 0.5735099337748344 0.013685239491691105 0.04900662251655629
0 0.8870967741935484 0.5066225165562914 0.013685239491691105 0.02119205298013245
