0 0.1845703125 0.5526315789473685 0.0048828125 0.06258890469416785
0 0.28466796875 0.4743954480796586 0.005859375 0.025604551920341393
0 0.2939453125 0.48577524893314367 0.0048828125 0.05689900426742532
0 0.4296875 0.5825035561877667 0.0068359375 0.06543385490753911
0 0.46875 0.5817923186344239 0.0068359375 0.11806543385490754
0 0.44970703125 0.47155049786628733 0.0078125 0.07965860597439545
0 0.36474609375 0.4850640113798009 0.0078125 0.06116642958748222
0 0.65869140625 0.5341394025604552 0.013671875 0.14509246088193456
0 0.69384765625 0.5398293029871978 0.0078125 0.051209103840682786
0 0.744140625 0.5782361308677099 0.0068359375 0.10810810810810811
0 0.76171875 0.5213371266002845 0.0048828125 0.034139402560455195
0 0.7548828125 0.5526315789473685 0.0068359375 0.02275960170697013
0 0.81689453125 0.5881934566145093 0.005859375 0.06543385490753911
0 0.8720703125 0.4871977240398293 0.0048828125 0.059743954480796585
