0 0.07373046875 0.47581792318634425 0.005859375 0.05689900426742532
0 0.080078125 0.5455192034139402 0.0048828125 0.031294452347083924
0 0.162109375 0.4743954480796586 0.0068359375 0.10241820768136557
0 0.32958984375 0.4992887624466572 0.005859375 0.04694167852062589
0 0.3359375 0.5597439544807966 0.0068359375 0.06543385490753911
0 0.35498046875 0.5234708392603129 0.0078125 0.1721194879089616
0 0.341796875 0.5199146514935988 0.0048828125 0.04836415362731152
0 0.74072265625 0.5490753911806543 0.005859375 0.18634423897581792
0 0.8583984375 0.5597439544807966 0.0087890625 0.09103840682788052
0 0.888671875 0.5554765291607396 0.0048828125 0.10241820768136557
0 0.84521484375 0.45803698435277385 0.005859375 0.04694167852062589
0 0.75537109375 0.5640113798008535 0.0078125 0.03698435277382646
