0 0.07421875 0.4864864864864865 0.0068359375 0.04694167852062589
0 0.08056640625 0.5455192034139402 0.005859375 0.034139402560455195
0 0.22216796875 0.5241820768136558 0.0078125 0.06827880512091039
0 0.32958984375 0.44594594594594594 0.005859375 0.07396870554765292
0 0.3349609375 0.5753911806543386 0.0068359375 0.10526315789473684
0 0.35595703125 0.5590327169274538 0.0078125 0.28591749644381226
0 0.5234375 0.5291607396870555 0.0068359375 0.2147937411095306
0 0.65625 0.5092460881934566 0.0068359375 0.06685633001422475
0 0.87060546875 0.5512091038406828 0.005859375 0.05689900426742532
0 0.888671875 0.5476529160739687 0.0068359375 0.1721194879089616
