0 0.0654296875 0.48933143669985774 0.0048828125 0.05547652916073969
0 0.11328125 0.6194879089615932 0.0068359375 0.2844950213371266
0 0.16796875 0.5 0.0068359375 0.03698435277382646
0 0.19580078125 0.43243243243243246 0.005859375 0.07539118065433854
0 0.33544921875 0.5440967283072546 0.005859375 0.11948790896159317
0 0.40673828125 0.492176386913229 0.005859375 0.041251778093883355
0 0.46142578125 0.5007112375533428 0.005859375 0.02418207681365576
0 0.54248046875 0.55049786628734 0.005859375 0.02702702702702703
0 0.4765625 0.5718349928876245 0.0068359375 0.08392603129445235
0 0.57421875 0.4992887624466572 0.0068359375 0.03840682788051209
0 0.69384765625 0.5540540540540541 0.005859375 0.059743954480796585
0 0.74462890625 0.5825035561877667 0.00390625 0.10526315789473684
0 0.8408203125 0.569701280227596 0.0048828125 0.05405405405405406
0 0.802734375 0.45376955903271693 0.0048828125 0.05547652916073969
0 0.806640625 0.5035561877667141 0.0048828125 0.02418207681365576
0 0.87158203125 0.5355618776671408 0.0078125 0.05689900426742532
0 0.86083984375 0.5768136557610242 0.005859375 0.02275960170697013
0 0.21142578125 0.5796586059743954 0.03515625 0.09957325746799431
0 0.22216796875 0.4971550497866287 0.041015625 0.03982930298719772
0 0.6728515625 0.6081081081081081 0.0166015625 0.05405405405405406
