0 0.1728515625 0.5986754966887418 0.0146484375 0.2635761589403974
0 0.11279296875 0.5516556291390728 0.005859375 0.05562913907284768
0 0.2294921875 0.6079470198675496 0.0107421875 0.12582781456953643
0 0.34326171875 0.5556291390728477 0.005859375 0.045033112582781455
0 0.35205078125 0.5503311258278145 0.005859375 0.05033112582781457
0 0.32373046875 0.4682119205298013 0.005859375 0.02913907284768212
0 0.39599609375 0.48079470198675495 0.005859375 0.04105960264900662
0 0.3603515625 0.5052980132450331 0.0048828125 0.02119205298013245
0 0.435546875 0.5397350993377483 0.0068359375 0.02913907284768212
0 0.4638671875 0.543046357615894 0.0068359375 0.038410596026490065
0 0.517578125 0.4966887417218543 0.0048828125 0.033112582781456956
0 0.5751953125 0.4688741721854305 0.0068359375 0.033112582781456956
0 0.56982421875 0.5033112582781457 0.005859375 0.02781456953642384
0 0.66796875 0.5801324503311258 0.0087890625 0.1152317880794702
0 0.755859375 0.5509933774834437 0.0048828125 0.038410596026490065
0 0.7431640625 0.580794701986755 0.0048828125 0.03443708609271523
0 0.83740234375 0.476158940397351 0.00390625 0.02913907284768212
0 0.6748046875 0.4556291390728477 0.0341796875 0.10463576158940398
