0 0.07568359375 0.5662251655629139 0.0078125 0.03708609271523179
0 0.134765625 0.5410596026490067 0.0068359375 0.03443708609271523
0 0.138671875 0.45761589403973507 0.0107421875 0.11920529801324503
0 0.150390625 0.5509933774834437 0.0048828125 0.04105960264900662
0 0.3017578125 0.571523178807947 0.0068359375 0.09801324503311258
0 0.42822265625 0.5682119205298013 0.021484375 0.14437086092715232
0 0.55078125 0.580794701986755 0.0068359375 0.06887417218543046
0 0.59814453125 0.5649006622516556 0.005859375 0.05562913907284768
0 0.62109375 0.495364238410596 0.0068359375 0.046357615894039736
0 0.818359375 0.4556291390728477 0.0068359375 0.12582781456953643
0 0.8798828125 0.547682119205298 0.0068359375 0.04768211920529802
0 0.8371465773809523 0.5327972248502051 0.009300595238095233 0.09965310627562284
0 0.6962425595238095 0.5094607379375592 0.008370535714285698 0.1362346263008515
0 0.23028273809523808 0.5309050772626932 0.008370535714285698 0.05802585935036264
