0 0.09326171875 0.5092460881934566 0.005859375 0.012802275960170697
0 0.25830078125 0.4950213371266003 0.005859375 0.044096728307254626
0 0.25439453125 0.5384068278805121 0.005859375 0.04267425320056899
0 0.2568359375 0.5163584637268848 0.0087890625 0.08961593172119488
0 0.30615234375 0.5142247510668563 0.005859375 0.09103840682788052
0 0.34521484375 0.55049786628734 0.005859375 0.03556187766714083
0 0.37939453125 0.5113798008534851 0.005859375 0.02844950213371266
0 0.4853515625 0.5284495021337127 0.0048828125 0.031294452347083924
0 0.6328125 0.484352773826458 0.0068359375 0.06543385490753911
0 0.7353515625 0.47083926031294454 0.0068359375 0.08961593172119488
0 0.79345703125 0.5483641536273115 0.005859375 0.025604551920341393
0 0.86376953125 0.48862019914651494 0.005859375 0.02275960170697013
0 0.71337890625 0.4950213371266003 0.0078125 0.03840682788051209
0 0.3291015625 0.5519203413940256 0.0048828125 0.012802275960170697
0 0.65283203125 0.44523470839260315 0.005859375 0.01849217638691323
0 0.65185546875 0.48933143669985774 0.0078125 0.029871977240398292
