0 0.06884765625 0.5258278145695364 0.0078125 0.06490066225165562
0 0.25390625 0.5086092715231788 0.0087890625 0.0728476821192053
0 0.314453125 0.5543046357615894 0.0068359375 0.03708609271523179
0 0.326171875 0.5099337748344371 0.0087890625 0.10728476821192053
0 0.345703125 0.509271523178808 0.0048828125 0.02913907284768212
0 0.38330078125 0.5006622516556292 0.005859375 0.07549668874172186
0 0.47705078125 0.5450331125827814 0.005859375 0.07417218543046358
0 0.6396484375 0.5834437086092715 0.0068359375 0.07682119205298013
0 0.72509765625 0.5933774834437087 0.0078125 0.10993377483443709
0 0.79736328125 0.5496688741721855 0.005859375 0.046357615894039736
0 0.89111328125 0.5125827814569537 0.005859375 0.04105960264900662
0 0.86181640625 0.5748344370860927 0.005859375 0.07019867549668875
