0 0.10498046875 0.5334281650071123 0.005859375 0.05263157894736842
0 0.16357421875 0.5398293029871978 0.005859375 0.017069701280227598
0 0.1845703125 0.531294452347084 0.0048828125 0.01991465149359886
0 0.298828125 0.5184921763869133 0.0087890625 0.09388335704125178
0 0.4853515625 0.4914651493598862 0.0068359375 0.09103840682788052
0 0.6142578125 0.5327169274537695 0.0068359375 0.12802275960170698
0 0.57861328125 0.5995732574679943 0.0078125 0.04836415362731152
0 0.5263671875 0.49644381223328593 0.0048828125 0.021337126600284494
0 0.5498046875 0.49857752489331436 0.0048828125 0.04836415362731152
0 0.65771484375 0.5384068278805121 0.005859375 0.017069701280227598
0 0.724609375 0.5362731152204836 0.0048828125 0.02418207681365576
0 0.76513671875 0.48150782361308675 0.005859375 0.07112375533428165
0 0.6884765625 0.542674253200569 0.0048828125 0.02844950213371266
0 0.80224609375 0.5398293029871978 0.005859375 0.01422475106685633
0 0.83447265625 0.5021337126600285 0.005859375 0.07539118065433854
0 0.8896484375 0.5177809388335705 0.0048828125 0.015647226173541962
