0 0.06494140625 0.5533428165007113 0.005859375 0.049786628733997154
0 0.09716796875 0.45803698435277385 0.005859375 0.049786628733997154
0 0.1005859375 0.581081081081081 0.0048828125 0.05689900426742532
0 0.1630859375 0.47297297297297297 0.0068359375 0.09388335704125178
0 0.1875 0.44950213371266 0.0048828125 0.041251778093883355
0 0.14208984375 0.46870554765291605 0.00390625 0.02844950213371266
0 0.24462890625 0.45376955903271693 0.00390625 0.08108108108108109
0 0.30224609375 0.5113798008534851 0.005859375 0.01422475106685633
0 0.40625 0.47368421052631576 0.0068359375 0.08677098150782361
0 0.48486328125 0.46372688477951635 0.005859375 0.09246088193456614
0 0.44140625 0.46799431009957326 0.0048828125 0.041251778093883355
0 0.5009765625 0.4601706970128023 0.0048828125 0.04836415362731152
0 0.57958984375 0.5668563300142248 0.009765625 0.08250355618776671
0 0.591796875 0.5789473684210527 0.0068359375 0.112375533428165
0 0.73779296875 0.4615931721194879 0.005859375 0.06827880512091039
0 0.75146484375 0.4957325746799431 0.005859375 0.04267425320056899
0 0.79248046875 0.5 0.005859375 0.025604551920341393
0 0.828125 0.5376955903271693 0.0068359375 0.08677098150782361
0 0.8671875 0.5440967283072546 0.0068359375 0.03698435277382646
0 0.0810546875 0.534850640113798 0.0048828125 0.01849217638691323
