0 0.09335288367546432 0.5654338549075392 0.005865102639296188 0.07112375533428165
0 0.1881720430107527 0.5519203413940256 0.005865102639296188 0.032716927453769556
0 0.290811339198436 0.4850640113798009 0.011730205278592375 0.05263157894736842
0 0.36363636363636365 0.42816500711237554 0.006842619745845552 0.13513513513513514
0 0.4550342130987292 0.5931721194879089 0.005865102639296188 0.05263157894736842
0 0.6725317693059628 0.48862019914651494 0.004887585532746823 0.04836415362731152
0 0.6940371456500489 0.5633001422475107 0.008797653958944282 0.07539118065433854
0 0.7834799608993157 0.585348506401138 0.015640273704789834 0.11379800853485064
0 0.843108504398827 0.581081081081081 0.007820136852394917 0.21337126600284495
0 0.758220226818571 0.5018882412920606 0.010380712635922372 0.18630647414997661
0 0.6851227086739503 0.5100706202243231 0.009515653249595636 0.14728282078072477
