0 0.076171875 0.5576102418207681 0.0068359375 0.06685633001422475
0 0.09765625 0.4793741109530583 0.0068359375 0.07823613086770982
0 0.103515625 0.5568990042674253 0.0068359375 0.06543385490753911
0 0.1220703125 0.5462304409672831 0.0068359375 0.044096728307254626
0 0.1455078125 0.4751066856330014 0.0087890625 0.09246088193456614
0 0.49462890625 0.5291607396870555 0.009765625 0.14935988620199148
0 0.767578125 0.5640113798008535 0.0068359375 0.06827880512091039
0 0.400390625 0.5376955903271693 0.0048828125 0.02418207681365576
0 0.3759765625 0.5 0.0048828125 0.034139402560455195
0 0.2878353152654868 0.5509825148856354 0.003456858407079655 0.04783544606553452
0 0.30908203125 0.4829302987197724 0.005859375 0.03982930298719772
0 0.3330078125 0.45021337126600286 0.0244140625 0.05689900426742532
