0 0.3623046875 0.5145695364238411 0.0087890625 0.2728476821192053
0 0.44580078125 0.5761589403973509 0.0078125 0.08079470198675497
0 0.57421875 0.5205298013245033 0.0068359375 0.09668874172185431
0 0.6083984375 0.5536423841059602 0.0068359375 0.12582781456953643
0 0.7451171875 0.5403973509933775 0.0068359375 0.033112582781456956
0 0.8349609375 0.5562913907284768 0.0087890625 0.04900662251655629
0 0.7451171875 0.5 0.0048828125 0.03443708609271523
0 0.7109375 0.4675496688741722 0.0068359375 0.06490066225165562
0 0.10546875 0.5688741721854305 0.0068359375 0.04768211920529802
0 0.64306640625 0.49337748344370863 0.0068359375 0.051655629139072845
0 0.64306640625 0.5450331125827814 0.0087890625 0.04105960264900662
0 0.20654296875 0.5086092715231788 0.0048828125 0.02119205298013245
0 0.2060546875 0.5337748344370861 0.005859375 0.018543046357615896
0 0.7197265625 0.5774834437086093 0.0234375 0.09536423841059603
0 0.716796875 0.6543046357615894 0.015625 0.0423841059602649
