0 0.09619140625 0.5033112582781457 0.005859375 0.02781456953642384
0 0.1884765625 0.5132450331125827 0.0068359375 0.05827814569536424
0 0.35009765625 0.5788079470198676 0.01171875 0.22649006622516557
0 0.44384765625 0.5814569536423841 0.005859375 0.04105960264900662
0 0.4736328125 0.5324503311258278 0.0068359375 0.06490066225165562
0 0.58203125 0.5920529801324503 0.0068359375 0.09403973509933775
0 0.66748046875 0.5841059602649007 0.005859375 0.09403973509933775
0 0.70263671875 0.5456953642384106 0.005859375 0.030463576158940398
0 0.67919921875 0.45165562913907287 0.0234375 0.09933774834437085
0 0.68212890625 0.5403973509933775 0.01953125 0.03576158940397351
