0 0.12646484375 0.5305832147937412 0.005859375 0.02418207681365576
0 0.14208984375 0.5149359886201992 0.005859375 0.02418207681365576
0 0.15625 0.5320056899004267 0.0068359375 0.05832147937411095
0 0.2158203125 0.4900426742532006 0.0048828125 0.031294452347083924
0 0.2412109375 0.4992887624466572 0.0048828125 0.04694167852062589
0 0.35986328125 0.5597439544807966 0.005859375 0.06543385490753911
0 0.32177734375 0.4594594594594595 0.009765625 0.03556187766714083
0 0.51318359375 0.49431009957325744 0.005859375 0.07681365576102418
0 0.37939453125 0.5419630156472262 0.005859375 0.03840682788051209
0 0.53857421875 0.4864864864864865 0.005859375 0.032716927453769556
0 0.58203125 0.5170697012802276 0.0048828125 0.034139402560455195
0 0.6015625 0.5 0.0048828125 0.01422475106685633
0 0.65380859375 0.4694167852062589 0.005859375 0.07539118065433854
0 0.68017578125 0.5519203413940256 0.005859375 0.05832147937411095
0 0.79052734375 0.4523470839260313 0.005859375 0.08108108108108109
0 0.822265625 0.5711237553342816 0.0048828125 0.051209103840682786
0 0.83154296875 0.46799431009957326 0.005859375 0.05547652916073969
