0 0.10400390625 0.5327169274537695 0.005859375 0.08250355618776671
0 0.1669921875 0.561877667140825 0.0048828125 0.06116642958748222
0 0.20947265625 0.45519203413940257 0.005859375 0.11806543385490754
0 0.345703125 0.5476529160739687 0.0068359375 0.029871977240398292
0 0.42578125 0.4829302987197724 0.0068359375 0.04267425320056899
0 0.7080078125 0.5597439544807966 0.0068359375 0.2332859174964438
0 0.61181640625 0.5440967283072546 0.005859375 0.03698435277382646
0 0.58154296875 0.542674253200569 0.005859375 0.02275960170697013
0 0.4814453125 0.5675675675675675 0.0048828125 0.041251778093883355
0 0.5302734375 0.5256045519203414 0.0068359375 0.031294452347083924
0 0.6171875 0.55049786628734 0.0068359375 0.05263157894736842
0 0.884765625 0.5106685633001422 0.0048828125 0.032716927453769556
0 0.32421875 0.5433854907539118 0.0068359375 0.03840682788051209
0 0.20947265625 0.5483641536273115 0.005859375 0.051209103840682786
