0 0.359375 0.6088193456614509 0.0068359375 0.12660028449502134
0 0.45751953125 0.5149359886201992 0.009765625 0.08108108108108109
0 0.49267578125 0.4871977240398293 0.005859375 0.04551920341394026
0 0.8955078125 0.5384068278805121 0.0068359375 0.02844950213371266
0 0.89599609375 0.5049786628733998 0.005859375 0.02418207681365576
0 0.7822265625 0.5519203413940256 0.0048828125 0.05263157894736842
0 0.81005859375 0.5476529160739687 0.005859375 0.049786628733997154
0 0.58837890625 0.5334281650071123 0.005859375 0.01849217638691323
0 0.63916015625 0.4395448079658606 0.00390625 0.041251778093883355
0 0.8515625 0.47368421052631576 0.0068359375 0.021337126600284494
0 0.71630859375 0.5384068278805121 0.005859375 0.02844950213371266
0 0.7158203125 0.4850640113798009 0.0048828125 0.029871977240398292
0 0.6845703125 0.5547652916073968 0.0869140625 0.12375533428165007
