0 0.12744140625 0.5874822190611664 0.005859375 0.0953058321479374
0 0.1669921875 0.6180654338549075 0.0068359375 0.1906116642958748
0 0.16845703125 0.4786628733997155 0.0078125 0.05405405405405406
0 0.4111328125 0.4864864864864865 0.0068359375 0.07254623044096728
0 0.51025390625 0.441678520625889 0.005859375 0.13086770981507823
0 0.50732421875 0.4423897581792319 0.01171875 0.13229018492176386
0 0.61279296875 0.5234708392603129 0.005859375 0.032716927453769556
0 0.74267578125 0.5021337126600285 0.005859375 0.041251778093883355
0 0.86865234375 0.48577524893314367 0.005859375 0.06543385490753911
0 0.904296875 0.5675675675675675 0.0048828125 0.044096728307254626
0 0.8994140625 0.5 0.0126953125 0.02275960170697013
0 0.47191302544247793 0.5006294137640201 0.005185287610619482 0.09567089213106904
0 0.6287679756637168 0.4515351401704452 0.006049502212389424 0.07049434157026148
0 0.655990735619469 0.5201412404486461 0.005185287610619538 0.0440589634814134
0 0.662109375 0.4516358463726885 0.0048828125 0.034139402560455195
0 0.34521484375 0.4907539118065434 0.00390625 0.03840682788051209
0 0.32275390625 0.4829302987197724 0.00390625 0.03698435277382646
0 0.63818359375 0.5725462304409673 0.00390625 0.04551920341394026
