0 0.1572265625 0.5384068278805121 0.0087890625 0.21621621621621623
0 0.1865234375 0.5113798008534851 0.0068359375 0.06827880512091039
0 0.19970703125 0.5547652916073968 0.005859375 0.044096728307254626
0 0.21630859375 0.4864864864864865 0.005859375 0.07254623044096728
0 0.24658203125 0.5320056899004267 0.005859375 0.17496443812233287
0 0.359375 0.596728307254623 0.0048828125 0.07112375533428165
0 0.36865234375 0.5604551920341394 0.005859375 0.029871977240398292
0 0.51318359375 0.5554765291607396 0.0078125 0.12802275960170698
0 0.58642578125 0.5177809388335705 0.005859375 0.05832147937411095
0 0.814453125 0.46088193456614507 0.0048828125 0.10953058321479374
0 0.876953125 0.5106685633001422 0.0068359375 0.03840682788051209
0 0.88818359375 0.5568990042674253 0.00390625 0.04267425320056899
0 0.83154296875 0.5355618776671408 0.005859375 0.04551920341394026
0 0.6025390625 0.5149359886201992 0.0068359375 0.029871977240398292
0 0.34033203125 0.465149359886202 0.046875 0.07823613086770982
