0 0.09130859375 0.5014224751066856 0.0078125 0.02844950213371266
0 0.14501953125 0.4907539118065434 0.005859375 0.04694167852062589
0 0.16015625 0.5533428165007113 0.0068359375 0.05832147937411095
0 0.2392578125 0.5568990042674253 0.0068359375 0.03698435277382646
0 0.23095703125 0.5035561877667141 0.0078125 0.02418207681365576
0 0.2734375 0.4971550497866287 0.0048828125 0.03982930298719772
0 0.28564453125 0.534850640113798 0.005859375 0.08108108108108109
0 0.33349609375 0.5220483641536273 0.0078125 0.17496443812233287
0 0.3251953125 0.47581792318634425 0.0087890625 0.08250355618776671
0 0.42529296875 0.49786628733997157 0.0078125 0.044096728307254626
0 0.44970703125 0.6692745376955903 0.0078125 0.4694167852062589
0 0.45654296875 0.48364153627311524 0.0078125 0.06970128022759602
0 0.541015625 0.5725462304409673 0.0068359375 0.06543385490753911
0 0.5654296875 0.5874822190611664 0.0087890625 0.422475106685633
0 0.65869140625 0.49359886201991465 0.005859375 0.12375533428165007
0 0.6796875 0.5419630156472262 0.0068359375 0.03556187766714083
0 0.74267578125 0.4971550497866287 0.005859375 0.03982930298719772
0 0.791015625 0.5711237553342816 0.0048828125 0.05689900426742532
0 0.8017578125 0.5590327169274538 0.0048828125 0.06685633001422475
0 0.8720443860619468 0.5365059983131711 0.00691371681415931 0.06671785898614027
0 0.72265625 0.48577524893314367 0.0048828125 0.059743954480796585
