0 0.23095703125 0.5391180654338549 0.0078125 0.09815078236130868
0 0.30712890625 0.5433854907539118 0.005859375 0.041251778093883355
0 0.56298828125 0.5092460881934566 0.0078125 0.19203413940256045
0 0.6796875 0.5469416785206259 0.0068359375 0.03982930298719772
0 0.78076171875 0.5412517780938834 0.005859375 0.025604551920341393
0 0.11974557522123898 0.5346177570211105 0.006049502212389368 0.050353101121615375
0 0.19287109375 0.561877667140825 0.005859375 0.029871977240398292
0 0.34912109375 0.5526315789473685 0.005859375 0.034139402560455195
0 0.33349609375 0.4829302987197724 0.005859375 0.031294452347083924
0 0.8818359375 0.616642958748222 0.0087890625 0.034139402560455195
0 0.73779296875 0.5355618776671408 0.0234375 0.01422475106685633
