0 0.08984375 0.5398293029871978 0.0068359375 0.031294452347083924
0 0.1015625 0.49857752489331436 0.0048828125 0.03982930298719772
0 0.15966796875 0.5199146514935988 0.005859375 0.04551920341394026
0 0.28564453125 0.5234708392603129 0.0078125 0.08961593172119488
0 0.4501953125 0.596728307254623 0.0068359375 0.22190611664295876
0 0.56640625 0.5640113798008535 0.0068359375 0.1763869132290185
0 0.541015625 0.5483641536273115 0.0048828125 0.04267425320056899
0 0.42626953125 0.5476529160739687 0.005859375 0.021337126600284494
0 0.67919921875 0.48933143669985774 0.005859375 0.05547652916073969
0 0.79150390625 0.5071123755334281 0.00390625 0.017069701280227598
0 0.8017578125 0.5490753911806543 0.0048828125 0.03840682788051209
0 0.8720703125 0.5056899004267426 0.0048828125 0.02275960170697013
