0 0.37109375 0.4822190611664296 0.0048828125 0.06401137980085349
0 0.37158203125 0.5547652916073968 0.005859375 0.03840682788051209
0 0.501953125 0.47581792318634425 0.0048828125 0.03982930298719772
0 0.57177734375 0.5519203413940256 0.005859375 0.049786628733997154
0 0.599609375 0.5490753911806543 0.0068359375 0.04694167852062589
0 0.740234375 0.5839260312944523 0.0048828125 0.07965860597439545
0 0.7451171875 0.5334281650071123 0.0048828125 0.029871977240398292
0 0.89794921875 0.5476529160739687 0.005859375 0.041251778093883355
0 0.70458984375 0.5412517780938834 0.126953125 0.1251778093883357
0 0.8544921875 0.5611664295874822 0.0048828125 0.02844950213371266
