0 0.09619140625 0.4914651493598862 0.005859375 0.11095305832147938
0 0.10986328125 0.569701280227596 0.005859375 0.04267425320056899
0 0.12255859375 0.48862019914651494 0.0078125 0.05405405405405406
0 0.1376953125 0.5021337126600285 0.0048828125 0.029871977240398292
0 0.1953125 0.4779516358463727 0.0068359375 0.044096728307254626
0 0.3447265625 0.47652916073968704 0.0068359375 0.08392603129445235
0 0.3642578125 0.4743954480796586 0.0068359375 0.08819345661450925
0 0.44873046875 0.5917496443812233 0.005859375 0.12660028449502134
0 0.41357421875 0.5135135135135135 0.005859375 0.06116642958748222
0 0.5966796875 0.5071123755334281 0.0048828125 0.03698435277382646
0 0.5693359375 0.5633001422475107 0.0068359375 0.07823613086770982
0 0.7060546875 0.4701280227596017 0.0068359375 0.07112375533428165
0 0.74658203125 0.5568990042674253 0.005859375 0.10526315789473684
0 0.837890625 0.5583214793741109 0.0068359375 0.05405405405405406
0 0.88525390625 0.5362731152204836 0.005859375 0.049786628733997154
0 0.8681640625 0.5725462304409673 0.0048828125 0.08819345661450925
0 0.853515625 0.5483641536273115 0.0048828125 0.03698435277382646
0 0.2822265625 0.5568990042674253 0.0068359375 0.031294452347083924
0 0.71875 0.577524893314367 0.0126953125 0.11806543385490754
