0 0.0947265625 0.48741721854304637 0.0068359375 0.059602649006622516
0 0.11083984375 0.48013245033112584 0.005859375 0.07152317880794702
0 0.19384765625 0.6384105960264901 0.0078125 0.19735099337748344
0 0.48291015625 0.4847682119205298 0.005859375 0.06754966887417219
0 0.6494140625 0.5629139072847682 0.0068359375 0.07019867549668875
0 0.52392578125 0.5589403973509933 0.005859375 0.04370860927152318
0 0.7939453125 0.5748344370860927 0.0068359375 0.06490066225165562
0 0.83837890625 0.5847682119205299 0.0078125 0.11390728476821192
0 0.8154296875 0.47019867549668876 0.0068359375 0.06225165562913907
0 0.9013671875 0.5450331125827814 0.0068359375 0.03443708609271523
0 0.22119140625 0.5940397350993377 0.05078125 0.06887417218543046
0 0.21728515625 0.4913907284768212 0.048828125 0.054304635761589407
0 0.66748046875 0.6158940397350994 0.015625 0.046357615894039736
