0 0.13818359375 0.5867709815078236 0.005859375 0.07396870554765292
0 0.24365234375 0.484352773826458 0.005859375 0.1251778093883357
0 0.546875 0.5761024182076814 0.0068359375 0.09815078236130868
0 0.5302734375 0.5398293029871978 0.0048828125 0.02844950213371266
0 0.7021484375 0.5078236130867709 0.0048828125 0.01849217638691323
0 0.71533203125 0.47581792318634425 0.005859375 0.08534850640113797
0 0.21484375 0.5590327169274538 0.0048828125 0.03840682788051209
0 0.29052734375 0.55049786628734 0.00390625 0.04694167852062589
0 0.43310546875 0.5064011379800853 0.0048828125 0.02275960170697013
0 0.43359375 0.5412517780938834 0.005859375 0.032716927453769556
