0 0.11181640625 0.5889046941678521 0.0078125 0.13229018492176386
0 0.1123046875 0.5092460881934566 0.0087890625 0.07254623044096728
0 0.1611328125 0.5568990042674253 0.0068359375 0.06543385490753911
0 0.18115234375 0.5597439544807966 0.005859375 0.06543385490753911
0 0.16064453125 0.5085348506401138 0.0078125 0.017069701280227598
0 0.19677734375 0.5419630156472262 0.005859375 0.032716927453769556
0 0.2236328125 0.45874822190611664 0.0068359375 0.04836415362731152
0 0.23779296875 0.5654338549075392 0.005859375 0.07965860597439545
0 0.16943359375 0.4267425320056899 0.005859375 0.05263157894736842
0 0.298828125 0.615931721194879 0.0068359375 0.24039829302987198
0 0.40625 0.5846372688477952 0.0048828125 0.04694167852062589
0 0.49658203125 0.4957325746799431 0.005859375 0.034139402560455195
0 0.54345703125 0.49431009957325744 0.005859375 0.02275960170697013
0 0.57568359375 0.4793741109530583 0.005859375 0.032716927453769556
0 0.51025390625 0.5832147937411095 0.00390625 0.03556187766714083
0 0.79931640625 0.5448079658605974 0.005859375 0.03556187766714083
0 0.845703125 0.6130867709815079 0.0068359375 0.112375533428165
0 0.703125 0.4871977240398293 0.0048828125 0.02844950213371266
0 0.68408203125 0.542674253200569 0.005859375 0.02844950213371266
0 0.4831478152654868 0.5188824129206058 0.010370575221238909 0.08182378932262492
