0 0.29521016617790813 0.5549668874172186 0.006842619745845552 0.06490066225165562
0 0.3069403714565005 0.6125827814569537 0.006842619745845552 0.12450331125827814
0 0.3812316715542522 0.5602649006622517 0.006842619745845552 0.0781456953642384
0 0.4995112414467253 0.5039735099337749 0.006842619745845552 0.0847682119205298
0 0.5518084066471163 0.5245033112582781 0.007820136852394917 0.10198675496688742
0 0.532258064516129 0.5867549668874172 0.005865102639296188 0.08874172185430464
0 0.7101661779081134 0.45827814569536424 0.007820136852394917 0.1152317880794702
0 0.6974584555229717 0.5569536423841059 0.005865102639296188 0.052980132450331126
0 0.760019550342131 0.5046357615894039 0.005865102639296188 0.025165562913907286
0 0.8108504398826979 0.5410596026490067 0.007820136852394917 0.03708609271523179
0 0.8396871945259042 0.5403973509933775 0.006842619745845552 0.033112582781456956
0 0.8870967741935484 0.5642384105960265 0.015640273704789834 0.07549668874172186
