0 0.08113391984359726 0.5298013245033113 0.008797653958944282 0.223841059602649
0 0.22434017595307917 0.4814569536423841 0.007820136852394917 0.06622516556291391
0 0.35581622678396874 0.5456953642384106 0.006842619745845552 0.04105960264900662
0 0.3709677419354839 0.5417218543046357 0.005865102639296188 0.030463576158940398
0 0.4423264907135875 0.5589403973509933 0.007820136852394917 0.0728476821192053
0 0.3172043010752688 0.5609271523178808 0.005865102639296188 0.06357615894039735
0 0.4687194525904203 0.5529801324503312 0.007820136852394917 0.27019867549668874
0 0.5997067448680352 0.571523178807947 0.007820136852394917 0.08211920529801324
0 0.6925708699902249 0.5980132450331126 0.007820136852394917 0.09006622516556291
0 0.7096774193548387 0.49205298013245036 0.004887585532746823 0.04768211920529802
0 0.6055718475073314 0.48543046357615893 0.009775171065493646 0.0423841059602649
0 0.6309872922776149 0.4947019867549669 0.017595307917888565 0.045033112582781455
