0 0.1064453125 0.4395448079658606 0.0048828125 0.02702702702702703
0 0.12890625 0.5633001422475107 0.0068359375 0.021337126600284494
0 0.34423828125 0.5846372688477952 0.005859375 0.06401137980085349
0 0.35498046875 0.5689900426742532 0.005859375 0.1806543385490754
0 0.408203125 0.49359886201991465 0.0048828125 0.03556187766714083
0 0.54150390625 0.4971550497866287 0.01171875 0.1763869132290185
0 0.64501953125 0.531294452347084 0.005859375 0.01422475106685633
0 0.6669921875 0.5448079658605974 0.0048828125 0.03840682788051209
0 0.73291015625 0.5675675675675675 0.005859375 0.06970128022759602
0 0.8955078125 0.566145092460882 0.0048828125 0.015647226173541962
0 0.17591952433628322 0.6126650637596142 0.006049502212389424 0.5614370775060107
0 0.09338702986725667 0.5459472047734739 0.005185287610619468 0.03524717078513074
