0 0.095703125 0.47083926031294454 0.0048828125 0.06116642958748222
0 0.22314453125 0.5625889046941679 0.005859375 0.06827880512091039
0 0.279296875 0.5433854907539118 0.0048828125 0.03556187766714083
0 0.2861328125 0.48364153627311524 0.0068359375 0.029871977240398292
0 0.3330078125 0.5078236130867709 0.0068359375 0.05547652916073969
0 0.56494140625 0.5995732574679943 0.0078125 0.17069701280227595
0 0.72509765625 0.6493598862019915 0.0078125 0.5120910384068279
0 0.80908203125 0.5241820768136558 0.005859375 0.07681365576102418
0 0.6142578125 0.527027027027027 0.0087890625 0.03982930298719772
0 0.58740234375 0.49644381223328593 0.00390625 0.02702702702702703
0 0.505859375 0.5483641536273115 0.0048828125 0.025604551920341393
0 0.4619140625 0.49359886201991465 0.0048828125 0.02702702702702703
