0 0.25537109375 0.46870554765291605 0.005859375 0.08819345661450925
0 0.10498046875 0.47652916073968704 0.005859375 0.015647226173541962
0 0.435546875 0.42318634423897583 0.0048828125 0.07965860597439545
0 0.48486328125 0.457325746799431 0.005859375 0.08250355618776671
0 0.52197265625 0.5099573257467994 0.005859375 0.051209103840682786
0 0.48486328125 0.5284495021337127 0.005859375 0.02844950213371266
0 0.4375 0.5049786628733998 0.0068359375 0.032716927453769556
0 0.57177734375 0.4644381223328592 0.005859375 0.10241820768136557
0 0.6767578125 0.4701280227596017 0.0068359375 0.09388335704125178
0 0.89697265625 0.4971550497866287 0.00390625 0.025604551920341393
0 0.87451171875 0.4701280227596017 0.00390625 0.01991465149359886
0 0.884765625 0.5021337126600285 0.0048828125 0.007112375533428165
