0 0.107421875 0.5654338549075392 0.0048828125 0.07112375533428165
0 0.185546875 0.561877667140825 0.0068359375 0.06116642958748222
0 0.2119140625 0.5512091038406828 0.0107421875 0.05405405405405406
0 0.22998046875 0.4772403982930299 0.005859375 0.051209103840682786
0 0.28955078125 0.47652916073968704 0.005859375 0.08392603129445235
0 0.4248046875 0.5384068278805121 0.0048828125 0.034139402560455195
0 0.52197265625 0.5633001422475107 0.005859375 0.06116642958748222
0 0.55126953125 0.519203413940256 0.005859375 0.06685633001422475
0 0.56201171875 0.5341394025604552 0.005859375 0.02844950213371266
0 0.73583984375 0.5490753911806543 0.005859375 0.04694167852062589
0 0.81494140625 0.5704125177809388 0.005859375 0.07823613086770982
0 0.830078125 0.4722617354196302 0.0048828125 0.09815078236130868
0 0.87744140625 0.569701280227596 0.005859375 0.07965860597439545
0 0.44296183628318586 0.5176235853925654 0.007777931415929196 0.05916489381789804
0 0.72607421875 0.4957325746799431 0.0185546875 0.04694167852062589
0 0.72607421875 0.5561877667140825 0.0205078125 0.06258890469416785
0 0.15576171875 0.5633001422475107 0.005859375 0.04694167852062589
0 0.146484375 0.5512091038406828 0.0048828125 0.02275960170697013
0 0.65185546875 0.4779516358463727 0.0048828125 0.08534850640113797
0 0.65234375 0.5327169274537695 0.00390625 0.01849217638691323
0 0.4658203125 0.5604551920341394 0.00390625 0.03698435277382646
