0 0.10546875 0.49857752489331436 0.0068359375 0.01991465149359886
0 0.1962890625 0.5071123755334281 0.0048828125 0.03982930298719772
0 0.26123046875 0.4829302987197724 0.005859375 0.04551920341394026
0 0.27783203125 0.5248933143669986 0.005859375 0.021337126600284494
0 0.2412109375 0.4950213371266003 0.0048828125 0.041251778093883355
0 0.2412109375 0.5440967283072546 0.0048828125 0.031294452347083924
0 0.40966796875 0.5099573257467994 0.005859375 0.011379800853485065
0 0.6083984375 0.48862019914651494 0.0068359375 0.017069701280227598
0 0.74462890625 0.5362731152204836 0.00390625 0.015647226173541962
0 0.85498046875 0.4466571834992888 0.005859375 0.07539118065433854
0 0.5198769358407079 0.5169941716285451 0.006049502212389424 0.06545903145809993
0 0.14990234375 0.465149359886202 0.03125 0.032716927453769556
0 0.451171875 0.5974395448079659 0.0244140625 0.05832147937411095
