0 0.22607421875 0.5483641536273115 0.005859375 0.04551920341394026
0 0.23681640625 0.5334281650071123 0.005859375 0.015647226173541962
0 0.2431640625 0.5064011379800853 0.0087890625 0.14082503556187767
0 0.298828125 0.47368421052631576 0.0087890625 0.16927453769559034
0 0.36376953125 0.5568990042674253 0.005859375 0.01422475106685633
0 0.4384765625 0.5647226173541963 0.0048828125 0.015647226173541962
0 0.498046875 0.45590327169274536 0.0068359375 0.11948790896159317
0 0.53662109375 0.4772403982930299 0.005859375 0.07681365576102418
0 0.53857421875 0.5476529160739687 0.0078125 0.03840682788051209
0 0.5947265625 0.5142247510668563 0.0048828125 0.017069701280227598
0 0.64990234375 0.5064011379800853 0.005859375 0.012802275960170697
0 0.82568359375 0.5455192034139402 0.005859375 0.034139402560455195
0 0.84326171875 0.5305832147937412 0.005859375 0.012802275960170697
0 0.46142578125 0.5433854907539118 0.005859375 0.029871977240398292
0 0.2839463495575222 0.523288309268747 0.012963219026548678 0.06294137640201916
