0 0.076171875 0.4871977240398293 0.0048828125 0.07112375533428165
0 0.14208984375 0.47155049786628733 0.0078125 0.08534850640113797
0 0.1669921875 0.46586059743954483 0.0048828125 0.07965860597439545
0 0.1806640625 0.457325746799431 0.0068359375 0.08534850640113797
0 0.2138671875 0.5135135135135135 0.0068359375 0.06116642958748222
0 0.373046875 0.4438122332859175 0.0068359375 0.0953058321479374
0 0.4697265625 0.5391180654338549 0.0048828125 0.02702702702702703
0 0.4296875 0.5163584637268848 0.0048828125 0.03556187766714083
0 0.4833984375 0.5654338549075392 0.0048828125 0.025604551920341393
0 0.5068359375 0.5440967283072546 0.0048828125 0.02844950213371266
0 0.55029296875 0.5220483641536273 0.005859375 0.1465149359886202
0 0.5283203125 0.4445234708392603 0.0068359375 0.07112375533428165
0 0.61767578125 0.5227596017069701 0.005859375 0.08534850640113797
0 0.67236328125 0.5483641536273115 0.0078125 0.051209103840682786
0 0.69091796875 0.5298719772403983 0.005859375 0.034139402560455195
0 0.72265625 0.465149359886202 0.0048828125 0.06685633001422475
0 0.8544921875 0.48862019914651494 0.0068359375 0.03698435277382646
0 0.865234375 0.5796586059743954 0.0068359375 0.10810810810810811
