0 0.8818359375 0.5880794701986755 0.0478515625 0.09668874172185431
0 0.86083984375 0.7158940397350994 0.01171875 0.12450331125827814
0 0.11181640625 0.528476821192053 0.005859375 0.04900662251655629
0 0.26953125 0.5231788079470199 0.0068359375 0.10463576158940398
0 0.43310546875 0.6503311258278146 0.005859375 0.03576158940397351
0 0.6064453125 0.6245033112582782 0.0068359375 0.06887417218543046
0 0.7353515625 0.5940397350993377 0.0068359375 0.018543046357615896
0 0.3671875 0.562251655629139 0.0048828125 0.026490066225165563
0 0.3203125 0.643046357615894 0.0166015625 0.08741721854304636
0 0.376953125 0.6814569536423841 0.0107421875 0.4185430463576159
0 0.59375 0.6417218543046358 0.0068359375 0.05827814569536424
0 0.08472842261904763 0.5952380952380952 0.005580357142857123 0.10343740145064645
0 0.3390997023809524 0.5775780510879849 0.008370535714285698 0.04541154210028381
