0 0.080078125 0.5049786628733998 0.0166015625 0.12660028449502134
0 0.125 0.5284495021337127 0.0068359375 0.03698435277382646
0 0.20263671875 0.4701280227596017 0.005859375 0.09103840682788052
0 0.46728515625 0.5177809388335705 0.005859375 0.14082503556187767
0 0.58642578125 0.49359886201991465 0.005859375 0.049786628733997154
0 0.59326171875 0.5256045519203414 0.005859375 0.05405405405405406
0 0.73681640625 0.5248933143669986 0.005859375 0.08677098150782361
0 0.76611328125 0.5590327169274538 0.005859375 0.049786628733997154
0 0.79345703125 0.5597439544807966 0.005859375 0.059743954480796585
0 0.37548828125 0.5533428165007113 0.005859375 0.04694167852062589
0 0.33740234375 0.44950213371266 0.03515625 0.06116642958748222
