0 0.2262952101661779 0.543046357615894 0.005865102639296188 0.03576158940397351
0 0.3142717497556207 0.5026490066225165 0.009775171065493646 0.10596026490066225
0 0.29423264907135877 0.49072847682119203 0.004887585532746823 0.04768211920529802
0 0.2937438905180841 0.5609271523178808 0.005865102639296188 0.06887417218543046
0 0.4203323558162268 0.5463576158940397 0.006842619745845552 0.03443708609271523
0 0.5210166177908113 0.5337748344370861 0.010752688172043012 0.12582781456953643
0 0.6070381231671554 0.4589403973509934 0.006842619745845552 0.07947019867549669
0 0.6632453567937439 0.4291390728476821 0.005865102639296188 0.0781456953642384
0 0.6715542521994134 0.42980132450331127 0.008797653958944282 0.12980132450331125
0 0.7160312805474096 0.43973509933774835 0.005865102639296188 0.051655629139072845
0 0.7487781036168133 0.4821192052980132 0.006842619745845552 0.07019867549668875
0 0.5953079178885631 0.5582781456953643 0.006842619745845552 0.05827814569536424
