0 0.08064516129032258 0.5304635761589404 0.007820136852394917 0.04768211920529802
0 0.10850439882697947 0.5410596026490067 0.006842619745845552 0.03443708609271523
0 0.28934506353861195 0.5019867549668874 0.006842619745845552 0.03576158940397351
0 0.35043988269794724 0.46688741721854304 0.005865102639296188 0.06887417218543046
0 0.4257086999022483 0.5251655629139073 0.005865102639296188 0.09801324503311258
0 0.5141739980449658 0.5668874172185431 0.016617790811339198 0.2503311258278146
0 0.5263929618768328 0.5370860927152318 0.005865102639296188 0.026490066225165563
0 0.6422287390029325 0.4966887417218543 0.006842619745845552 0.04370860927152318
0 0.7473118279569892 0.4589403973509934 0.005865102639296188 0.09536423841059603
0 0.8137829912023461 0.5384105960264901 0.005865102639296188 0.09271523178807947
0 0.8103616813294232 0.5794701986754967 0.008797653958944282 0.11125827814569536
0 0.7986314760508308 0.452317880794702 0.004887585532746823 0.045033112582781455
0 0.8279569892473119 0.5536423841059602 0.004887585532746823 0.05695364238410596
0 0.7194525904203324 0.5086092715231788 0.019550342130987292 0.13774834437086092
