0 0.07575757575757576 0.5582781456953643 0.007820136852394917 0.05827814569536424
0 0.10312805474095797 0.5437086092715232 0.007820136852394917 0.039735099337748346
0 0.09726295210166178 0.47549668874172185 0.005865102639296188 0.046357615894039736
0 0.1217008797653959 0.5417218543046357 0.005865102639296188 0.033112582781456956
0 0.14516129032258066 0.5278145695364238 0.007820136852394917 0.039735099337748346
0 0.2883675464320626 0.5668874172185431 0.004887585532746823 0.054304635761589407
0 0.3592375366568915 0.452317880794702 0.005865102639296188 0.0847682119205298
0 0.3758553274682307 0.5271523178807948 0.009775171065493646 0.14437086092715232
0 0.49560117302052786 0.49933774834437084 0.010752688172043012 0.09668874172185431
0 0.5640273704789834 0.4112582781456954 0.004887585532746823 0.12980132450331125
0 0.679863147605083 0.42450331125827817 0.005865102639296188 0.05827814569536424
0 0.7653958944281525 0.4781456953642384 0.008797653958944282 0.07549668874172186
0 0.7678396871945259 0.547682119205298 0.005865102639296188 0.03443708609271523
0 0.7776148582600195 0.5006622516556292 0.007820136852394917 0.033112582781456956
0 0.8494623655913979 0.5026490066225165 0.008797653958944282 0.03708609271523179
0 0.8998044965786901 0.5490066225165563 0.007820136852394917 0.039735099337748346
0 0.30840664711632454 0.47086092715231787 0.007820136852394917 0.02913907284768212
0 0.34017595307917886 0.46556291390728477 0.04398826979472141 0.10331125827814569
