0 0.12548828125 0.5846372688477952 0.0078125 0.112375533428165
0 0.18994140625 0.5512091038406828 0.0078125 0.20768136557610242
0 0.2626953125 0.4950213371266003 0.0048828125 0.049786628733997154
0 0.39208984375 0.4971550497866287 0.005859375 0.03982930298719772
0 0.34228515625 0.4900426742532006 0.005859375 0.051209103840682786
0 0.3642578125 0.4793741109530583 0.0068359375 0.06970128022759602
0 0.4482421875 0.47083926031294454 0.0048828125 0.08392603129445235
0 0.5673828125 0.5433854907539118 0.0068359375 0.14366998577524892
0 0.6728515625 0.4772403982930299 0.0126953125 0.07681365576102418
0 0.69775390625 0.49644381223328593 0.005859375 0.041251778093883355
0 0.7587890625 0.48862019914651494 0.0068359375 0.059743954480796585
