0 0.0751953125 0.5881934566145093 0.0048828125 0.02844950213371266
0 0.10498046875 0.4907539118065434 0.005859375 0.05547652916073969
0 0.15087890625 0.5597439544807966 0.005859375 0.02844950213371266
0 0.138671875 0.4594594594594595 0.0087890625 0.112375533428165
0 0.232421875 0.5028449502133713 0.0087890625 0.08534850640113797
0 0.3935546875 0.492176386913229 0.0048828125 0.04694167852062589
0 0.42822265625 0.5988620199146515 0.01953125 0.2034139402560455
0 0.50048828125 0.49359886201991465 0.005859375 0.07254623044096728
0 0.50244140625 0.6031294452347084 0.005859375 0.06685633001422475
0 0.5126953125 0.49786628733997157 0.0048828125 0.032716927453769556
0 0.55078125 0.5725462304409673 0.0048828125 0.03698435277382646
0 0.599609375 0.5476529160739687 0.0048828125 0.021337126600284494
0 0.5908203125 0.484352773826458 0.0048828125 0.03982930298719772
0 0.61962890625 0.45092460881934565 0.0078125 0.20625889046941678
0 0.69677734375 0.4957325746799431 0.0078125 0.1337126600284495
0 0.74072265625 0.5028449502133713 0.005859375 0.1337126600284495
0 0.7861328125 0.5320056899004267 0.0068359375 0.01849217638691323
0 0.81787109375 0.49786628733997157 0.0078125 0.3229018492176387
0 0.8544921875 0.6330014224751067 0.0068359375 0.2716927453769559
0 0.837890625 0.5078236130867709 0.0048828125 0.01849217638691323
