0 0.06982421875 0.48862019914651494 0.005859375 0.025604551920341393
0 0.16455078125 0.5376955903271693 0.005859375 0.012802275960170697
0 0.1689453125 0.4879089615931721 0.0068359375 0.02418207681365576
0 0.2744140625 0.5263157894736842 0.0048828125 0.021337126600284494
0 0.384765625 0.4772403982930299 0.0048828125 0.07396870554765292
0 0.46240234375 0.5184921763869133 0.005859375 0.07681365576102418
0 0.5771484375 0.5056899004267426 0.0048828125 0.034139402560455195
0 0.775390625 0.4871977240398293 0.0048828125 0.05405405405405406
0 0.76220703125 0.5633001422475107 0.01171875 0.00995732574679943
0 0.8310546875 0.5554765291607396 0.0107421875 0.005689900426742532
