0 0.28271484375 0.6088193456614509 0.005859375 0.05263157894736842
0 0.3642578125 0.4701280227596017 0.0068359375 0.07965860597439545
0 0.3916015625 0.46586059743954483 0.0048828125 0.03982930298719772
0 0.6083984375 0.5035561877667141 0.0048828125 0.01849217638691323
0 0.63232421875 0.4601706970128023 0.005859375 0.031294452347083924
0 0.81640625 0.6130867709815079 0.0068359375 0.07823613086770982
0 0.84033203125 0.5889046941678521 0.005859375 0.03840682788051209
0 0.69384765625 0.44310099573257467 0.005859375 0.04267425320056899
0 0.4503076603982301 0.5352471707851306 0.01382743362831862 0.14728282078072477
0 0.8495748064159292 0.47671169073125297 0.005185287610619427 0.0780473067385038
