0 0.14306640625 0.6230440967283073 0.0078125 0.1721194879089616
0 0.1630859375 0.5113798008534851 0.0087890625 0.10241820768136557
0 0.1953125 0.5938833570412517 0.0068359375 0.08534850640113797
0 0.3349609375 0.4800853485064011 0.0166015625 0.1678520625889047
0 0.5556640625 0.5746799431009957 0.0068359375 0.01849217638691323
0 0.82861328125 0.43385490753911804 0.0078125 0.16927453769559034
0 0.82861328125 0.5647226173541963 0.005859375 0.07539118065433854
0 0.8583984375 0.49644381223328593 0.0068359375 0.044096728307254626
0 0.8720703125 0.47083926031294454 0.0048828125 0.044096728307254626
0 0.8603515625 0.5540540540540541 0.0048828125 0.05405405405405406
