0 0.10107421875 0.44096728307254623 0.005859375 0.08961593172119488
0 0.0791015625 0.5384068278805121 0.0068359375 0.031294452347083924
0 0.228515625 0.4864864864864865 0.0048828125 0.05832147937411095
0 0.31689453125 0.5512091038406828 0.01171875 0.05405405405405406
0 0.35009765625 0.4601706970128023 0.005859375 0.09103840682788052
0 0.45263671875 0.6244665718349929 0.013671875 0.3541963015647226
0 0.5009765625 0.5846372688477952 0.0068359375 0.05263157894736842
0 0.53173828125 0.4957325746799431 0.005859375 0.025604551920341393
0 0.61279296875 0.5035561877667141 0.009765625 0.2802275960170697
0 0.68408203125 0.47652916073968704 0.005859375 0.049786628733997154
0 0.70751953125 0.6024182076813656 0.005859375 0.13940256045519203
0 0.7109375 0.46372688477951635 0.0068359375 0.07254623044096728
0 0.755859375 0.5320056899004267 0.0048828125 0.06116642958748222
0 0.86669921875 0.457325746799431 0.005859375 0.10241820768136557
0 0.80908203125 0.5689900426742532 0.005859375 0.08108108108108109
0 0.7919921875 0.5298719772403983 0.0126953125 0.06258890469416785
0 0.876953125 0.5746799431009957 0.0107421875 0.08108108108108109
0 0.86669921875 0.5725462304409673 0.005859375 0.09103840682788052
0 0.72509765625 0.5334281650071123 0.01171875 0.01849217638691323
0 0.74951171875 0.5455192034139402 0.005859375 0.04551920341394026
0 0.23987140486725667 0.516364757864525 0.004321073008849541 0.05161192864965572
