0 0.36412512218963833 0.5728476821192053 0.007820136852394917 0.09801324503311258
0 0.3870967741935484 0.5668874172185431 0.006842619745845552 0.08344370860927153
0 0.458455522971652 0.5198675496688742 0.006842619745845552 0.0847682119205298
0 0.47653958944281527 0.5271523178807948 0.007820136852394917 0.08874172185430464
0 0.5483870967741935 0.5662251655629139 0.006842619745845552 0.0847682119205298
0 0.5625610948191594 0.5397350993377483 0.005865102639296188 0.02913907284768212
0 0.5821114369501467 0.4847682119205298 0.007820136852394917 0.06490066225165562
0 0.6285434995112414 0.46357615894039733 0.006842619745845552 0.10463576158940398
0 0.8020527859237536 0.5569536423841059 0.007820136852394917 0.039735099337748346
0 0.8387096774193549 0.5046357615894039 0.006842619745845552 0.025165562913907286
0 0.8958944281524927 0.5350993377483444 0.005865102639296188 0.022516556291390728
0 0.6886608015640274 0.5556291390728477 0.10557184750733138 0.1695364238410596
