0 0.0810546875 0.4871977240398293 0.0068359375 0.06543385490753911
0 0.17041015625 0.4800853485064011 0.005859375 0.06258890469416785
0 0.29296875 0.5184921763869133 0.0087890625 0.07965860597439545
0 0.51953125 0.4701280227596017 0.0048828125 0.09672830725462304
0 0.57080078125 0.47581792318634425 0.005859375 0.05689900426742532
0 0.54931640625 0.44594594594594594 0.00390625 0.04267425320056899
0 0.60986328125 0.5462304409672831 0.005859375 0.044096728307254626
0 0.62841796875 0.4914651493598862 0.005859375 0.051209103840682786
0 0.69970703125 0.5576102418207681 0.005859375 0.03840682788051209
0 0.7783203125 0.5611664295874822 0.0048828125 0.06258890469416785
0 0.4345703125 0.5362731152204836 0.0048828125 0.01849217638691323
0 0.3994140625 0.5078236130867709 0.0048828125 0.015647226173541962
0 0.41455078125 0.5071123755334281 0.005859375 0.02275960170697013
0 0.724609375 0.5049786628733998 0.0068359375 0.029871977240398292
