0 0.07763671875 0.6052980132450331 0.005859375 0.08874172185430464
0 0.119140625 0.4423841059602649 0.0048828125 0.051655629139072845
0 0.11328125 0.5735099337748344 0.0068359375 0.04370860927152318
0 0.18798828125 0.5417218543046357 0.0078125 0.0913907284768212
0 0.20361328125 0.4847682119205298 0.005859375 0.05695364238410596
0 0.228515625 0.4649006622516556 0.0107421875 0.0913907284768212
0 0.3115234375 0.4847682119205298 0.0087890625 0.059602649006622516
0 0.37451171875 0.49072847682119203 0.0078125 0.09271523178807947
0 0.47412109375 0.5139072847682119 0.005859375 0.030463576158940398
0 0.47802734375 0.5668874172185431 0.005859375 0.019867549668874173
0 0.58935546875 0.4986754966887417 0.005859375 0.02119205298013245
0 0.7255859375 0.5198675496688742 0.0048828125 0.018543046357615896
