0 0.0673828125 0.5450331125827814 0.0107421875 0.10596026490066225
0 0.08740234375 0.5258278145695364 0.009765625 0.12847682119205298
0 0.1767578125 0.6013245033112583 0.0107421875 0.31390728476821195
0 0.19921875 0.44304635761589406 0.0068359375 0.02384105960264901
0 0.1962890625 0.519205298013245 0.0126953125 0.176158940397351
0 0.2783203125 0.5145695364238411 0.0087890625 0.12980132450331125
0 0.3232421875 0.5867549668874172 0.0048828125 0.02781456953642384
0 0.4150390625 0.4649006622516556 0.0068359375 0.06754966887417219
0 0.42626953125 0.6052980132450331 0.005859375 0.0728476821192053
0 0.45751953125 0.4741721854304636 0.005859375 0.030463576158940398
0 0.51416015625 0.5397350993377483 0.005859375 0.026490066225165563
0 0.53857421875 0.7086092715231788 0.0078125 0.36423841059602646
0 0.5390625 0.6880794701986755 0.0107421875 0.4291390728476821
0 0.5673828125 0.5741721854304636 0.0048828125 0.02119205298013245
0 0.62255859375 0.5006622516556292 0.005859375 0.033112582781456956
0 0.716796875 0.48940397350993375 0.0068359375 0.0423841059602649
0 0.81005859375 0.5589403973509933 0.0078125 0.046357615894039736
0 0.8505859375 0.5403973509933775 0.0068359375 0.019867549668874173
0 0.87890625 0.5496688741721855 0.0068359375 0.017218543046357615
0 0.87255859375 0.5662251655629139 0.009765625 0.08741721854304636
0 0.14892578125 0.47152317880794703 0.03125 0.046357615894039736
