0 0.19677734375 0.5412517780938834 0.005859375 0.03698435277382646
0 0.20458984375 0.569701280227596 0.00390625 0.02844950213371266
0 0.162109375 0.46586059743954483 0.0048828125 0.02844950213371266
0 0.24462890625 0.4466571834992888 0.005859375 0.12375533428165007
0 0.40625 0.5533428165007113 0.0048828125 0.049786628733997154
0 0.48486328125 0.4971550497866287 0.005859375 0.034139402560455195
0 0.45361328125 0.47155049786628733 0.005859375 0.02275960170697013
0 0.59326171875 0.5234708392603129 0.005859375 0.044096728307254626
0 0.509765625 0.5568990042674253 0.0048828125 0.03982930298719772
0 0.7060546875 0.5519203413940256 0.0048828125 0.029871977240398292
0 0.76513671875 0.5320056899004267 0.0078125 0.16927453769559034
0 0.79345703125 0.5647226173541963 0.005859375 0.032716927453769556
0 0.828125 0.5355618776671408 0.0048828125 0.02275960170697013
0 0.8359375 0.47297297297297297 0.0068359375 0.06827880512091039
0 0.5791015625 0.6102418207681366 0.0087890625 0.032716927453769556
