0 0.15380859375 0.5344370860927152 0.0078125 0.060927152317880796
0 0.27490234375 0.6033112582781457 0.0078125 0.23311258278145697
0 0.31298828125 0.5298013245033113 0.005859375 0.059602649006622516
0 0.34521484375 0.5331125827814569 0.005859375 0.04768211920529802
0 0.37158203125 0.5781456953642384 0.005859375 0.1562913907284768
0 0.42041015625 0.5450331125827814 0.009765625 0.11655629139072848
0 0.435546875 0.5662251655629139 0.0048828125 0.05827814569536424
0 0.4697265625 0.5675496688741721 0.0068359375 0.12450331125827814
0 0.5400390625 0.5602649006622517 0.0068359375 0.12582781456953643
0 0.578125 0.45364238410596025 0.0068359375 0.1562913907284768
0 0.62158203125 0.4695364238410596 0.0078125 0.16423841059602648
0 0.7353515625 0.5649006622516556 0.0068359375 0.1827814569536424
0 0.806640625 0.5947019867549669 0.0068359375 0.05695364238410596
0 0.8203125 0.5463576158940397 0.0068359375 0.031788079470198675
0 0.89404296875 0.5105960264900662 0.0078125 0.05827814569536424
