0 0.72119140625 0.5988620199146515 0.021484375 0.12660028449502134
0 0.71533203125 0.4751066856330014 0.009765625 0.08961593172119488
0 0.611328125 0.5889046941678521 0.0068359375 0.06401137980085349
0 0.8359375 0.5128022759601707 0.0087890625 0.09103840682788052
0 0.57666015625 0.4900426742532006 0.005859375 0.04267425320056899
0 0.63916015625 0.5519203413940256 0.00390625 0.04694167852062589
0 0.85400390625 0.5085348506401138 0.0048828125 0.02418207681365576
0 0.8544921875 0.5305832147937412 0.00390625 0.01422475106685633
0 0.45654296875 0.5106685633001422 0.0048828125 0.017069701280227598
0 0.44287109375 0.5120910384068279 0.0107421875 0.017069701280227598
0 0.44482421875 0.5611664295874822 0.0087890625 0.06970128022759602
0 0.10205078125 0.5576102418207681 0.0048828125 0.06258890469416785
0 0.7734375 0.5021337126600285 0.005859375 0.034139402560455195
