0 0.1044921875 0.5841059602649007 0.0068359375 0.1814569536423841
0 0.14794921875 0.5423841059602649 0.005859375 0.0423841059602649
0 0.1923828125 0.6211920529801325 0.0146484375 0.10198675496688742
0 0.26611328125 0.5774834437086093 0.005859375 0.10198675496688742
0 0.31298828125 0.5609271523178808 0.005859375 0.045033112582781455
0 0.50146484375 0.5609271523178808 0.0078125 0.280794701986755
0 0.48486328125 0.5688741721854305 0.005859375 0.08211920529801324
0 0.5986328125 0.5364238410596026 0.0068359375 0.06490066225165562
0 0.61328125 0.6158940397350994 0.0068359375 0.08874172185430464
0 0.65185546875 0.519205298013245 0.0078125 0.06754966887417219
0 0.6650390625 0.6556291390728477 0.0244140625 0.08344370860927153
0 0.2138671875 0.633774834437086 0.0283203125 0.07417218543046358
0 0.2158203125 0.5390728476821192 0.0576171875 0.04105960264900662
