0 0.0673828125 0.5443708609271524 0.0107421875 0.10728476821192053
0 0.0869140625 0.5185430463576159 0.0087890625 0.11920529801324503
0 0.17529296875 0.6403973509933775 0.0078125 0.23576158940397351
0 0.19970703125 0.44503311258278144 0.0078125 0.02781456953642384
0 0.1962890625 0.5178807947019868 0.0126953125 0.16821192052980133
0 0.2783203125 0.5258278145695364 0.0087890625 0.10728476821192053
0 0.32421875 0.5821192052980132 0.0068359375 0.052980132450331126
0 0.4140625 0.47086092715231787 0.0068359375 0.052980132450331126
0 0.42626953125 0.6026490066225165 0.005859375 0.07019867549668875
0 0.45751953125 0.4556291390728477 0.005859375 0.05695364238410596
0 0.51416015625 0.5370860927152318 0.005859375 0.02119205298013245
0 0.53857421875 0.6456953642384106 0.0078125 0.35496688741721855
0 0.62255859375 0.5370860927152318 0.005859375 0.015894039735099338
0 0.71630859375 0.48344370860927155 0.005859375 0.04370860927152318
0 0.810546875 0.5695364238410596 0.0087890625 0.0728476821192053
0 0.87255859375 0.5682119205298013 0.0078125 0.08344370860927153
0 0.8505859375 0.5390728476821192 0.0068359375 0.019867549668874173
0 0.87890625 0.5496688741721855 0.0068359375 0.01456953642384106
0 0.1494140625 0.47152317880794703 0.0322265625 0.04370860927152318
