0 0.09228515625 0.5583214793741109 0.0078125 0.21621621621621623
0 0.13720703125 0.5440967283072546 0.005859375 0.04267425320056899
0 0.1884765625 0.5028449502133713 0.0048828125 0.017069701280227598
0 0.265625 0.5120910384068279 0.0068359375 0.14366998577524892
0 0.34521484375 0.45376955903271693 0.005859375 0.08961593172119488
0 0.3662109375 0.5796586059743954 0.0048828125 0.06827880512091039
0 0.365234375 0.47297297297297297 0.0048828125 0.07965860597439545
0 0.4228515625 0.49644381223328593 0.0048828125 0.041251778093883355
0 0.4921875 0.4395448079658606 0.0048828125 0.04694167852062589
0 0.5517578125 0.519203413940256 0.0048828125 0.03556187766714083
0 0.7978515625 0.4879089615931721 0.0048828125 0.05547652916073969
0 0.69921875 0.4971550497866287 0.0048828125 0.01422475106685633
0 0.39404296875 0.5412517780938834 0.0078125 0.02275960170697013
0 0.52099609375 0.5007112375533428 0.005859375 0.03840682788051209
0 0.7333984375 0.5334281650071123 0.0068359375 0.021337126600284494
0 0.77099609375 0.5355618776671408 0.005859375 0.02275960170697013
0 0.47021484375 0.4829302987197724 0.00390625 0.025604551920341393
0 0.791015625 0.6002844950213371 0.0048828125 0.02418207681365576
