0 0.14501953125 0.5625889046941679 0.005859375 0.03698435277382646
0 0.11083984375 0.48364153627311524 0.005859375 0.032716927453769556
0 0.28125 0.566145092460882 0.0048828125 0.032716927453769556
0 0.30908203125 0.492176386913229 0.005859375 0.044096728307254626
0 0.365234375 0.4644381223328592 0.0107421875 0.1678520625889047
0 0.5009765625 0.5483641536273115 0.0087890625 0.11948790896159317
0 0.4287109375 0.5220483641536273 0.0068359375 0.044096728307254626
0 0.4853515625 0.5412517780938834 0.0048828125 0.031294452347083924
0 0.548828125 0.5995732574679943 0.0107421875 0.11095305832147938
0 0.53369140625 0.47297297297297297 0.005859375 0.09103840682788052
0 0.29541015625 0.4871977240398293 0.00390625 0.06258890469416785
0 0.7158203125 0.47652916073968704 0.0068359375 0.12375533428165007
0 0.759765625 0.5519203413940256 0.0068359375 0.05263157894736842
0 0.74755859375 0.49288762446657186 0.005859375 0.04267425320056899
0 0.884765625 0.5625889046941679 0.0244140625 0.11948790896159317
