0 0.0810546875 0.5331125827814569 0.0087890625 0.02119205298013245
0 0.18701171875 0.6158940397350994 0.0078125 0.10728476821192053
0 0.20703125 0.4456953642384106 0.0068359375 0.02384105960264901
0 0.2080078125 0.5549668874172186 0.0107421875 0.13642384105960265
0 0.4375 0.5225165562913907 0.0068359375 0.07417218543046358
0 0.54833984375 0.5066225165562914 0.0078125 0.10596026490066225
0 0.48876953125 0.5397350993377483 0.005859375 0.02119205298013245
0 0.65380859375 0.4463576158940397 0.005859375 0.04370860927152318
0 0.8720703125 0.5589403973509933 0.0048828125 0.025165562913907286
0 0.1611328125 0.4741721854304636 0.0263671875 0.04105960264900662
