0 0.1279296875 0.5213371266002845 0.0068359375 0.15647226173541964
0 0.18994140625 0.5874822190611664 0.005859375 0.07254623044096728
0 0.20458984375 0.4957325746799431 0.005859375 0.03982930298719772
0 0.28173828125 0.5519203413940256 0.0078125 0.13513513513513514
0 0.3662109375 0.531294452347084 0.0068359375 0.09672830725462304
0 0.75439453125 0.5433854907539118 0.0078125 0.03556187766714083
0 0.75146484375 0.4722617354196302 0.01171875 0.08392603129445235
0 0.8173828125 0.519203413940256 0.0068359375 0.112375533428165
0 0.84423828125 0.5113798008534851 0.005859375 0.09957325746799431
0 0.904296875 0.5512091038406828 0.0048828125 0.07681365576102418
0 0.53515625 0.5170697012802276 0.0068359375 0.04836415362731152
