0 0.10595703125 0.5825035561877667 0.005859375 0.03982930298719772
0 0.1376953125 0.5789473684210527 0.0048828125 0.05832147937411095
0 0.140625 0.45021337126600286 0.0107421875 0.09957325746799431
0 0.236328125 0.4594594594594595 0.0048828125 0.07823613086770982
0 0.39697265625 0.5960170697012802 0.005859375 0.17780938833570412
0 0.5517578125 0.49786628733997157 0.0068359375 0.03840682788051209
0 0.6123046875 0.6216216216216216 0.0068359375 0.13513513513513514
0 0.62255859375 0.46372688477951635 0.00390625 0.16073968705547653
0 0.6669921875 0.5113798008534851 0.0048828125 0.04551920341394026
0 0.67724609375 0.5547652916073968 0.005859375 0.044096728307254626
0 0.7490234375 0.6337126600284495 0.0068359375 0.15362731152204837
0 0.82666015625 0.4615931721194879 0.005859375 0.07396870554765292
