0 0.90380859375 0.4402560455192034 0.005859375 0.13086770981507823
0 0.775390625 0.5170697012802276 0.0068359375 0.04267425320056899
0 0.8359375 0.5455192034139402 0.0087890625 0.03982930298719772
0 0.7529296875 0.5675675675675675 0.0048828125 0.03556187766714083
0 0.6376953125 0.48150782361308675 0.0048828125 0.051209103840682786
0 0.68017578125 0.46586059743954483 0.005859375 0.031294452347083924
0 0.435546875 0.5554765291607396 0.0068359375 0.07112375533428165
0 0.60595703125 0.4907539118065434 0.005859375 0.041251778093883355
0 0.376953125 0.4623044096728307 0.0048828125 0.03556187766714083
0 0.259765625 0.4423897581792319 0.0068359375 0.07823613086770982
0 0.2646484375 0.5213371266002845 0.0048828125 0.02844950213371266
0 0.193359375 0.5768136557610242 0.0068359375 0.034139402560455195
0 0.09033203125 0.5910384068278806 0.005859375 0.02844950213371266
0 0.47900390625 0.5540540540540541 0.005859375 0.03698435277382646
0 0.52294921875 0.5398293029871978 0.005859375 0.025604551920341393
0 0.6728515625 0.6337126600284495 0.0263671875 0.11948790896159317
0 0.20849609375 0.6109530583214794 0.025390625 0.031294452347083924
