0 0.06689453125 0.5583214793741109 0.0078125 0.06543385490753911
0 0.1767578125 0.635846372688478 0.0068359375 0.16927453769559034
0 0.28125 0.5512091038406828 0.0068359375 0.04267425320056899
0 0.32568359375 0.5362731152204836 0.00390625 0.021337126600284494
0 0.41552734375 0.49359886201991465 0.005859375 0.041251778093883355
0 0.427734375 0.5227596017069701 0.0087890625 0.04551920341394026
0 0.4501953125 0.4779516358463727 0.0048828125 0.02418207681365576
0 0.2783203125 0.49359886201991465 0.0068359375 0.029871977240398292
0 0.53955078125 0.6429587482219061 0.0078125 0.38264580369843526
0 0.85498046875 0.46799431009957326 0.005859375 0.09246088193456614
0 0.70654296875 0.5078236130867709 0.005859375 0.02418207681365576
0 0.14990234375 0.47297297297297297 0.03125 0.04551920341394026
