0 0.1298828125 0.4847682119205298 0.0087890625 0.038410596026490065
0 0.232421875 0.5503311258278145 0.0068359375 0.05033112582781457
0 0.26611328125 0.4688741721854305 0.005859375 0.04900662251655629
0 0.443359375 0.5841059602649007 0.0087890625 0.30596026490066225
0 0.53466796875 0.562251655629139 0.005859375 0.07152317880794702
0 0.5068359375 0.45364238410596025 0.0048828125 0.02384105960264901
0 0.6435546875 0.5072847682119205 0.0068359375 0.038410596026490065
0 0.80078125 0.49337748344370863 0.0126953125 0.11390728476821192
0 0.86572265625 0.5278145695364238 0.005859375 0.11125827814569536
0 0.87744140625 0.6139072847682119 0.005859375 0.03708609271523179
