0 0.10986328125 0.542674253200569 0.005859375 0.02275960170697013
0 0.13818359375 0.4971550497866287 0.005859375 0.02844950213371266
0 0.17041015625 0.5675675675675675 0.005859375 0.07823613086770982
0 0.2607421875 0.5369843527738265 0.0048828125 0.01422475106685633
0 0.44873046875 0.5327169274537695 0.005859375 0.031294452347083924
0 0.611328125 0.5611664295874822 0.0048828125 0.03698435277382646
0 0.74658203125 0.5412517780938834 0.005859375 0.04551920341394026
0 0.88525390625 0.6081081081081081 0.005859375 0.06258890469416785
0 0.84033203125 0.5739687055476529 0.005859375 0.051209103840682786
0 0.8447265625 0.5113798008534851 0.0087890625 0.02275960170697013
0 0.86767578125 0.5412517780938834 0.005859375 0.04267425320056899
0 0.7470703125 0.47368421052631576 0.0087890625 0.049786628733997154
0 0.71630859375 0.5874822190611664 0.0107421875 0.1166429587482219
0 0.09521484375 0.5206258890469416 0.0048828125 0.09103840682788052
0 0.1240234375 0.5398293029871978 0.005859375 0.032716927453769556
0 0.281005859375 0.5085348506401138 0.17041015625 0.08250355618776671
0 0.555419921875 0.519203413940256 0.12158203125 0.03556187766714083
