0 0.1103515625 0.5277382645803699 0.0068359375 0.04694167852062589
0 0.1357421875 0.5085348506401138 0.0048828125 0.02844950213371266
0 0.14697265625 0.48364153627311524 0.0078125 0.11522048364153627
0 0.23095703125 0.5704125177809388 0.005859375 0.05263157894736842
0 0.26416015625 0.6322901849217639 0.0078125 0.36415362731152207
0 0.31689453125 0.6230440967283073 0.0078125 0.16642958748221906
0 0.37158203125 0.670697012802276 0.0078125 0.406827880512091
0 0.51171875 0.5085348506401138 0.0068359375 0.1906116642958748
0 0.54736328125 0.4445234708392603 0.005859375 0.051209103840682786
0 0.6015625 0.5398293029871978 0.0068359375 0.034139402560455195
0 0.58984375 0.5867709815078236 0.0068359375 0.025604551920341393
0 0.6396484375 0.4871977240398293 0.0087890625 0.08250355618776671
0 0.6640625 0.5064011379800853 0.0068359375 0.021337126600284494
0 0.68017578125 0.5903271692745377 0.0078125 0.08677098150782361
0 0.72314453125 0.4992887624466572 0.0078125 0.03556187766714083
0 0.74560546875 0.5896159317211949 0.005859375 0.051209103840682786
0 0.767578125 0.5462304409672831 0.0048828125 0.03556187766714083
0 0.779296875 0.48577524893314367 0.0068359375 0.06827880512091039
0 0.78759765625 0.5746799431009957 0.005859375 0.06685633001422475
0 0.87890625 0.5362731152204836 0.0556640625 0.11522048364153627
