0 0.142578125 0.4900426742532006 0.0068359375 0.07681365576102418
0 0.1591796875 0.5184921763869133 0.0107421875 0.27311522048364156
0 0.21728515625 0.4879089615931721 0.0078125 0.03840682788051209
0 0.20068359375 0.5597439544807966 0.005859375 0.06827880512091039
0 0.28076171875 0.5028449502133713 0.005859375 0.025604551920341393
0 0.333984375 0.4523470839260313 0.0322265625 0.05547652916073969
0 0.359375 0.45590327169274536 0.0068359375 0.08819345661450925
0 0.36669921875 0.5263157894736842 0.005859375 0.041251778093883355
0 0.43017578125 0.5469416785206259 0.005859375 0.034139402560455195
0 0.4609375 0.47155049786628733 0.0068359375 0.059743954480796585
0 0.47607421875 0.5476529160739687 0.005859375 0.13513513513513514
0 0.5439453125 0.49359886201991465 0.0068359375 0.03840682788051209
0 0.57958984375 0.5533428165007113 0.009765625 0.07539118065433854
0 0.64208984375 0.4864864864864865 0.0078125 0.16927453769559034
0 0.763671875 0.5355618776671408 0.0048828125 0.10526315789473684
0 0.80322265625 0.5277382645803699 0.005859375 0.10953058321479374
0 0.8388671875 0.49431009957325744 0.0068359375 0.03698435277382646
0 0.8828125 0.5177809388335705 0.0068359375 0.04694167852062589
0 0.8984375 0.4871977240398293 0.0068359375 0.05689900426742532
