0 0.1962890625 0.6479374110953058 0.0068359375 0.10526315789473684
0 0.21337890625 0.4445234708392603 0.009765625 0.06827880512091039
0 0.09423828125 0.5753911806543386 0.005859375 0.03698435277382646
0 0.2158203125 0.5341394025604552 0.0048828125 0.01991465149359886
0 0.33544921875 0.561877667140825 0.005859375 0.05832147937411095
0 0.39111328125 0.5668563300142248 0.005859375 0.04267425320056899
0 0.40673828125 0.5433854907539118 0.005859375 0.012802275960170697
0 0.42578125 0.5903271692745377 0.0048828125 0.041251778093883355
0 0.453125 0.4800853485064011 0.0068359375 0.07112375533428165
0 0.5029296875 0.5675675675675675 0.0048828125 0.041251778093883355
0 0.54248046875 0.5611664295874822 0.005859375 0.03698435277382646
0 0.63232421875 0.5099573257467994 0.005859375 0.01991465149359886
0 0.64501953125 0.4800853485064011 0.009765625 0.06543385490753911
0 0.64892578125 0.566145092460882 0.005859375 0.06401137980085349
0 0.6982421875 0.5611664295874822 0.0048828125 0.03982930298719772
0 0.6572265625 0.5846372688477952 0.0048828125 0.021337126600284494
0 0.72998046875 0.5789473684210527 0.005859375 0.05832147937411095
0 0.76318359375 0.45092460881934565 0.005859375 0.06401137980085349
0 0.78662109375 0.5405405405405406 0.005859375 0.032716927453769556
0 0.8603515625 0.6322901849217639 0.0068359375 0.15647226173541964
0 0.80908203125 0.5640113798008535 0.005859375 0.025604551920341393
0 0.2216796875 0.5568990042674253 0.0048828125 0.031294452347083924
0 0.2138671875 0.6095305832147937 0.0400390625 0.03982930298719772
0 0.21826171875 0.4992887624466572 0.044921875 0.03840682788051209
