0 0.45703125 0.571523178807947 0.0068359375 0.05827814569536424
0 0.64306640625 0.5556291390728477 0.0078125 0.060927152317880796
0 0.6455078125 0.5079470198675496 0.0087890625 0.02384105960264901
0 0.75634765625 0.5403973509933775 0.005859375 0.03576158940397351
0 0.73974609375 0.4867549668874172 0.005859375 0.05827814569536424
0 0.84033203125 0.45827814569536424 0.005859375 0.0781456953642384
0 0.89892578125 0.5185430463576159 0.0078125 0.02119205298013245
0 0.37353515625 0.48410596026490066 0.005859375 0.06622516556291391
0 0.55029296875 0.4774834437086093 0.005859375 0.045033112582781455
0 0.27783203125 0.5456953642384106 0.005859375 0.033112582781456956
0 0.70751953125 0.5298013245033113 0.0078125 0.011920529801324504
0 0.7275390625 0.5357615894039736 0.0107421875 0.02119205298013245
0 0.8330078125 0.5364238410596026 0.0068359375 0.01456953642384106
