0 0.1689453125 0.5417218543046357 0.0068359375 0.02781456953642384
0 0.17626953125 0.47880794701986756 0.005859375 0.026490066225165563
0 0.29345703125 0.5589403973509933 0.005859375 0.059602649006622516
0 0.31884765625 0.5562913907284768 0.005859375 0.06490066225165562
0 0.40234375 0.5370860927152318 0.0068359375 0.02913907284768212
0 0.5859375 0.5304635761589404 0.0068359375 0.013245033112582781
0 0.712890625 0.4913907284768212 0.0068359375 0.054304635761589407
0 0.712890625 0.5317880794701987 0.0048828125 0.015894039735099338
0 0.7509765625 0.49337748344370863 0.0087890625 0.018543046357615896
0 0.76513671875 0.5556291390728477 0.005859375 0.02119205298013245
0 0.884765625 0.5264900662251656 0.0068359375 0.007947019867549669
0 0.7978515625 0.5298013245033113 0.0048828125 0.011920529801324504
0 0.47900390625 0.4986754966887417 0.009765625 0.031788079470198675
