0 0.07568359375 0.5398293029871978 0.005859375 0.04267425320056899
0 0.1416015625 0.5263157894736842 0.0068359375 0.10099573257467995
0 0.1669921875 0.4871977240398293 0.0048828125 0.051209103840682786
0 0.328125 0.4850640113798009 0.0068359375 0.05832147937411095
0 0.35693359375 0.5056899004267426 0.00390625 0.03698435277382646
0 0.37109375 0.5007112375533428 0.0048828125 0.05547652916073969
0 0.3857421875 0.48079658605974396 0.0048828125 0.05832147937411095
0 0.4296875 0.5554765291607396 0.0068359375 0.02275960170697013
0 0.47314453125 0.5796586059743954 0.005859375 0.059743954480796585
0 0.521484375 0.4566145092460882 0.0068359375 0.12660028449502134
0 0.55029296875 0.542674253200569 0.00390625 0.04551920341394026
0 0.66845703125 0.5825035561877667 0.005859375 0.13086770981507823
0 0.59326171875 0.5611664295874822 0.005859375 0.034139402560455195
0 0.68310546875 0.5206258890469416 0.005859375 0.029871977240398292
0 0.76318359375 0.5533428165007113 0.00390625 0.03840682788051209
0 0.79052734375 0.5725462304409673 0.005859375 0.07965860597439545
0 0.86376953125 0.44950213371266 0.005859375 0.07254623044096728
0 0.8759765625 0.43812233285917496 0.0048828125 0.16642958748221906
0 0.8525390625 0.48364153627311524 0.0048828125 0.07254623044096728
0 0.275390625 0.5256045519203414 0.0166015625 0.034139402560455195
