0 0.06591796875 0.5184921763869133 0.005859375 0.07112375533428165
0 0.15771484375 0.5768136557610242 0.005859375 0.04551920341394026
0 0.1953125 0.5234708392603129 0.0068359375 0.041251778093883355
0 0.5107421875 0.465149359886202 0.0048828125 0.05263157894736842
0 0.4384765625 0.5391180654338549 0.0048828125 0.02418207681365576
0 0.29736328125 0.5455192034139402 0.005859375 0.01422475106685633
0 0.556640625 0.5647226173541963 0.0048828125 0.02702702702702703
0 0.5791015625 0.6073968705547653 0.0087890625 0.03556187766714083
0 0.5751953125 0.4694167852062589 0.0048828125 0.021337126600284494
0 0.59326171875 0.5170697012802276 0.005859375 0.02275960170697013
0 0.634765625 0.5234708392603129 0.0048828125 0.015647226173541962
0 0.701171875 0.5476529160739687 0.0048828125 0.04694167852062589
0 0.76318359375 0.5106685633001422 0.005859375 0.08392603129445235
0 0.828125 0.5391180654338549 0.0068359375 0.07254623044096728
0 0.8349609375 0.47297297297297297 0.0048828125 0.06543385490753911
0 0.8212890625 0.5078236130867709 0.0087890625 0.02418207681365576
0 0.482421875 0.5014224751066856 0.0048828125 0.034139402560455195
0 0.8740234375 0.48150782361308675 0.0048828125 0.034139402560455195
