0 0.07568359375 0.5649006622516556 0.0078125 0.04768211920529802
0 0.08154296875 0.5026490066225165 0.005859375 0.031788079470198675
0 0.134765625 0.5384105960264901 0.0068359375 0.02913907284768212
0 0.1376953125 0.4410596026490066 0.0068359375 0.04900662251655629
0 0.15087890625 0.5549668874172186 0.005859375 0.06225165562913907
0 0.19189453125 0.5735099337748344 0.005859375 0.04370860927152318
0 0.55126953125 0.5860927152317881 0.005859375 0.0423841059602649
0 0.59814453125 0.5576158940397351 0.005859375 0.06754966887417219
0 0.62109375 0.5039735099337749 0.0048828125 0.026490066225165563
0 0.81884765625 0.49403973509933774 0.005859375 0.04370860927152318
0 0.87939453125 0.547682119205298 0.005859375 0.03708609271523179
0 0.6962425595238095 0.49369284137496067 0.008370535714285698 0.09965310627562284
