0 0.07568359375 0.4772403982930299 0.005859375 0.08250355618776671
0 0.1748046875 0.5974395448079659 0.0048828125 0.049786628733997154
0 0.19189453125 0.4971550497866287 0.005859375 0.034139402560455195
0 0.29345703125 0.45519203413940257 0.005859375 0.06116642958748222
0 0.4990234375 0.5988620199146515 0.0048828125 0.044096728307254626
0 0.57763671875 0.48364153627311524 0.005859375 0.06970128022759602
0 0.58740234375 0.5753911806543386 0.005859375 0.04836415362731152
0 0.60009765625 0.5789473684210527 0.005859375 0.07254623044096728
0 0.82763671875 0.5768136557610242 0.015625 0.01422475106685633
0 0.86572265625 0.6237553342816501 0.009765625 0.5604551920341394
0 0.38427734375 0.4950213371266003 0.005859375 0.041251778093883355
