0 0.24755859375 0.4900426742532006 0.005859375 0.05405405405405406
0 0.2890625 0.48079658605974396 0.0068359375 0.06401137980085349
0 0.34423828125 0.45305832147937414 0.005859375 0.09388335704125178
0 0.52978515625 0.49857752489331436 0.005859375 0.04836415362731152
0 0.57861328125 0.4822190611664296 0.005859375 0.044096728307254626
0 0.65283203125 0.43812233285917496 0.005859375 0.0953058321479374
0 0.81640625 0.44096728307254623 0.0068359375 0.155049786628734
0 0.85302734375 0.5 0.005859375 0.03982930298719772
0 0.19482421875 0.5540540540540541 0.005859375 0.03982930298719772
0 0.36474609375 0.5298719772403983 0.005859375 0.02844950213371266
0 0.71630859375 0.6721194879089616 0.01171875 0.30440967283072545
