0 0.07861328125 0.4880794701986755 0.009765625 0.21456953642384105
0 0.181640625 0.5384105960264901 0.0068359375 0.05033112582781457
0 0.2158203125 0.519205298013245 0.0068359375 0.054304635761589407
0 0.2568359375 0.5072847682119205 0.0068359375 0.04900662251655629
0 0.2412109375 0.5781456953642384 0.0048828125 0.05033112582781457
0 0.40283203125 0.562251655629139 0.005859375 0.015894039735099338
0 0.41357421875 0.5132450331125827 0.005859375 0.031788079470198675
0 0.54833984375 0.4960264900662252 0.0078125 0.16688741721854305
0 0.685546875 0.5350993377483444 0.0048828125 0.022516556291390728
0 0.66162109375 0.4596026490066225 0.005859375 0.025165562913907286
