0 0.091796875 0.6002844950213371 0.0068359375 0.2716927453769559
0 0.1787109375 0.5184921763869133 0.0068359375 0.025604551920341393
0 0.26318359375 0.5248933143669986 0.005859375 0.13229018492176386
0 0.29736328125 0.5405405405405406 0.005859375 0.032716927453769556
0 0.361328125 0.5398293029871978 0.0048828125 0.03982930298719772
0 0.36181640625 0.47083926031294454 0.009765625 0.06970128022759602
0 0.46923828125 0.5405405405405406 0.0078125 0.23470839260312945
0 0.5068359375 0.4473684210526316 0.0068359375 0.06258890469416785
0 0.55126953125 0.5355618776671408 0.005859375 0.07965860597439545
0 0.59130859375 0.5590327169274538 0.0078125 0.2375533428165007
0 0.595703125 0.5064011379800853 0.0048828125 0.021337126600284494
0 0.66259765625 0.6116642958748222 0.005859375 0.11806543385490754
0 0.71142578125 0.4466571834992888 0.005859375 0.12660028449502134
0 0.7109375 0.5128022759601707 0.0068359375 0.1934566145092461
0 0.74462890625 0.5433854907539118 0.005859375 0.23186344238975817
