0 0.15283203125 0.5796586059743954 0.005859375 0.07112375533428165
0 0.15283203125 0.4793741109530583 0.005859375 0.06116642958748222
0 0.24462890625 0.45519203413940257 0.005859375 0.08961593172119488
0 0.24462890625 0.5945945945945946 0.005859375 0.12944523470839261
0 0.521484375 0.4864864864864865 0.0048828125 0.032716927453769556
0 0.52783203125 0.5448079658605974 0.005859375 0.041251778093883355
0 0.580078125 0.5398293029871978 0.0048828125 0.034139402560455195
0 0.8291015625 0.5028449502133713 0.0068359375 0.11095305832147938
0 0.8662109375 0.5142247510668563 0.0048828125 0.04836415362731152
0 0.62841796875 0.5220483641536273 0.015625 0.029871977240398292
0 0.646484375 0.5227596017069701 0.0048828125 0.04551920341394026
0 0.70361328125 0.5014224751066856 0.005859375 0.034139402560455195
0 0.7177734375 0.4914651493598862 0.005859375 0.049786628733997154
0 0.720703125 0.5412517780938834 0.0078125 0.032716927453769556
