0 0.283203125 0.566145092460882 0.0068359375 0.07539118065433854
0 0.32275390625 0.4992887624466572 0.005859375 0.029871977240398292
0 0.3798828125 0.5163584637268848 0.0068359375 0.13513513513513514
0 0.4248046875 0.5682788051209103 0.0107421875 0.08819345661450925
0 0.47265625 0.5462304409672831 0.0068359375 0.04694167852062589
0 0.47705078125 0.44950213371266 0.005859375 0.06970128022759602
0 0.5859375 0.45590327169274536 0.0068359375 0.1251778093883357
0 0.744140625 0.5405405405405406 0.0048828125 0.029871977240398292
0 0.82763671875 0.5092460881934566 0.005859375 0.021337126600284494
0 0.8408203125 0.5412517780938834 0.0048828125 0.02844950213371266
0 0.8984375 0.5071123755334281 0.0126953125 0.02275960170697013
