0 0.08447265625 0.495364238410596 0.005859375 0.05695364238410596
0 0.13818359375 0.47019867549668876 0.01171875 0.08344370860927153
0 0.23388671875 0.45165562913907287 0.005859375 0.04370860927152318
0 0.451171875 0.5980132450331126 0.0087890625 0.2119205298013245
0 0.50732421875 0.5417218543046357 0.0078125 0.08079470198675497
0 0.53076171875 0.4947019867549669 0.005859375 0.02384105960264901
0 0.5498046875 0.4682119205298013 0.0068359375 0.08211920529801324
0 0.61962890625 0.46225165562913906 0.005859375 0.08344370860927153
0 0.8134765625 0.4596026490066225 0.0048828125 0.08079470198675497
0 0.82421875 0.4735099337748344 0.0068359375 0.09536423841059603
