0 0.14320625610948193 0.5410596026490067 0.007820136852394917 0.039735099337748346
0 0.19941348973607037 0.6562913907284769 0.016617790811339198 0.1827814569536424
0 0.26392961876832843 0.6708609271523179 0.010752688172043012 0.376158940397351
0 0.3357771260997067 0.6642384105960265 0.013685239491691105 0.4768211920529801
0 0.28934506353861195 0.5695364238410596 0.006842619745845552 0.02781456953642384
0 0.4227761485826002 0.5569536423841059 0.005865102639296188 0.06887417218543046
0 0.4750733137829912 0.5437086092715232 0.008797653958944282 0.0423841059602649
0 0.5053763440860215 0.5655629139072847 0.006842619745845552 0.04900662251655629
0 0.5087976539589443 0.4688741721854305 0.005865102639296188 0.06490066225165562
0 0.52297165200391 0.7086092715231788 0.008797653958944282 0.3748344370860927
0 0.5845552297165201 0.47880794701986756 0.006842619745845552 0.045033112582781455
0 0.7096774193548387 0.4741721854304636 0.004887585532746823 0.059602649006622516
0 0.6559139784946236 0.4867549668874172 0.010752688172043012 0.060927152317880796
0 0.7429130009775171 0.4794701986754967 0.008797653958944282 0.07549668874172186
0 0.761485826001955 0.571523178807947 0.006842619745845552 0.03443708609271523
0 0.8597262952101662 0.590066225165563 0.007820136852394917 0.060927152317880796
0 0.8826979472140762 0.5364238410596026 0.006842619745845552 0.025165562913907286
0 0.8294232649071359 0.5417218543046357 0.005865102639296188 0.033112582781456956
