0 0.0810546875 0.566145092460882 0.0048828125 0.08392603129445235
0 0.1845703125 0.45021337126600286 0.0068359375 0.13655761024182078
0 0.37353515625 0.4950213371266003 0.005859375 0.041251778093883355
0 0.5498046875 0.5021337126600285 0.0048828125 0.11806543385490754
0 0.52099609375 0.5540540540540541 0.005859375 0.06258890469416785
0 0.58056640625 0.4907539118065434 0.005859375 0.032716927453769556
0 0.6328125 0.542674253200569 0.0068359375 0.03698435277382646
0 0.65283203125 0.5391180654338549 0.005859375 0.029871977240398292
0 0.6832134955752212 0.5283236193809085 0.004321073008849541 0.07552965168242302
0 0.31884765625 0.5398293029871978 0.005859375 0.02844950213371266
