0 0.19580078125 0.46372688477951635 0.005859375 0.06685633001422475
0 0.3125 0.5405405405405406 0.0087890625 0.12375533428165007
0 0.50390625 0.5291607396870555 0.0068359375 0.29445234708392604
0 0.474609375 0.4786628733997155 0.0048828125 0.04267425320056899
0 0.458984375 0.5881934566145093 0.0048828125 0.08534850640113797
0 0.53759765625 0.5462304409672831 0.005859375 0.044096728307254626
0 0.55615234375 0.6088193456614509 0.005859375 0.07539118065433854
0 0.5859375 0.5576102418207681 0.0087890625 0.12375533428165007
0 0.59619140625 0.5071123755334281 0.005859375 0.025604551920341393
0 0.6416015625 0.49644381223328593 0.0068359375 0.044096728307254626
0 0.66796875 0.4907539118065434 0.0068359375 0.05547652916073969
0 0.82861328125 0.5526315789473685 0.005859375 0.05689900426742532
0 0.181640625 0.5014224751066856 0.0068359375 0.031294452347083924
0 0.876953125 0.5433854907539118 0.0576171875 0.12375533428165007
