0 0.1328125 0.49271523178807947 0.0068359375 0.011920529801324504
0 0.12158203125 0.552317880794702 0.005859375 0.011920529801324504
0 0.17626953125 0.4642384105960265 0.005859375 0.060927152317880796
0 0.37353515625 0.5463576158940397 0.005859375 0.02384105960264901
0 0.4375 0.4370860927152318 0.0068359375 0.12317880794701987
0 0.43408203125 0.5304635761589404 0.005859375 0.015894039735099338
0 0.4716796875 0.5682119205298013 0.0048828125 0.038410596026490065
0 0.61474609375 0.4913907284768212 0.0078125 0.030463576158940398
0 0.7626953125 0.5052980132450331 0.0048828125 0.018543046357615896
0 0.82861328125 0.5841059602649007 0.0078125 0.025165562913907286
