0 0.068359375 0.5455192034139402 0.0107421875 0.1166429587482219
0 0.1767578125 0.46301564722617355 0.0068359375 0.11095305832147938
0 0.20068359375 0.6266002844950214 0.01171875 0.17069701280227595
0 0.306640625 0.5305832147937412 0.0048828125 0.012802275960170697
0 0.3935546875 0.4402560455192034 0.0068359375 0.07965860597439545
0 0.46337890625 0.5469416785206259 0.005859375 0.031294452347083924
0 0.56298828125 0.4480796586059744 0.005859375 0.1379800853485064
0 0.7001953125 0.48150782361308675 0.0048828125 0.07112375533428165
0 0.7333984375 0.5448079658605974 0.0068359375 0.021337126600284494
0 0.7744140625 0.5298719772403983 0.0068359375 0.08534850640113797
0 0.783203125 0.5753911806543386 0.0068359375 0.09388335704125178
0 0.15625 0.4829302987197724 0.0146484375 0.017069701280227598
