0 0.142578125 0.5640113798008535 0.0048828125 0.04836415362731152
0 0.328125 0.5128022759601707 0.0068359375 0.09103840682788052
0 0.3623046875 0.5170697012802276 0.0068359375 0.1337126600284495
0 0.52001953125 0.5440967283072546 0.005859375 0.034139402560455195
0 0.59521484375 0.5903271692745377 0.005859375 0.08392603129445235
0 0.501953125 0.48933143669985774 0.0048828125 0.04694167852062589
0 0.48583984375 0.5021337126600285 0.005859375 0.032716927453769556
0 0.77880859375 0.48150782361308675 0.005859375 0.034139402560455195
0 0.798828125 0.5042674253200569 0.0048828125 0.02275960170697013
0 0.57763671875 0.5085348506401138 0.005859375 0.01991465149359886
0 0.2685546875 0.5085348506401138 0.0048828125 0.025604551920341393
0 0.8750691371681415 0.5579060662898576 0.009506360619468968 0.14728282078072485
0 0.8880323561946901 0.5547589974697567 0.01123478982300885 0.12336509774795755
