0 0.080078125 0.534850640113798 0.0068359375 0.02418207681365576
0 0.17041015625 0.5021337126600285 0.005859375 0.07823613086770982
0 0.1181640625 0.4914651493598862 0.0048828125 0.017069701280227598
0 0.1796875 0.5092460881934566 0.0068359375 0.14082503556187767
0 0.22998046875 0.585348506401138 0.005859375 0.17354196301564723
0 0.2275390625 0.5519203413940256 0.0107421875 0.07539118065433854
0 0.29052734375 0.5746799431009957 0.005859375 0.06116642958748222
0 0.30810546875 0.492176386913229 0.005859375 0.04694167852062589
0 0.33251953125 0.5654338549075392 0.005859375 0.07965860597439545
0 0.3447265625 0.6095305832147937 0.0068359375 0.1507823613086771
0 0.35400390625 0.569701280227596 0.00390625 0.06258890469416785
0 0.3896484375 0.5753911806543386 0.0048828125 0.07396870554765292
0 0.3974609375 0.4772403982930299 0.0048828125 0.05405405405405406
0 0.35400390625 0.5640113798008535 0.0078125 0.07965860597439545
0 0.42236328125 0.47581792318634425 0.005859375 0.059743954480796585
0 0.4375 0.5412517780938834 0.0048828125 0.034139402560455195
0 0.46484375 0.569701280227596 0.0068359375 0.13086770981507823
0 0.60009765625 0.5576102418207681 0.005859375 0.05832147937411095
0 0.650390625 0.5647226173541963 0.0048828125 0.044096728307254626
0 0.69091796875 0.4900426742532006 0.005859375 0.059743954480796585
0 0.759765625 0.5796586059743954 0.0048828125 0.051209103840682786
0 0.8251953125 0.5633001422475107 0.0048828125 0.032716927453769556
0 0.82470703125 0.44310099573257467 0.00390625 0.02844950213371266
0 0.79931640625 0.5462304409672831 0.00390625 0.021337126600284494
0 0.86767578125 0.5369843527738265 0.005859375 0.031294452347083924
0 0.6259765625 0.5291607396870555 0.0068359375 0.05263157894736842
0 0.52001953125 0.45305832147937414 0.0078125 0.06543385490753911
0 0.6748046875 0.47155049786628733 0.0380859375 0.13086770981507823
