0 0.22705078125 0.5794701986754967 0.005859375 0.03443708609271523
0 0.27099609375 0.523841059602649 0.0078125 0.05033112582781457
0 0.4599609375 0.4688741721854305 0.0068359375 0.04900662251655629
0 0.50634765625 0.5642384105960265 0.005859375 0.07549668874172186
0 0.5283203125 0.5443708609271524 0.0048828125 0.02781456953642384
0 0.5595703125 0.5211920529801325 0.0068359375 0.05033112582781457
0 0.58935546875 0.5364238410596026 0.005859375 0.019867549668874173
0 0.66943359375 0.5529801324503312 0.005859375 0.018543046357615896
0 0.20563616071428573 0.5018921475875119 0.0074404761904762196 0.09839167455061494
0 0.21533203125 0.45298013245033114 0.005859375 0.051655629139072845
