0 0.4345703125 0.5106685633001422 0.0048828125 0.10099573257467995
0 0.423828125 0.5633001422475107 0.0048828125 0.029871977240398292
0 0.4638671875 0.4793741109530583 0.0068359375 0.044096728307254626
0 0.4970703125 0.5064011379800853 0.0048828125 0.015647226173541962
0 0.6005859375 0.527027027027027 0.0048828125 0.14509246088193456
0 0.87646484375 0.49288762446657186 0.005859375 0.08819345661450925
0 0.86181640625 0.5256045519203414 0.005859375 0.03698435277382646
0 0.7626953125 0.5789473684210527 0.0048828125 0.06116642958748222
0 0.68359375 0.5369843527738265 0.0908203125 0.14793741109530584
0 0.58056640625 0.5391180654338549 0.00390625 0.02418207681365576
0 0.74267578125 0.55049786628734 0.005859375 0.06116642958748222
