0 0.10595703125 0.5455192034139402 0.005859375 0.034139402560455195
0 0.1640625 0.527027027027027 0.0087890625 0.08534850640113797
0 0.2822265625 0.6052631578947368 0.0087890625 0.352773826458037
0 0.42919921875 0.5184921763869133 0.005859375 0.02844950213371266
0 0.62890625 0.4260312944523471 0.0068359375 0.051209103840682786
0 0.65673828125 0.5099573257467994 0.005859375 0.04267425320056899
0 0.74267578125 0.5561877667140825 0.005859375 0.06116642958748222
0 0.814453125 0.5298719772403983 0.0068359375 0.09957325746799431
0 0.90087890625 0.5014224751066856 0.01171875 0.017069701280227598
0 0.470703125 0.5611664295874822 0.0048828125 0.025604551920341393
