0 0.3623046875 0.5231788079470199 0.0107421875 0.27947019867549666
0 0.4462890625 0.5701986754966888 0.0068359375 0.08211920529801324
0 0.57421875 0.5245033112582781 0.0068359375 0.09933774834437085
0 0.6083984375 0.5437086092715232 0.0068359375 0.09271523178807947
0 0.8349609375 0.5463576158940397 0.0068359375 0.02913907284768212
0 0.83544921875 0.4900662251655629 0.015625 0.054304635761589407
0 0.7109375 0.47086092715231787 0.0068359375 0.05827814569536424
0 0.642578125 0.5013245033112583 0.00390625 0.03576158940397351
0 0.64306640625 0.5397350993377483 0.0048828125 0.022516556291390728
0 0.71923828125 0.5788079470198676 0.0224609375 0.09536423841059603
0 0.7177734375 0.6543046357615894 0.013671875 0.03708609271523179
0 0.744140625 0.5059602649006623 0.00390625 0.02384105960264901
0 0.74462890625 0.5423841059602649 0.0068359375 0.030463576158940398
