0 0.142578125 0.6486486486486487 0.0068359375 0.1891891891891892
0 0.173828125 0.6002844950213371 0.0048828125 0.04694167852062589
0 0.30810546875 0.5256045519203414 0.005859375 0.03982930298719772
0 0.3271484375 0.4900426742532006 0.0068359375 0.08250355618776671
0 0.3623046875 0.49431009957325744 0.0068359375 0.09672830725462304
0 0.408203125 0.5035561877667141 0.0048828125 0.029871977240398292
0 0.5947265625 0.5654338549075392 0.0068359375 0.07965860597439545
0 0.57666015625 0.5220483641536273 0.005859375 0.01849217638691323
0 0.7783203125 0.4850640113798009 0.0048828125 0.06116642958748222
0 0.88916015625 0.5561877667140825 0.005859375 0.01849217638691323
