0 0.1103515625 0.42105263157894735 0.0126953125 0.112375533428165
0 0.11328125 0.5576102418207681 0.0048828125 0.04694167852062589
0 0.2236328125 0.542674253200569 0.0068359375 0.03698435277382646
0 0.52587890625 0.5611664295874822 0.005859375 0.07112375533428165
0 0.4970703125 0.5199146514935988 0.0087890625 0.06827880512091039
0 0.6513671875 0.5519203413940256 0.0068359375 0.05547652916073969
0 0.83984375 0.5803698435277382 0.0068359375 0.10668563300142248
0 0.81689453125 0.4850640113798009 0.005859375 0.06116642958748222
0 0.7880859375 0.5448079658605974 0.0048828125 0.03840682788051209
0 0.21875 0.4914651493598862 0.0458984375 0.04836415362731152
0 0.2138671875 0.6088193456614509 0.0400390625 0.044096728307254626
0 0.6728515625 0.6109530583214794 0.0224609375 0.07965860597439545
