0 0.06689453125 0.5497866287339972 0.0078125 0.07681365576102418
0 0.1064453125 0.43243243243243246 0.0068359375 0.10099573257467995
0 0.09765625 0.5149359886201992 0.0068359375 0.03840682788051209
0 0.10595703125 0.5291607396870555 0.005859375 0.021337126600284494
0 0.19921875 0.45305832147937414 0.0087890625 0.031294452347083924
0 0.22607421875 0.4793741109530583 0.005859375 0.05547652916073969
0 0.26171875 0.4950213371266003 0.0068359375 0.12375533428165007
0 0.23876953125 0.5284495021337127 0.005859375 0.01422475106685633
0 0.27783203125 0.531294452347084 0.005859375 0.025604551920341393
0 0.29345703125 0.5149359886201992 0.005859375 0.03556187766714083
0 0.45166015625 0.5633001422475107 0.02734375 0.12660028449502134
0 0.47314453125 0.5490753911806543 0.005859375 0.02702702702702703
0 0.5126953125 0.5149359886201992 0.0068359375 0.03556187766714083
0 0.568359375 0.5213371266002845 0.0048828125 0.034139402560455195
0 0.599609375 0.5256045519203414 0.0048828125 0.008534850640113799
0 0.6064453125 0.5028449502133713 0.0068359375 0.051209103840682786
0 0.708984375 0.5440967283072546 0.0068359375 0.017069701280227598
0 0.81103515625 0.4900426742532006 0.005859375 0.04551920341394026
0 0.8798828125 0.5462304409672831 0.0087890625 0.03840682788051209
0 0.9013671875 0.561877667140825 0.0048828125 0.03840682788051209
0 0.20458984375 0.5412517780938834 0.005859375 0.017069701280227598
0 0.1957964601769912 0.5314706882010096 0.007777931415929196 0.11203564999559411
0 0.35437983960176994 0.516364757864525 0.008642146017699082 0.22029481740706702
0 0.7493259126106194 0.5339883432570903 0.00691371681415931 0.2605772983043593
0 0.8556243086283185 0.5050353101121615 0.005185287610619538 0.09944737471519025
0 0.7160536504424778 0.4899293797756769 0.004321073008849652 0.046576618537494174
0 0.2216796875 0.55049786628734 0.0048828125 0.044096728307254626
