0 0.0654296875 0.5483641536273115 0.0048828125 0.034139402560455195
0 0.083984375 0.5483641536273115 0.0068359375 0.03698435277382646
0 0.16552734375 0.46301564722617355 0.005859375 0.07396870554765292
0 0.30029296875 0.4793741109530583 0.005859375 0.044096728307254626
0 0.361328125 0.5334281650071123 0.0048828125 0.06970128022759602
0 0.75390625 0.6145092460881935 0.0068359375 0.06116642958748222
0 0.83251953125 0.4722617354196302 0.005859375 0.1721194879089616
0 0.85888671875 0.5298719772403983 0.005859375 0.02275960170697013
0 0.88916015625 0.48079658605974396 0.005859375 0.06685633001422475
0 0.88916015625 0.5490753911806543 0.005859375 0.05547652916073969
