0 0.09912109375 0.5056899004267426 0.005859375 0.06543385490753911
0 0.31494140625 0.6322901849217639 0.0078125 0.06258890469416785
0 0.32373046875 0.5120910384068279 0.009765625 0.10953058321479374
0 0.44921875 0.519203413940256 0.0068359375 0.05263157894736842
0 0.46435546875 0.5412517780938834 0.005859375 0.03982930298719772
0 0.46142578125 0.4850640113798009 0.0078125 0.06685633001422475
0 0.5087890625 0.5611664295874822 0.0068359375 0.06827880512091039
0 0.66357421875 0.5419630156472262 0.005859375 0.029871977240398292
0 0.822265625 0.5220483641536273 0.0146484375 0.17780938833570412
0 0.8701171875 0.612375533428165 0.0107421875 0.5860597439544808
0 0.390625 0.5007112375533428 0.0048828125 0.032716927453769556
