0 0.10302734375 0.5889046941678521 0.005859375 0.03840682788051209
0 0.10595703125 0.49359886201991465 0.0078125 0.00995732574679943
0 0.17626953125 0.47368421052631576 0.005859375 0.041251778093883355
0 0.18798828125 0.4601706970128023 0.005859375 0.059743954480796585
0 0.35302734375 0.4751066856330014 0.005859375 0.02702702702702703
0 0.25830078125 0.5384068278805121 0.0078125 0.02844950213371266
0 0.2861328125 0.49857752489331436 0.0068359375 0.03698435277382646
0 0.29541015625 0.5739687055476529 0.0078125 0.04267425320056899
0 0.45068359375 0.5476529160739687 0.005859375 0.03556187766714083
0 0.63330078125 0.5334281650071123 0.0078125 0.07823613086770982
0 0.81298828125 0.4480796586059744 0.005859375 0.06116642958748222
0 0.88330078125 0.4829302987197724 0.005859375 0.06827880512091039
0 0.6888308904867256 0.5069235514042221 0.00691371681415931 0.09567089213106912
0 0.35302734375 0.465149359886202 0.005859375 0.06970128022759602
