0 0.08154296875 0.596728307254623 0.0078125 0.1763869132290185
0 0.10888671875 0.5739687055476529 0.005859375 0.09388335704125178
0 0.26611328125 0.5291607396870555 0.005859375 0.041251778093883355
0 0.35107421875 0.45590327169274536 0.005859375 0.06258890469416785
0 0.42626953125 0.5298719772403983 0.005859375 0.08250355618776671
0 0.5205078125 0.5135135135135135 0.0068359375 0.13229018492176386
0 0.6328125 0.5718349928876245 0.0068359375 0.14935988620199148
0 0.72216796875 0.5284495021337127 0.013671875 0.10526315789473684
0 0.7490234375 0.4800853485064011 0.0068359375 0.07965860597439545
0 0.7998046875 0.4516358463726885 0.0048828125 0.059743954480796585
0 0.814453125 0.5846372688477952 0.0068359375 0.12091038406827881
0 0.82861328125 0.5056899004267426 0.005859375 0.08250355618776671
0 0.87646484375 0.5398293029871978 0.005859375 0.03698435277382646
