0 0.10595703125 0.47083926031294454 0.005859375 0.05263157894736842
0 0.0927734375 0.5633001422475107 0.0029296875 0.015647226173541962
0 0.20263671875 0.5263157894736842 0.0078125 0.015647226173541962
0 0.2412109375 0.6024182076813656 0.0068359375 0.15362731152204837
0 0.34375 0.5704125177809388 0.0048828125 0.021337126600284494
0 0.35546875 0.6137980085348507 0.0068359375 0.17354196301564723
0 0.40771484375 0.492176386913229 0.00390625 0.032716927453769556
0 0.42724609375 0.5213371266002845 0.005859375 0.04551920341394026
0 0.5400390625 0.5391180654338549 0.0087890625 0.1379800853485064
0 0.60693359375 0.5135135135135135 0.0078125 0.021337126600284494
0 0.638671875 0.49786628733997157 0.0048828125 0.03840682788051209
0 0.6455078125 0.5583214793741109 0.0048828125 0.01422475106685633
0 0.6669921875 0.5412517780938834 0.0048828125 0.031294452347083924
0 0.73291015625 0.5803698435277382 0.005859375 0.032716927453769556
0 0.85595703125 0.47083926031294454 0.005859375 0.03556187766714083
0 0.89501953125 0.5405405405405406 0.005859375 0.015647226173541962
0 0.17626953125 0.47083926031294454 0.0078125 0.2631578947368421
0 0.11888136061946906 0.5308412744369894 0.006049502212389368 0.055388411233776844
