0 0.06640625 0.590066225165563 0.0087890625 0.16688741721854305
0 0.08154296875 0.4947019867549669 0.0078125 0.05033112582781457
0 0.3876953125 0.5635761589403974 0.0068359375 0.16158940397350993
0 0.5234375 0.4966887417218543 0.0068359375 0.054304635761589407
0 0.54052734375 0.5569536423841059 0.005859375 0.10066225165562914
0 0.61083984375 0.5417218543046357 0.005859375 0.04105960264900662
0 0.8193359375 0.6609271523178808 0.0068359375 0.25298013245033113
0 0.87939453125 0.5 0.0078125 0.06357615894039735
0 0.10107421875 0.5874172185430464 0.005859375 0.045033112582781455
0 0.34326171875 0.5655629139072847 0.01171875 0.030463576158940398
