0 0.080078125 0.4267425320056899 0.0087890625 0.14935988620199148
0 0.095703125 0.6088193456614509 0.0068359375 0.10668563300142248
0 0.10498046875 0.5583214793741109 0.005859375 0.06258890469416785
0 0.14599609375 0.6081081081081081 0.0078125 0.19914651493598862
0 0.23095703125 0.5860597439544808 0.005859375 0.08961593172119488
0 0.26513671875 0.5021337126600285 0.005859375 0.19487908961593173
0 0.3056640625 0.6792318634423897 0.0107421875 0.406827880512091
0 0.3330078125 0.4914651493598862 0.0087890625 0.3584637268847795
0 0.373046875 0.6813655761024182 0.0087890625 0.45092460881934565
0 0.435546875 0.5284495021337127 0.0068359375 0.06543385490753911
0 0.4853515625 0.5177809388335705 0.0126953125 0.14935988620199148
0 0.5107421875 0.5682788051209103 0.0087890625 0.27880512091038406
0 0.548828125 0.5277382645803699 0.0068359375 0.05263157894736842
0 0.56787109375 0.4096728307254623 0.0078125 0.19203413940256045
0 0.5947265625 0.569701280227596 0.0068359375 0.07965860597439545
0 0.6552734375 0.5078236130867709 0.0048828125 0.05263157894736842
0 0.71435546875 0.5526315789473685 0.005859375 0.05405405405405406
0 0.81201171875 0.49644381223328593 0.0078125 0.12944523470839261
0 0.828125 0.5554765291607396 0.0068359375 0.04551920341394026
0 0.88037109375 0.5362731152204836 0.052734375 0.14082503556187767
