0 0.15380859375 0.5708609271523178 0.0078125 0.14172185430463577
0 0.3369140625 0.5112582781456954 0.0068359375 0.0728476821192053
0 0.259765625 0.5576158940397351 0.0048828125 0.04370860927152318
0 0.49951171875 0.6033112582781457 0.005859375 0.06887417218543046
0 0.505859375 0.5410596026490067 0.0048828125 0.0423841059602649
0 0.697265625 0.5794701986754967 0.0068359375 0.09006622516556291
0 0.8466796875 0.5231788079470199 0.0068359375 0.0781456953642384
0 0.8955078125 0.623841059602649 0.0068359375 0.054304635761589407
0 0.4345703125 0.5609271523178808 0.0048828125 0.02913907284768212
0 0.49169921875 0.5443708609271524 0.005859375 0.03576158940397351
0 0.216796875 0.5350993377483444 0.0068359375 0.04105960264900662
0 0.712890625 0.5993377483443708 0.0126953125 0.0423841059602649
0 0.73779296875 0.590066225165563 0.005859375 0.045033112582781455
0 0.76708984375 0.5364238410596026 0.005859375 0.04370860927152318
