0 0.0673828125 0.5450331125827814 0.0107421875 0.10596026490066225
0 0.08740234375 0.5066225165562914 0.009765625 0.09271523178807947
0 0.1982421875 0.45298013245033114 0.0087890625 0.04105960264900662
0 0.17529296875 0.5847682119205299 0.0078125 0.1695364238410596
0 0.197265625 0.5437086092715232 0.0185546875 0.2251655629139073
0 0.27880859375 0.5264900662251656 0.0078125 0.11390728476821192
0 0.2958984375 0.49403973509933774 0.0068359375 0.04105960264900662
0 0.32373046875 0.590728476821192 0.005859375 0.06490066225165562
0 0.41455078125 0.47019867549668876 0.0078125 0.046357615894039736
0 0.42578125 0.6099337748344371 0.0068359375 0.09801324503311258
0 0.53857421875 0.6913907284768211 0.009765625 0.4304635761589404
0 0.51416015625 0.5463576158940397 0.005859375 0.03708609271523179
0 0.56689453125 0.5728476821192053 0.00390625 0.02384105960264901
0 0.623046875 0.5165562913907285 0.0068359375 0.07019867549668875
0 0.71630859375 0.4847682119205298 0.005859375 0.051655629139072845
0 0.81103515625 0.5576158940397351 0.0078125 0.059602649006622516
0 0.85107421875 0.5390728476821192 0.0078125 0.017218543046357615
0 0.87939453125 0.5483443708609271 0.005859375 0.017218543046357615
0 0.87255859375 0.5668874172185431 0.0078125 0.08874172185430464
0 0.14892578125 0.47019867549668876 0.03125 0.04370860927152318
