0 0.31378299120234604 0.5178807947019868 0.008797653958944282 0.0781456953642384
0 0.4208211143695015 0.5490066225165563 0.007820136852394917 0.04768211920529802
0 0.2262952101661779 0.543046357615894 0.005865102639296188 0.033112582781456956
0 0.25024437927663734 0.5456953642384106 0.006842619745845552 0.02781456953642384
0 0.5195503421309873 0.5086092715231788 0.013685239491691105 0.18410596026490067
0 0.6637341153470185 0.4463576158940397 0.006842619745845552 0.11258278145695365
0 0.6075268817204301 0.4642384105960265 0.005865102639296188 0.09801324503311258
0 0.7214076246334311 0.44834437086092715 0.016617790811339198 0.045033112582781455
0 0.7497556207233627 0.49271523178807947 0.006842619745845552 0.046357615894039736
0 0.7966764418377321 0.5357615894039736 0.008797653958944282 0.026490066225165563
