0 0.103515625 0.5896159317211949 0.0048828125 0.05405405405405406
0 0.10595703125 0.48577524893314367 0.005859375 0.02275960170697013
0 0.2099609375 0.5241820768136558 0.0048828125 0.02275960170697013
0 0.25537109375 0.5455192034139402 0.005859375 0.11379800853485064
0 0.29052734375 0.5796586059743954 0.005859375 0.09388335704125178
0 0.36083984375 0.5113798008534851 0.005859375 0.06258890469416785
0 0.43505859375 0.5768136557610242 0.005859375 0.06543385490753911
0 0.48583984375 0.5007112375533428 0.005859375 0.015647226173541962
0 0.50341796875 0.515647226173542 0.005859375 0.031294452347083924
0 0.681640625 0.5355618776671408 0.0048828125 0.01422475106685633
0 0.689453125 0.60099573257468 0.0068359375 0.05405405405405406
0 0.7373046875 0.612375533428165 0.0087890625 0.10241820768136557
0 0.78515625 0.4850640113798009 0.0048828125 0.02702702702702703
0 0.90185546875 0.5263157894736842 0.005859375 0.015647226173541962
