0 0.19384765625 0.6403973509933775 0.0078125 0.20132450331125828
0 0.1103515625 0.4814569536423841 0.0068359375 0.07152317880794702
0 0.48291015625 0.48874172185430464 0.005859375 0.059602649006622516
0 0.6494140625 0.5635761589403974 0.0068359375 0.07152317880794702
0 0.52392578125 0.5609271523178808 0.005859375 0.05562913907284768
0 0.83837890625 0.5973509933774834 0.0078125 0.14437086092715232
0 0.90087890625 0.5463576158940397 0.005859375 0.03443708609271523
0 0.7939453125 0.5821192052980132 0.0068359375 0.09536423841059603
0 0.74267578125 0.4695364238410596 0.005859375 0.039735099337748346
0 0.6162109375 0.5754966887417219 0.0048828125 0.0423841059602649
0 0.09588913690476192 0.5182907600126144 0.009300595238095233 0.11100599180069377
0 0.232421875 0.4960264900662252 0.0810546875 0.045033112582781455
0 0.22119140625 0.595364238410596 0.048828125 0.06622516556291391
0 0.6689453125 0.6026490066225165 0.0205078125 0.07019867549668875
