0 0.30303030303030304 0.5887417218543046 0.006842619745845552 0.12980132450331125
0 0.21114369501466276 0.5576158940397351 0.006842619745845552 0.051655629139072845
0 0.4359726295210166 0.43509933774834436 0.006842619745845552 0.07417218543046358
0 0.3333333333333333 0.4966887417218543 0.008797653958944282 0.025165562913907286
0 0.45943304007820135 0.5278145695364238 0.006842619745845552 0.08211920529801324
0 0.4858260019550342 0.509271523178808 0.006842619745845552 0.045033112582781455
0 0.5962854349951124 0.4377483443708609 0.010752688172043012 0.07682119205298013
0 0.5869990224828935 0.5708609271523178 0.007820136852394917 0.08874172185430464
0 0.37145650048875856 0.6205298013245033 0.006842619745845552 0.5695364238410596
0 0.8284457478005866 0.5589403973509933 0.007820136852394917 0.04370860927152318
0 0.8255131964809385 0.4774834437086093 0.005865102639296188 0.07947019867549669
0 0.7150537634408602 0.5026490066225165 0.005865102639296188 0.02913907284768212
0 0.8807429130009775 0.5410596026490067 0.04985337243401759 0.12185430463576159
