0 0.11767578125 0.6308677098150782 0.0078125 0.2930298719772404
0 0.18017578125 0.4829302987197724 0.005859375 0.05689900426742532
0 0.25927734375 0.47652916073968704 0.005859375 0.04694167852062589
0 0.26220703125 0.5654338549075392 0.005859375 0.025604551920341393
0 0.326171875 0.5199146514935988 0.0048828125 0.034139402560455195
0 0.36083984375 0.49288762446657186 0.0078125 0.08819345661450925
0 0.3955078125 0.484352773826458 0.0068359375 0.05689900426742532
0 0.46435546875 0.5405405405405406 0.0078125 0.07254623044096728
0 0.83740234375 0.4871977240398293 0.005859375 0.05405405405405406
0 0.853515625 0.49786628733997157 0.0068359375 0.03556187766714083
0 0.77880859375 0.5448079658605974 0.005859375 0.07254623044096728
0 0.52099609375 0.5561877667140825 0.005859375 0.049786628733997154
0 0.51025390625 0.5455192034139402 0.005859375 0.03698435277382646
0 0.6787109375 0.44950213371266 0.0361328125 0.10384068278805121
