0 0.0732421875 0.47155049786628733 0.0068359375 0.051209103840682786
0 0.080078125 0.5469416785206259 0.0068359375 0.05689900426742532
0 0.16259765625 0.5497866287339972 0.005859375 0.051209103840682786
0 0.32958984375 0.4850640113798009 0.005859375 0.04694167852062589
0 0.33642578125 0.5497866287339972 0.0078125 0.04836415362731152
0 0.35595703125 0.5625889046941679 0.0078125 0.24466571834992887
0 0.65673828125 0.5419630156472262 0.005859375 0.032716927453769556
0 0.7568359375 0.6073968705547653 0.0087890625 0.07823613086770982
0 0.87158203125 0.5554765291607396 0.0078125 0.10241820768136557
0 0.89013671875 0.581081081081081 0.005859375 0.04551920341394026
