0 0.068359375 0.5320056899004267 0.0107421875 0.10668563300142248
0 0.1962890625 0.5277382645803699 0.0068359375 0.09815078236130868
0 0.26220703125 0.4907539118065434 0.005859375 0.05547652916073969
0 0.29296875 0.5512091038406828 0.0048828125 0.01991465149359886
0 0.59912109375 0.531294452347084 0.0078125 0.051209103840682786
0 0.5126953125 0.5405405405405406 0.0048828125 0.015647226173541962
0 0.6064453125 0.5078236130867709 0.0087890625 0.06116642958748222
0 0.708984375 0.5362731152204836 0.0048828125 0.00995732574679943
0 0.44873046875 0.6081081081081081 0.01953125 0.03698435277382646
0 0.85595703125 0.48862019914651494 0.005859375 0.01991465149359886
0 0.75 0.465149359886202 0.0068359375 0.09815078236130868
