0 0.17041015625 0.5675675675675675 0.009765625 0.08392603129445235
0 0.21630859375 0.561877667140825 0.005859375 0.10099573257467995
0 0.2822265625 0.5903271692745377 0.0068359375 0.2802275960170697
0 0.42236328125 0.5241820768136558 0.005859375 0.03698435277382646
0 0.47412109375 0.46870554765291605 0.013671875 0.1763869132290185
0 0.61083984375 0.5519203413940256 0.005859375 0.03840682788051209
0 0.5849609375 0.4473684210526316 0.0107421875 0.13086770981507823
0 0.89794921875 0.5035561877667141 0.013671875 0.02418207681365576
0 0.87890625 0.5497866287339972 0.0068359375 0.034139402560455195
0 0.5466675884955752 0.5207706542126663 0.006049502212389424 0.10322385729931136
