0 0.13671875 0.5341394025604552 0.0068359375 0.031294452347083924
0 0.18408203125 0.519203413940256 0.009765625 0.07539118065433854
0 0.37158203125 0.534850640113798 0.005859375 0.041251778093883355
0 0.5078125 0.527027027027027 0.0068359375 0.05405405405405406
0 0.5146484375 0.5597439544807966 0.0087890625 0.06258890469416785
0 0.52197265625 0.5526315789473685 0.009765625 0.06543385490753911
0 0.53759765625 0.5640113798008535 0.005859375 0.04836415362731152
0 0.587890625 0.4743954480796586 0.0048828125 0.1337126600284495
0 0.71533203125 0.5334281650071123 0.0078125 0.03840682788051209
0 0.81640625 0.5021337126600285 0.0048828125 0.02418207681365576
0 0.88525390625 0.5092460881934566 0.005859375 0.032716927453769556
0 0.90283203125 0.5362731152204836 0.005859375 0.08108108108108109
0 0.84423828125 0.4800853485064011 0.005859375 0.05689900426742532
0 0.67724609375 0.5277382645803699 0.005859375 0.021337126600284494
0 0.72021484375 0.5704125177809388 0.017578125 0.0953058321479374
0 0.41455078125 0.5384068278805121 0.005859375 0.04267425320056899
