0 0.0888671875 0.49337748344370863 0.0068359375 0.0423841059602649
0 0.44970703125 0.6701986754966888 0.009765625 0.4304635761589404
0 0.74267578125 0.4768211920529801 0.0078125 0.08079470198675497
0 0.779296875 0.5741721854304636 0.0087890625 0.09801324503311258
0 0.7080078125 0.5682119205298013 0.0068359375 0.08874172185430464
0 0.68310546875 0.4774834437086093 0.0078125 0.07947019867549669
0 0.42724609375 0.5556291390728477 0.0078125 0.02384105960264901
0 0.3056640625 0.5006622516556292 0.0068359375 0.02781456953642384
0 0.86669921875 0.48344370860927155 0.005859375 0.06490066225165562
0 0.80419921875 0.4847682119205298 0.0078125 0.06225165562913907
0 0.82373046875 0.5490066225165563 0.005859375 0.0423841059602649
0 0.73681640625 0.5344370860927152 0.025390625 0.015894039735099338
