0 0.12841796875 0.5455192034139402 0.005859375 0.04267425320056899
0 0.14892578125 0.5462304409672831 0.005859375 0.06116642958748222
0 0.16650390625 0.4623044096728307 0.005859375 0.06116642958748222
0 0.17138671875 0.5832147937411095 0.005859375 0.032716927453769556
0 0.22705078125 0.5128022759601707 0.005859375 0.01422475106685633
0 0.26123046875 0.5633001422475107 0.00390625 0.029871977240398292
0 0.2548828125 0.5284495021337127 0.0068359375 0.059743954480796585
0 0.28369140625 0.5355618776671408 0.00390625 0.01991465149359886
0 0.29541015625 0.5526315789473685 0.005859375 0.02275960170697013
0 0.29345703125 0.47652916073968704 0.005859375 0.07254623044096728
0 0.326171875 0.5860597439544808 0.0087890625 0.2460881934566145
0 0.36083984375 0.5604551920341394 0.005859375 0.06401137980085349
0 0.396484375 0.5647226173541963 0.0048828125 0.02702702702702703
0 0.42236328125 0.566145092460882 0.005859375 0.03556187766714083
0 0.482421875 0.5362731152204836 0.0048828125 0.021337126600284494
0 0.49609375 0.5021337126600285 0.0048828125 0.029871977240398292
0 0.583984375 0.5931721194879089 0.0048828125 0.03556187766714083
0 0.6044921875 0.5412517780938834 0.0048828125 0.01422475106685633
0 0.83056640625 0.5739687055476529 0.005859375 0.034139402560455195
0 0.720703125 0.5405405405405406 0.0029296875 0.021337126600284494
0 0.83203125 0.49786628733997157 0.0068359375 0.03556187766714083
0 0.875 0.5128022759601707 0.0068359375 0.13086770981507823
0 0.75 0.5056899004267426 0.0048828125 0.01991465149359886
0 0.8955078125 0.5362731152204836 0.0068359375 0.021337126600284494
