0 0.07568359375 0.5476529160739687 0.005859375 0.0953058321479374
0 0.09716796875 0.4800853485064011 0.005859375 0.059743954480796585
0 0.103515625 0.5490753911806543 0.0068359375 0.05263157894736842
0 0.1455078125 0.5028449502133713 0.0068359375 0.059743954480796585
0 0.21484375 0.5284495021337127 0.0068359375 0.031294452347083924
0 0.30859375 0.484352773826458 0.0068359375 0.031294452347083924
0 0.37646484375 0.5078236130867709 0.005859375 0.06970128022759602
0 0.42919921875 0.5149359886201992 0.005859375 0.032716927453769556
0 0.4951171875 0.5199146514935988 0.0068359375 0.034139402560455195
0 0.501953125 0.5554765291607396 0.0048828125 0.05689900426742532
0 0.6982421875 0.47155049786628733 0.0048828125 0.051209103840682786
0 0.7666015625 0.5846372688477952 0.0048828125 0.10668563300142248
0 0.77783203125 0.5234708392603129 0.005859375 0.032716927453769556
0 0.89892578125 0.5462304409672831 0.005859375 0.032716927453769556
0 0.33349609375 0.5718349928876245 0.00390625 0.02418207681365576
0 0.28857421875 0.5761024182076814 0.005859375 0.05547652916073969
0 0.23095703125 0.46870554765291605 0.005859375 0.02275960170697013
0 0.35986328125 0.47083926031294454 0.0078125 0.049786628733997154
0 0.33154296875 0.4544807965860597 0.021484375 0.051209103840682786
0 0.34716796875 0.5 0.02734375 0.01991465149359886
