0 0.07568359375 0.5701986754966888 0.0078125 0.026490066225165563
0 0.134765625 0.5423841059602649 0.0068359375 0.03708609271523179
0 0.138671875 0.45827814569536424 0.0107421875 0.11788079470198676
0 0.150390625 0.552317880794702 0.0068359375 0.046357615894039736
0 0.3017578125 0.5721854304635762 0.0068359375 0.09668874172185431
0 0.4287109375 0.5754966887417219 0.0224609375 0.16158940397350993
0 0.55078125 0.5834437086092715 0.0068359375 0.07682119205298013
0 0.5986328125 0.5695364238410596 0.0068359375 0.06225165562913907
0 0.62109375 0.4913907284768212 0.0068359375 0.054304635761589407
0 0.81884765625 0.4410596026490066 0.005859375 0.15496688741721854
0 0.755859375 0.5642384105960265 0.0068359375 0.08079470198675497
0 0.7861328125 0.5642384105960265 0.0068359375 0.03576158940397351
0 0.87939453125 0.5496688741721855 0.0078125 0.04900662251655629
0 0.8371465773809523 0.5409965310627562 0.009300595238095233 0.11605171870072528
0 0.6957775297619049 0.5233364869126458 0.007440476190476164 0.17660044150110374
0 0.23121279761904762 0.5283822138126774 0.00651041666666663 0.06559444970040995
