0 0.1064453125 0.4822190611664296 0.0048828125 0.049786628733997154
0 0.2001953125 0.43385490753911804 0.0048828125 0.06116642958748222
0 0.1572265625 0.5825035561877667 0.0048828125 0.025604551920341393
0 0.20751953125 0.5718349928876245 0.005859375 0.08961593172119488
0 0.25634765625 0.6024182076813656 0.005859375 0.19914651493598862
0 0.3994140625 0.5981507823613087 0.0068359375 0.19914651493598862
0 0.4990234375 0.5825035561877667 0.0068359375 0.2361308677098151
0 0.5859375 0.5512091038406828 0.0068359375 0.13940256045519203
0 0.71240234375 0.5419630156472262 0.009765625 0.032716927453769556
0 0.80810546875 0.5604551920341394 0.005859375 0.06970128022759602
0 0.87646484375 0.5391180654338549 0.0546875 0.12091038406827881
