0 0.0673828125 0.5561877667140825 0.0087890625 0.09815078236130868
0 0.203125 0.5448079658605974 0.0068359375 0.029871977240398292
0 0.28173828125 0.5206258890469416 0.005859375 0.01849217638691323
0 0.462890625 0.5561877667140825 0.0068359375 0.03840682788051209
0 0.5634765625 0.4829302987197724 0.0068359375 0.07112375533428165
0 0.58740234375 0.5568990042674253 0.005859375 0.05689900426742532
0 0.6728515625 0.49359886201991465 0.0048828125 0.049786628733997154
0 0.7333984375 0.527027027027027 0.0068359375 0.059743954480796585
0 0.78271484375 0.6081081081081081 0.0078125 0.22475106685633
0 0.1513671875 0.4786628733997155 0.0263671875 0.034139402560455195
