0 0.10948191593352884 0.5135135135135135 0.006842619745845552 0.049786628733997154
0 0.12463343108504399 0.5796586059743954 0.005865102639296188 0.05405405405405406
0 0.14613880742913002 0.5725462304409673 0.005865102639296188 0.04551920341394026
0 0.20625610948191594 0.5483641536273115 0.006842619745845552 0.02275960170697013
0 0.37194525904203324 0.5469416785206259 0.005865102639296188 0.2361308677098151
0 0.5117302052785924 0.4950213371266003 0.005865102639296188 0.05263157894736842
0 0.5478983382209188 0.4665718349928876 0.005865102639296188 0.044096728307254626
0 0.5889540566959922 0.5889046941678521 0.005865102639296188 0.029871977240398292
0 0.6011730205278593 0.5241820768136558 0.006842619745845552 0.08534850640113797
0 0.6920821114369502 0.5476529160739687 0.004887585532746823 0.015647226173541962
0 0.7228739002932552 0.5078236130867709 0.007820136852394917 0.015647226173541962
0 0.7302052785923754 0.5391180654338549 0.004887585532746823 0.021337126600284494
0 0.864613880742913 0.5704125177809388 0.02737047898338221 0.07539118065433854
0 0.26383878753276413 0.5352471707851306 0.00432529693163434 0.19008295673409784
