0 0.08837890625 0.5120910384068279 0.005859375 0.09815078236130868
0 0.18212890625 0.5256045519203414 0.005859375 0.07112375533428165
0 0.19775390625 0.4879089615931721 0.005859375 0.06685633001422475
0 0.28759765625 0.5526315789473685 0.0078125 0.2930298719772404
0 0.3642578125 0.44950213371266 0.0068359375 0.12375533428165007
0 0.3447265625 0.5547652916073968 0.0048828125 0.03840682788051209
0 0.6298828125 0.5753911806543386 0.0087890625 0.10810810810810811
0 0.66064453125 0.5497866287339972 0.0078125 0.03698435277382646
0 0.68115234375 0.44096728307254623 0.005859375 0.06970128022759602
0 0.78466796875 0.60099573257468 0.013671875 0.059743954480796585
0 0.89306640625 0.5220483641536273 0.005859375 0.02418207681365576
0 0.8212890625 0.531294452347084 0.0068359375 0.034139402560455195
0 0.4072265625 0.5689900426742532 0.0048828125 0.029871977240398292
0 0.37890625 0.5497866287339972 0.0048828125 0.02275960170697013
0 0.55322265625 0.5554765291607396 0.009765625 0.3669985775248933
0 0.568359375 0.6806543385490754 0.0087890625 0.42105263157894735
0 0.71484375 0.49359886201991465 0.0068359375 0.05263157894736842
0 0.3369140625 0.5960170697012802 0.0048828125 0.041251778093883355
