0 0.1767578125 0.47549668874172185 0.0068359375 0.04105960264900662
0 0.2421875 0.4463576158940397 0.0048828125 0.033112582781456956
0 0.29345703125 0.5708609271523178 0.005859375 0.08344370860927153
0 0.31884765625 0.5668874172185431 0.005859375 0.08609271523178808
0 0.3603515625 0.4960264900662252 0.0068359375 0.039735099337748346
0 0.4794921875 0.5 0.0087890625 0.031788079470198675
0 0.50732421875 0.4589403973509934 0.005859375 0.018543046357615896
0 0.58642578125 0.5311258278145695 0.005859375 0.011920529801324504
0 0.71337890625 0.5059602649006623 0.005859375 0.07549668874172186
0 0.74072265625 0.5450331125827814 0.005859375 0.015894039735099338
0 0.7509765625 0.49337748344370863 0.0107421875 0.018543046357615896
0 0.7978515625 0.5278145695364238 0.0048828125 0.010596026490066225
0 0.8837890625 0.5264900662251656 0.0087890625 0.007947019867549669
0 0.40187872023809523 0.533427940712709 0.007440476190476164 0.055502995900346845
