0 0.08064516129032258 0.5311258278145695 0.007820136852394917 0.046357615894039736
0 0.09481915933528837 0.4900662251655629 0.004887585532746823 0.04370860927152318
0 0.16471163245356793 0.5675496688741721 0.011730205278592375 0.08741721854304636
0 0.1627565982404692 0.4880794701986755 0.009775171065493646 0.05827814569536424
0 0.28983382209188663 0.5006622516556292 0.007820136852394917 0.038410596026490065
0 0.35043988269794724 0.47152317880794703 0.007820136852394917 0.0781456953642384
0 0.5102639296187683 0.6013245033112583 0.006842619745845552 0.12847682119205298
0 0.520039100684262 0.46622516556291393 0.006842619745845552 0.07019867549668875
0 0.6319648093841642 0.5649006622516556 0.005865102639296188 0.07947019867549669
0 0.6417399804496579 0.49801324503311256 0.007820136852394917 0.04370860927152318
0 0.8142717497556208 0.633112582781457 0.006842619745845552 0.2980132450331126
0 0.8137829912023461 0.433112582781457 0.005865102639296188 0.07019867549668875
0 0.8284457478005866 0.5642384105960265 0.005865102639296188 0.0781456953642384
0 0.7473118279569892 0.4774834437086093 0.005865102639296188 0.04768211920529802
0 0.426197458455523 0.5423841059602649 0.006842619745845552 0.031788079470198675
0 0.855327468230694 0.48344370860927155 0.006842619745845552 0.051655629139072845
0 0.7986314760508308 0.44834437086092715 0.004887585532746823 0.0423841059602649
0 0.9022482893450635 0.5397350993377483 0.006842619745845552 0.02119205298013245
0 0.21994134897360704 0.5490066225165563 0.004887585532746823 0.031788079470198675
0 0.10801564027370479 0.5397350993377483 0.005865102639296188 0.026490066225165563
0 0.7174975562072337 0.49271523178807947 0.007820136852394917 0.05033112582781457
0 0.7209188660801564 0.5509933774834437 0.01466275659824047 0.04768211920529802
0 0.6608015640273704 0.5006622516556292 0.007820136852394917 0.039735099337748346
0 0.6642228739002932 0.5357615894039736 0.016617790811339198 0.025165562913907286
