0 0.18505859375 0.5170697012802276 0.00390625 0.06543385490753911
0 0.29345703125 0.5092460881934566 0.005859375 0.08108108108108109
0 0.376953125 0.492176386913229 0.0068359375 0.05547652916073969
0 0.4599609375 0.4359886201991465 0.0068359375 0.09672830725462304
0 0.47607421875 0.4438122332859175 0.005859375 0.04694167852062589
0 0.5478515625 0.5832147937411095 0.0068359375 0.044096728307254626
0 0.60888671875 0.5284495021337127 0.005859375 0.05405405405405406
0 0.64111328125 0.5206258890469416 0.005859375 0.07254623044096728
0 0.7490234375 0.5455192034139402 0.0048828125 0.06258890469416785
0 0.88671875 0.5362731152204836 0.0107421875 0.03840682788051209
