0 0.09033203125 0.5655629139072847 0.005859375 0.08609271523178808
0 0.1171875 0.5589403973509933 0.0068359375 0.06225165562913907
0 0.19384765625 0.5993377483443708 0.005859375 0.08211920529801324
0 0.22265625 0.5172185430463576 0.0068359375 0.06357615894039735
0 0.4345703125 0.5079470198675496 0.0068359375 0.09006622516556291
0 0.46923828125 0.5423841059602649 0.005859375 0.11920529801324503
0 0.5595703125 0.47880794701986756 0.0068359375 0.05562913907284768
0 0.53076171875 0.5569536423841059 0.005859375 0.04768211920529802
0 0.6416015625 0.4695364238410596 0.0068359375 0.08211920529801324
0 0.83935546875 0.5019867549668874 0.005859375 0.12317880794701987
0 0.82470703125 0.5649006622516556 0.005859375 0.0847682119205298
0 0.88671875 0.5350993377483444 0.0068359375 0.025165562913907286
0 0.73046875 0.5556291390728477 0.0126953125 0.052980132450331126
