0 0.19482421875 0.4615931721194879 0.005859375 0.08819345661450925
0 0.44482421875 0.5405405405405406 0.005859375 0.08392603129445235
0 0.39892578125 0.47368421052631576 0.005859375 0.049786628733997154
0 0.50439453125 0.542674253200569 0.005859375 0.031294452347083924
0 0.53271484375 0.4516358463726885 0.005859375 0.09957325746799431
0 0.54541015625 0.519203413940256 0.005859375 0.10384068278805121
0 0.57763671875 0.5234708392603129 0.005859375 0.049786628733997154
0 0.82861328125 0.5078236130867709 0.005859375 0.08677098150782361
0 0.85986328125 0.5341394025604552 0.005859375 0.09672830725462304
0 0.6689453125 0.3506401137980085 0.0068359375 0.33001422475106684
0 0.63232421875 0.5170697012802276 0.0361328125 0.08677098150782361
