0 0.0859375 0.45305832147937414 0.0068359375 0.13086770981507823
0 0.103515625 0.5533428165007113 0.0048828125 0.05832147937411095
0 0.16259765625 0.515647226173542 0.005859375 0.18492176386913228
0 0.26904296875 0.5341394025604552 0.005859375 0.10526315789473684
0 0.28857421875 0.5469416785206259 0.005859375 0.04836415362731152
0 0.37060546875 0.5803698435277382 0.0078125 0.112375533428165
0 0.61181640625 0.5576102418207681 0.005859375 0.06401137980085349
0 0.71630859375 0.5953058321479374 0.0078125 0.03698435277382646
0 0.7450048396017699 0.5465766185374942 0.005185287610619427 0.06671785898614027
0 0.6748046875 0.4864864864864865 0.0048828125 0.01849217638691323
0 0.08544921875 0.604551920341394 0.005859375 0.16358463726884778
