0 0.1689453125 0.534850640113798 0.0068359375 0.08677098150782361
0 0.26171875 0.5497866287339972 0.0048828125 0.04267425320056899
0 0.29443359375 0.5803698435277382 0.0078125 0.10953058321479374
0 0.318359375 0.5640113798008535 0.0068359375 0.15647226173541964
0 0.35888671875 0.5440967283072546 0.005859375 0.02844950213371266
0 0.43701171875 0.4793741109530583 0.00390625 0.032716927453769556
0 0.5859375 0.5384068278805121 0.0068359375 0.034139402560455195
0 0.73974609375 0.5369843527738265 0.005859375 0.01422475106685633
0 0.75048828125 0.4971550497866287 0.005859375 0.011379800853485065
0 0.79736328125 0.5483641536273115 0.005859375 0.01991465149359886
