0 0.10107421875 0.7655629139072848 0.0078125 0.10993377483443709
0 0.123046875 0.6980132450331126 0.0087890625 0.08344370860927153
0 0.1416015625 0.7754966887417218 0.0068359375 0.13245033112582782
0 0.28076171875 0.7278145695364239 0.005859375 0.0423841059602649
0 0.34716796875 0.7112582781456953 0.0078125 0.051655629139072845
0 0.6201171875 0.7774834437086092 0.0087890625 0.1947019867549669
0 0.7119140625 0.8403973509933775 0.0126953125 0.1456953642384106
0 0.80419921875 0.7774834437086092 0.0078125 0.10728476821192053
0 0.7470703125 0.7350993377483444 0.0068359375 0.06225165562913907
0 0.67333984375 0.7165562913907285 0.0048828125 0.06357615894039735
0 0.685546875 0.7821192052980133 0.00390625 0.04105960264900662
0 0.68798828125 0.6662251655629139 0.0029296875 0.010596026490066225
0 0.6875 0.733112582781457 0.005859375 0.038410596026490065
