0 0.3642578125 0.44594594594594594 0.0068359375 0.09672830725462304
0 0.2275390625 0.5889046941678521 0.0048828125 0.03840682788051209
0 0.23828125 0.5519203413940256 0.0048828125 0.02702702702702703
0 0.2548828125 0.5412517780938834 0.0048828125 0.031294452347083924
0 0.39404296875 0.5014224751066856 0.005859375 0.02844950213371266
0 0.5537109375 0.5305832147937412 0.0068359375 0.23470839260312945
0 0.6328125 0.4743954480796586 0.0068359375 0.051209103840682786
0 0.67236328125 0.4644381223328592 0.005859375 0.11095305832147938
0 0.7861328125 0.6031294452347084 0.0185546875 0.08392603129445235
0 0.85009765625 0.48933143669985774 0.005859375 0.05547652916073969
0 0.5704334900442477 0.5566472387618172 0.008642146017699082 0.26561260841652085
0 0.7584001659292035 0.4911882073037173 0.009506360619468968 0.3008597792016516
0 0.6328125 0.542674253200569 0.0517578125 0.09388335704125178
