0 0.11181640625 0.5263157894736842 0.0078125 0.2034139402560455
0 0.13330078125 0.46870554765291605 0.0078125 0.07965860597439545
0 0.3583984375 0.4850640113798009 0.0068359375 0.05263157894736842
0 0.7568359375 0.5327169274537695 0.0068359375 0.13655761024182078
0 0.814453125 0.5334281650071123 0.0068359375 0.18349928876244664
0 0.68359375 0.5042674253200569 0.0048828125 0.08250355618776671
0 0.69970703125 0.49288762446657186 0.005859375 0.05689900426742532
0 0.6298828125 0.5021337126600285 0.0126953125 0.06685633001422475
0 0.19091796875 0.3833570412517781 0.005859375 0.08534850640113797
0 0.26611328125 0.4971550497866287 0.005859375 0.07112375533428165
