0 0.177734375 0.5384105960264901 0.0068359375 0.03443708609271523
0 0.22802734375 0.5781456953642384 0.0078125 0.06887417218543046
0 0.3515625 0.5456953642384106 0.0068359375 0.046357615894039736
0 0.2578125 0.5569536423841059 0.0068359375 0.06622516556291391
0 0.34326171875 0.5509933774834437 0.005859375 0.033112582781456956
0 0.37841796875 0.4198675496688742 0.005859375 0.0728476821192053
0 0.435546875 0.5364238410596026 0.0087890625 0.03576158940397351
0 0.4638671875 0.5364238410596026 0.0068359375 0.030463576158940398
0 0.59912109375 0.5410596026490067 0.005859375 0.039735099337748346
0 0.64990234375 0.5549668874172186 0.005859375 0.06490066225165562
0 0.6669921875 0.5443708609271524 0.0068359375 0.04105960264900662
0 0.7041015625 0.4589403973509934 0.0068359375 0.05562913907284768
0 0.66845703125 0.4596026490066225 0.037109375 0.10993377483443709
