0 0.16357421875 0.5583214793741109 0.005859375 0.04267425320056899
0 0.1845703125 0.5440967283072546 0.0048828125 0.025604551920341393
0 0.27392578125 0.5455192034139402 0.005859375 0.017069701280227598
0 0.29931640625 0.4779516358463727 0.005859375 0.05832147937411095
0 0.48486328125 0.4800853485064011 0.005859375 0.05405405405405406
0 0.48486328125 0.5327169274537695 0.005859375 0.025604551920341393
0 0.65771484375 0.5412517780938834 0.00390625 0.011379800853485065
0 0.83447265625 0.5035561877667141 0.005859375 0.09246088193456614
0 0.80224609375 0.5369843527738265 0.005859375 0.01991465149359886
0 0.76416015625 0.49359886201991465 0.00390625 0.029871977240398292
0 0.54345703125 0.48364153627311524 0.005859375 0.015647226173541962
0 0.57861328125 0.5938833570412517 0.0078125 0.06827880512091039
