0 0.1279296875 0.5483641536273115 0.0087890625 0.17354196301564723
0 0.17236328125 0.5 0.005859375 0.03982930298719772
0 0.1689453125 0.5462304409672831 0.0107421875 0.044096728307254626
0 0.20458984375 0.531294452347084 0.005859375 0.14793741109530584
0 0.25732421875 0.46870554765291605 0.0078125 0.21052631578947367
0 0.31103515625 0.4665718349928876 0.00390625 0.03556187766714083
0 0.51025390625 0.46301564722617355 0.005859375 0.07681365576102418
0 0.62890625 0.4779516358463727 0.0068359375 0.05263157894736842
0 0.8125 0.6024182076813656 0.0068359375 0.22759601706970128
0 0.78173828125 0.4864864864864865 0.005859375 0.03556187766714083
0 0.84521484375 0.5227596017069701 0.0078125 0.06258890469416785
0 0.87353515625 0.4359886201991465 0.005859375 0.08250355618776671
0 0.90380859375 0.6017069701280228 0.005859375 0.09246088193456614
0 0.529383296460177 0.5308412744369894 0.004321073008849541 0.11832978763579607
