0 0.2744140625 0.48933143669985774 0.0068359375 0.08961593172119488
0 0.498046875 0.5078236130867709 0.0068359375 0.19203413940256045
0 0.52587890625 0.5369843527738265 0.005859375 0.10810810810810811
0 0.650390625 0.5483641536273115 0.0068359375 0.12802275960170698
0 0.81640625 0.484352773826458 0.0068359375 0.06543385490753911
0 0.84033203125 0.6095305832147937 0.005859375 0.17354196301564723
0 0.86181640625 0.5220483641536273 0.0078125 0.05547652916073969
0 0.11328125 0.5106685633001422 0.0087890625 0.24893314366998578
0 0.20263671875 0.6251778093883357 0.01953125 0.01422475106685633
0 0.216796875 0.4971550497866287 0.0380859375 0.03982930298719772
