0 0.298828125 0.4879089615931721 0.0068359375 0.06401137980085349
0 0.48583984375 0.5369843527738265 0.005859375 0.02275960170697013
0 0.50048828125 0.5220483641536273 0.005859375 0.05263157894736842
0 0.59130859375 0.5654338549075392 0.005859375 0.02275960170697013
0 0.76513671875 0.492176386913229 0.005859375 0.049786628733997154
0 0.76806640625 0.6031294452347084 0.009765625 0.1465149359886202
0 0.794921875 0.5064011379800853 0.0107421875 0.06401137980085349
0 0.826171875 0.5384068278805121 0.0068359375 0.04267425320056899
0 0.8359375 0.4800853485064011 0.0068359375 0.03698435277382646
0 0.86767578125 0.5675675675675675 0.005859375 0.015647226173541962
0 0.8818359375 0.5768136557610242 0.0048828125 0.03982930298719772
