0 0.1083984375 0.519203413940256 0.0087890625 0.049786628733997154
0 0.3330078125 0.5362731152204836 0.0107421875 0.155049786628734
0 0.30908203125 0.5455192034139402 0.005859375 0.034139402560455195
0 0.3173828125 0.5974395448079659 0.0048828125 0.05832147937411095
0 0.44140625 0.4850640113798009 0.0068359375 0.04694167852062589
0 0.478515625 0.4566145092460882 0.0048828125 0.05263157894736842
0 0.548828125 0.4694167852062589 0.0048828125 0.06685633001422475
0 0.6005859375 0.5490753911806543 0.0048828125 0.05263157894736842
0 0.7890625 0.5440967283072546 0.0068359375 0.025604551920341393
0 0.76953125 0.5512091038406828 0.0068359375 0.034139402560455195
0 0.8603515625 0.5448079658605974 0.0146484375 0.08392603129445235
