0 0.1689453125 0.5625889046941679 0.0068359375 0.06827880512091039
0 0.263671875 0.5021337126600285 0.0048828125 0.10668563300142248
0 0.27783203125 0.5796586059743954 0.005859375 0.03982930298719772
0 0.5107421875 0.542674253200569 0.0068359375 0.08534850640113797
0 0.6298828125 0.5327169274537695 0.0068359375 0.10810810810810811
0 0.78076171875 0.4829302987197724 0.0078125 0.09672830725462304
0 0.75390625 0.6258890469416786 0.0068359375 0.05263157894736842
0 0.87353515625 0.47155049786628733 0.005859375 0.05405405405405406
0 0.64697265625 0.5199146514935988 0.009765625 0.11095305832147938
0 0.3418487278761062 0.4899293797756769 0.009506360619469023 0.10196502977127102
0 0.7946971792035398 0.5616825488739787 0.006049502212389424 0.0440589634814134
0 0.7415479811946901 0.5182529991565855 0.005185287610619427 0.03776482584121143
0 0.3984375 0.4822190611664296 0.0048828125 0.06116642958748222
0 0.43212890625 0.5753911806543386 0.00390625 0.03982930298719772
0 0.416015625 0.5014224751066856 0.0048828125 0.031294452347083924
