0 0.1689453125 0.4971550497866287 0.0068359375 0.034139402560455195
0 0.17919921875 0.5142247510668563 0.009765625 0.11379800853485064
0 0.20458984375 0.5497866287339972 0.005859375 0.12233285917496443
0 0.23046875 0.5732574679943101 0.0068359375 0.18634423897581792
0 0.38427734375 0.5241820768136558 0.009765625 0.034139402560455195
0 0.43310546875 0.6145092460881935 0.009765625 0.2375533428165007
0 0.505859375 0.5263157894736842 0.0048828125 0.05263157894736842
0 0.4912109375 0.49359886201991465 0.0048828125 0.041251778093883355
0 0.67138671875 0.569701280227596 0.005859375 0.07681365576102418
0 0.86669921875 0.5142247510668563 0.005859375 0.051209103840682786
0 0.5693359375 0.5071123755334281 0.0068359375 0.031294452347083924
0 0.6062983960176991 0.5289530331449288 0.006049502212389424 0.028953033144928846
0 0.400390625 0.5704125177809388 0.0048828125 0.02702702702702703
0 0.55029296875 0.5320056899004267 0.005859375 0.021337126600284494
0 0.8994140625 0.4907539118065434 0.0048828125 0.03556187766714083
