0 0.439453125 0.5490753911806543 0.0068359375 0.112375533428165
0 0.4580078125 0.49359886201991465 0.0068359375 0.04694167852062589
0 0.22021484375 0.49857752489331436 0.005859375 0.09957325746799431
0 0.5517578125 0.457325746799431 0.0068359375 0.09957325746799431
0 0.58447265625 0.527027027027027 0.009765625 0.25604551920341395
0 0.74267578125 0.48079658605974396 0.005859375 0.07254623044096728
0 0.7587890625 0.5298719772403983 0.0068359375 0.06543385490753911
0 0.64306640625 0.5576102418207681 0.005859375 0.04694167852062589
0 0.85986328125 0.5874822190611664 0.046875 0.16358463726884778
0 0.23727876106194695 0.5151059303364847 0.007777931415929196 0.16742406122937095
