0 0.14501953125 0.4602649006622517 0.0078125 0.10860927152317881
0 0.1591796875 0.4913907284768212 0.0068359375 0.051655629139072845
0 0.23583984375 0.4543046357615894 0.005859375 0.05695364238410596
0 0.2802734375 0.5867549668874172 0.0048828125 0.03576158940397351
0 0.40283203125 0.5125827814569537 0.0078125 0.05695364238410596
0 0.52734375 0.5602649006622517 0.0068359375 0.017218543046357615
0 0.66455078125 0.5503311258278145 0.005859375 0.031788079470198675
0 0.7060546875 0.5357615894039736 0.0048828125 0.07682119205298013
0 0.73095703125 0.49933774834437084 0.00390625 0.030463576158940398
0 0.80224609375 0.5847682119205299 0.005859375 0.03443708609271523
0 0.85986328125 0.5761589403973509 0.005859375 0.017218543046357615
