0 0.07575757575757576 0.5536423841059602 0.007820136852394917 0.046357615894039736
0 0.10312805474095797 0.5443708609271524 0.007820136852394917 0.04105960264900662
0 0.0967741935483871 0.48079470198675495 0.004887585532746823 0.04105960264900662
0 0.1217008797653959 0.5437086092715232 0.005865102639296188 0.03443708609271523
0 0.14516129032258066 0.5258278145695364 0.007820136852394917 0.059602649006622516
0 0.3592375366568915 0.44966887417218543 0.005865102639296188 0.08741721854304636
0 0.3763440860215054 0.5403973509933775 0.006842619745845552 0.03576158940397351
0 0.49364613880742914 0.4814569536423841 0.006842619745845552 0.07417218543046358
0 0.7781036168132942 0.49801324503311256 0.006842619745845552 0.038410596026490065
0 0.8988269794721407 0.5509933774834437 0.007820136852394917 0.038410596026490065
0 0.7658846529814272 0.48079470198675495 0.007820136852394917 0.07019867549668875
0 0.7678396871945259 0.5450331125827814 0.005865102639296188 0.02913907284768212
0 0.3333333333333333 0.46556291390728477 0.059628543499511244 0.10331125827814569
