0 0.357421875 0.6701986754966888 0.0068359375 0.1576158940397351
0 0.3583984375 0.5490066225165563 0.0048828125 0.05562913907284768
0 0.45849609375 0.6013245033112583 0.005859375 0.04370860927152318
0 0.5869140625 0.5920529801324503 0.0048828125 0.019867549668874173
0 0.5986328125 0.5973509933774834 0.0048828125 0.033112582781456956
0 0.7568359375 0.5973509933774834 0.0068359375 0.017218543046357615
0 0.865234375 0.5529801324503312 0.0048828125 0.0423841059602649
0 0.6220703125 0.6079470198675496 0.0068359375 0.019867549668874173
0 0.732421875 0.5298013245033113 0.0048828125 0.06225165562913907
0 0.7373046875 0.628476821192053 0.037109375 0.08874172185430464
