0 0.08064516129032258 0.5364238410596026 0.005865102639296188 0.030463576158940398
0 0.16715542521994134 0.5741721854304636 0.006842619745845552 0.10331125827814569
0 0.16177908113391984 0.49271523178807947 0.007820136852394917 0.04900662251655629
0 0.28983382209188663 0.49403973509933774 0.007820136852394917 0.051655629139072845
0 0.35043988269794724 0.47218543046357614 0.007820136852394917 0.07682119205298013
0 0.520039100684262 0.46357615894039733 0.006842619745845552 0.07019867549668875
0 0.6324535679374389 0.6033112582781457 0.006842619745845552 0.15894039735099338
0 0.6422287390029325 0.4960264900662252 0.006842619745845552 0.04768211920529802
0 0.8137829912023461 0.6470198675496689 0.007820136852394917 0.3258278145695364
0 0.8281664571987153 0.5258593503626616 0.0037238746916166696 0.07568590350047306
0 0.7199413489736071 0.49933774834437084 0.010752688172043012 0.039735099337748346
0 0.7209188660801564 0.5503311258278145 0.01466275659824047 0.046357615894039736
0 0.855327468230694 0.47880794701986756 0.006842619745845552 0.045033112582781455
0 0.9022482893450635 0.5397350993377483 0.006842619745845552 0.018543046357615896
0 0.7986314760508308 0.44370860927152317 0.004887585532746823 0.04900662251655629
0 0.10801564027370479 0.5423841059602649 0.005865102639296188 0.026490066225165563
0 0.21945259042033236 0.5490066225165563 0.005865102639296188 0.0423841059602649
0 0.7473118279569892 0.4695364238410596 0.005865102639296188 0.060927152317880796
