0 0.11669921875 0.6571834992887624 0.009765625 0.2716927453769559
0 0.1708984375 0.5725462304409673 0.0087890625 0.09388335704125178
0 0.22900390625 0.4900426742532006 0.005859375 0.04836415362731152
0 0.353515625 0.4594594594594595 0.0087890625 0.11522048364153627
0 0.35498046875 0.542674253200569 0.005859375 0.03698435277382646
0 0.28955078125 0.49644381223328593 0.005859375 0.02418207681365576
0 0.39794921875 0.4879089615931721 0.005859375 0.044096728307254626
0 0.6669921875 0.4751066856330014 0.0126953125 0.05547652916073969
0 0.67919921875 0.41536273115220484 0.0234375 0.01849217638691323
0 0.6689453125 0.5789473684210527 0.0048828125 0.08108108108108109
0 0.689453125 0.45874822190611664 0.0048828125 0.05689900426742532
0 0.83740234375 0.5007112375533428 0.0078125 0.032716927453769556
0 0.8525390625 0.49857752489331436 0.0068359375 0.03698435277382646
0 0.49853515625 0.5440967283072546 0.005859375 0.025604551920341393
0 0.48012306415929207 0.45719986404662694 0.006049502212389368 0.11958861516383643
