0 0.07380254154447703 0.5355618776671408 0.009775171065493646 0.05689900426742532
0 0.12463343108504399 0.4694167852062589 0.005865102639296188 0.08961593172119488
0 0.17644183773216032 0.6493598862019915 0.007820136852394917 0.2332859174964438
0 0.20087976539589442 0.6635846372688478 0.013685239491691105 0.45519203413940257
0 0.2350928641251222 0.5035561877667141 0.005865102639296188 0.02702702702702703
0 0.27956989247311825 0.5128022759601707 0.008797653958944282 0.08250355618776671
0 0.34457478005865105 0.5711237553342816 0.005865102639296188 0.06258890469416785
0 0.35826001955034215 0.581081081081081 0.007820136852394917 0.11095305832147938
0 0.4286412512218964 0.5412517780938834 0.005865102639296188 0.034139402560455195
0 0.478494623655914 0.5540540540540541 0.005865102639296188 0.025604551920341393
0 0.5391006842619745 0.5085348506401138 0.007820136852394917 0.1678520625889047
0 0.6041055718475073 0.5184921763869133 0.002932551319648094 0.031294452347083924
0 0.6109481915933529 0.5 0.006842619745845552 0.1678520625889047
0 0.6500488758553274 0.5675675675675675 0.006842619745845552 0.032716927453769556
0 0.6466275659824047 0.4957325746799431 0.007820136852394917 0.04267425320056899
0 0.7023460410557185 0.5199146514935988 0.005865102639296188 0.04267425320056899
0 0.7336265884652982 0.5412517780938834 0.005865102639296188 0.01991465149359886
0 0.7673509286412512 0.492176386913229 0.006842619745845552 0.05547652916073969
0 0.7785923753665689 0.5412517780938834 0.0039100684261974585 0.01991465149359886
0 0.8787878787878788 0.5597439544807966 0.006842619745845552 0.06258890469416785
0 0.8885630498533724 0.5056899004267426 0.006842619745845552 0.02844950213371266
0 0.15004887585532747 0.48079658605974396 0.03128054740957967 0.05547652916073969
