0 0.1241446725317693 0.5966887417218543 0.006842619745845552 0.14304635761589404
0 0.25317693059628543 0.4821192052980132 0.006842619745845552 0.07019867549668875
0 0.36314760508308896 0.43178807947019865 0.007820136852394917 0.12582781456953643
0 0.39345063538611924 0.5278145695364238 0.009775171065493646 0.10066225165562914
0 0.5664711632453568 0.6947019867549669 0.007820136852394917 0.2913907284768212
0 0.6280547409579668 0.6039735099337749 0.011730205278592375 0.32450331125827814
0 0.6026392961876833 0.5390728476821192 0.013685239491691105 0.02781456953642384
0 0.6598240469208211 0.5417218543046357 0.006842619745845552 0.019867549668874173
0 0.6720430107526881 0.4549668874172185 0.005865102639296188 0.07417218543046358
0 0.7575757575757576 0.4768211920529801 0.006842619745845552 0.0728476821192053
0 0.7121212121212122 0.5 0.005865102639296188 0.03443708609271523
0 0.7839687194525904 0.5821192052980132 0.01857282502443793 0.10331125827814569
0 0.820136852394917 0.5423841059602649 0.006842619745845552 0.02119205298013245
0 0.5521342456826329 0.5018921475875119 0.008378718056137395 0.09082308420056762
