0 0.16162109375 0.5462304409672831 0.005859375 0.0953058321479374
0 0.31396484375 0.5284495021337127 0.005859375 0.11948790896159317
0 0.34521484375 0.4864864864864865 0.005859375 0.05832147937411095
0 0.44921875 0.5234708392603129 0.0068359375 0.029871977240398292
0 0.70556640625 0.48933143669985774 0.0078125 0.041251778093883355
0 0.7470703125 0.49857752489331436 0.0048828125 0.07396870554765292
0 0.83642578125 0.5078236130867709 0.005859375 0.06401137980085349
0 0.88916015625 0.48577524893314367 0.01171875 0.04267425320056899
0 0.1376953125 0.5412517780938834 0.0048828125 0.02844950213371266
0 0.5703125 0.5305832147937412 0.0048828125 0.021337126600284494
0 0.720703125 0.5817923186344239 0.0166015625 0.05263157894736842
0 0.7861328125 0.5199146514935988 0.0849609375 0.051209103840682786
0 0.818359375 0.5263157894736842 0.0048828125 0.01849217638691323
