0 0.15625 0.534850640113798 0.0126953125 0.17496443812233287
0 0.24658203125 0.5476529160739687 0.005859375 0.06401137980085349
0 0.279296875 0.5341394025604552 0.0048828125 0.06543385490753911
0 0.35986328125 0.45519203413940257 0.005859375 0.04694167852062589
0 0.4755859375 0.5049786628733998 0.0048828125 0.03556187766714083
0 0.814453125 0.46372688477951635 0.0068359375 0.11522048364153627
0 0.83984375 0.49431009957325744 0.0107421875 0.06543385490753911
0 0.54345703125 0.4879089615931721 0.0078125 0.05263157894736842
0 0.5751953125 0.5398293029871978 0.0068359375 0.031294452347083924
0 0.33447265625 0.4523470839260313 0.033203125 0.041251778093883355
0 0.78173828125 0.5384068278805121 0.005859375 0.017069701280227598
