0 0.3035190615835777 0.5880794701986755 0.007820136852394917 0.12847682119205298
0 0.43548387096774194 0.43112582781456954 0.007820136852394917 0.07682119205298013
0 0.3998044965786901 0.49205298013245036 0.006842619745845552 0.05033112582781457
0 0.45894428152492667 0.5152317880794702 0.007820136852394917 0.06225165562913907
0 0.5948191593352884 0.43443708609271525 0.007820136852394917 0.0728476821192053
0 0.5869990224828935 0.5701986754966888 0.007820136852394917 0.09006622516556291
0 0.7150537634408602 0.5026490066225165 0.005865102639296188 0.02913907284768212
0 0.4858260019550342 0.5039735099337749 0.006842619745845552 0.02913907284768212
0 0.21114369501466276 0.5701986754966888 0.006842619745845552 0.0423841059602649
0 0.5948191593352884 0.5006622516556292 0.005865102639296188 0.030463576158940398
0 0.8255131964809385 0.4860927152317881 0.005865102639296188 0.06490066225165562
0 0.8284457478005866 0.5516556291390728 0.005865102639296188 0.02384105960264901
0 0.8812316715542522 0.5423841059602649 0.04887585532746823 0.12450331125827814
0 0.3709677419354839 0.6370860927152318 0.009775171065493646 0.5496688741721855
