0 0.10009765625 0.5184921763869133 0.009765625 0.025604551920341393
0 0.16064453125 0.5184921763869133 0.005859375 0.04551920341394026
0 0.443359375 0.48933143669985774 0.0048828125 0.04694167852062589
0 0.46142578125 0.5128022759601707 0.005859375 0.04836415362731152
0 0.27392578125 0.5177809388335705 0.005859375 0.05547652916073969
0 0.47119140625 0.569701280227596 0.00390625 0.025604551920341393
0 0.50927734375 0.5682788051209103 0.005859375 0.16500711237553342
0 0.6591796875 0.4672830725462304 0.0068359375 0.05689900426742532
0 0.22998046875 0.5547652916073968 0.0703125 0.14935988620199148
0 0.67333984375 0.5995732574679943 0.0234375 0.08534850640113797
