0 0.09375 0.5561877667140825 0.0126953125 0.16642958748221906
0 0.18359375 0.5170697012802276 0.0068359375 0.13655761024182078
0 0.255859375 0.5988620199146515 0.0068359375 0.0953058321479374
0 0.2880859375 0.5739687055476529 0.0048828125 0.059743954480796585
0 0.3642578125 0.4623044096728307 0.0068359375 0.112375533428165
0 0.39501953125 0.457325746799431 0.005859375 0.059743954480796585
0 0.455078125 0.5874822190611664 0.0068359375 0.09815078236130868
0 0.45068359375 0.5014224751066856 0.005859375 0.031294452347083924
0 0.6923828125 0.566145092460882 0.0068359375 0.05263157894736842
0 0.84033203125 0.5732574679943101 0.005859375 0.032716927453769556
0 0.90087890625 0.534850640113798 0.005859375 0.032716927453769556
