0 0.16650390625 0.4423897581792319 0.0078125 0.11806543385490754
0 0.23779296875 0.5547652916073968 0.0078125 0.27453769559032715
0 0.30712890625 0.6187766714082503 0.005859375 0.2574679943100996
0 0.36572265625 0.4822190611664296 0.005859375 0.05832147937411095
0 0.42626953125 0.5106685633001422 0.005859375 0.12375533428165007
0 0.390625 0.5725462304409673 0.0048828125 0.03982930298719772
0 0.51611328125 0.5448079658605974 0.005859375 0.049786628733997154
0 0.64599609375 0.5746799431009957 0.005859375 0.06685633001422475
0 0.72900390625 0.5860597439544808 0.005859375 0.07539118065433854
0 0.83251953125 0.4594594594594595 0.005859375 0.112375533428165
0 0.8642578125 0.5739687055476529 0.0576171875 0.1593172119487909
