0 0.087890625 0.5064011379800853 0.0048828125 0.021337126600284494
0 0.23779296875 0.4644381223328592 0.005859375 0.03698435277382646
0 0.2724609375 0.5042674253200569 0.0048828125 0.02275960170697013
0 0.45361328125 0.5547652916073968 0.013671875 0.25177809388335703
0 0.5107421875 0.5625889046941679 0.0048828125 0.04551920341394026
0 0.564453125 0.48577524893314367 0.0048828125 0.034139402560455195
0 0.623046875 0.46586059743954483 0.0048828125 0.07396870554765292
0 0.552734375 0.4992887624466572 0.0048828125 0.029871977240398292
0 0.81689453125 0.46372688477951635 0.005859375 0.03840682788051209
0 0.82763671875 0.46088193456614507 0.005859375 0.05263157894736842
0 0.90478515625 0.5462304409672831 0.00390625 0.032716927453769556
0 0.23338979535398233 0.5239177230327672 0.006913716814159254 0.03147068820100954
