0 0.076171875 0.5625889046941679 0.0048828125 0.02844950213371266
0 0.13720703125 0.4751066856330014 0.01171875 0.155049786628734
0 0.14990234375 0.6095305832147937 0.005859375 0.06258890469416785
0 0.2412109375 0.534850640113798 0.0048828125 0.01849217638691323
0 0.2265625 0.5462304409672831 0.0048828125 0.03840682788051209
0 0.423828125 0.5071123755334281 0.0048828125 0.025604551920341393
0 0.53076171875 0.4950213371266003 0.005859375 0.029871977240398292
0 0.55126953125 0.5725462304409673 0.005859375 0.03982930298719772
0 0.59765625 0.5483641536273115 0.0068359375 0.051209103840682786
0 0.63427734375 0.46301564722617355 0.005859375 0.10526315789473684
