0 0.345703125 0.5184921763869133 0.0048828125 0.07965860597439545
0 0.361328125 0.5519203413940256 0.0087890625 0.05263157894736842
0 0.365234375 0.49786628733997157 0.0048828125 0.041251778093883355
0 0.36572265625 0.5341394025604552 0.005859375 0.01991465149359886
0 0.38623046875 0.49431009957325744 0.005859375 0.04267425320056899
0 0.4326171875 0.48933143669985774 0.0048828125 0.049786628733997154
0 0.46044921875 0.5213371266002845 0.0078125 0.07965860597439545
0 0.47607421875 0.5412517780938834 0.0078125 0.034139402560455195
0 0.4755859375 0.4950213371266003 0.0068359375 0.044096728307254626
0 0.49267578125 0.4992887624466572 0.005859375 0.029871977240398292
0 0.515625 0.4829302987197724 0.0068359375 0.06258890469416785
0 0.5498046875 0.5583214793741109 0.0068359375 0.06827880512091039
0 0.548828125 0.49359886201991465 0.0048828125 0.049786628733997154
0 0.5791015625 0.47155049786628733 0.0068359375 0.08250355618776671
0 0.57958984375 0.5540540540540541 0.0078125 0.04836415362731152
0 0.638671875 0.45305832147937414 0.0048828125 0.04267425320056899
0 0.703125 0.5455192034139402 0.1337890625 0.16216216216216217
