0 0.3642578125 0.5099337748344371 0.0068359375 0.04900662251655629
0 0.37841796875 0.5470198675496689 0.005859375 0.030463576158940398
0 0.46923828125 0.5748344370860927 0.005859375 0.07019867549668875
0 0.50732421875 0.5251655629139073 0.005859375 0.05033112582781457
0 0.529296875 0.5549668874172186 0.0048828125 0.0781456953642384
0 0.54150390625 0.5701986754966888 0.0078125 0.30993377483443707
0 0.56396484375 0.580794701986755 0.00390625 0.02384105960264901
0 0.57177734375 0.5245033112582781 0.005859375 0.0728476821192053
0 0.59326171875 0.5397350993377483 0.005859375 0.09271523178807947
0 0.6298828125 0.5423841059602649 0.0087890625 0.045033112582781455
0 0.7412109375 0.5384105960264901 0.0048828125 0.04768211920529802
0 0.75537109375 0.5377483443708609 0.005859375 0.054304635761589407
0 0.818359375 0.5456953642384106 0.0068359375 0.1390728476821192
0 0.84814453125 0.6152317880794702 0.005859375 0.09271523178807947
0 0.8671875 0.5642384105960265 0.0068359375 0.06754966887417219
0 0.89111328125 0.5629139072847682 0.005859375 0.1205298013245033
0 0.3359375 0.5251655629139073 0.0087890625 0.07152317880794702
0 0.6787109375 0.5927152317880795 0.0888671875 0.13774834437086092
