0 0.11328125 0.5635761589403974 0.0068359375 0.07152317880794702
0 0.1279296875 0.49933774834437084 0.0087890625 0.038410596026490065
0 0.17236328125 0.6072847682119206 0.015625 0.2781456953642384
0 0.228515625 0.6152317880794702 0.0068359375 0.1403973509933775
0 0.34375 0.5589403973509933 0.0068359375 0.05695364238410596
0 0.3515625 0.5417218543046357 0.0068359375 0.03576158940397351
0 0.36083984375 0.5052980132450331 0.005859375 0.02119205298013245
0 0.39599609375 0.48013245033112584 0.005859375 0.03708609271523179
0 0.4208984375 0.4947019867549669 0.0048828125 0.0423841059602649
0 0.43603515625 0.5377483443708609 0.0078125 0.02781456953642384
0 0.46435546875 0.5370860927152318 0.0078125 0.02913907284768212
0 0.49658203125 0.5370860927152318 0.005859375 0.02119205298013245
0 0.5185546875 0.49205298013245036 0.0068359375 0.0423841059602649
0 0.57177734375 0.4814569536423841 0.01171875 0.07417218543046358
0 0.59912109375 0.5390728476821192 0.0078125 0.030463576158940398
0 0.66845703125 0.5801324503311258 0.0078125 0.11258278145695365
0 0.75634765625 0.5450331125827814 0.005859375 0.03443708609271523
0 0.673828125 0.45827814569536424 0.0341796875 0.10993377483443709
