0 0.11865234375 0.5817923186344239 0.0078125 0.11806543385490754
0 0.189453125 0.5597439544807966 0.0087890625 0.06258890469416785
0 0.2109375 0.46586059743954483 0.0048828125 0.06827880512091039
0 0.26171875 0.5768136557610242 0.0068359375 0.031294452347083924
0 0.47265625 0.5732574679943101 0.0068359375 0.09815078236130868
0 0.59130859375 0.5433854907539118 0.009765625 0.03840682788051209
0 0.6806640625 0.5440967283072546 0.0068359375 0.03698435277382646
0 0.689453125 0.4722617354196302 0.0068359375 0.04694167852062589
0 0.79052734375 0.5881934566145093 0.0078125 0.1251778093883357
0 0.8046875 0.4694167852062589 0.0068359375 0.09246088193456614
0 0.84130859375 0.4850640113798009 0.00390625 0.03556187766714083
0 0.865234375 0.4879089615931721 0.0068359375 0.05832147937411095
0 0.44580078125 0.5668563300142248 0.005859375 0.059743954480796585
0 0.27011891592920356 0.523288309268747 0.004321073008849541 0.04531779100945383
0 0.673828125 0.45803698435277385 0.0380859375 0.10953058321479374
