0 0.08349609375 0.5071123755334281 0.009765625 0.07965860597439545
0 0.091796875 0.5725462304409673 0.0107421875 0.2332859174964438
0 0.22412109375 0.5177809388335705 0.0078125 0.08392603129445235
0 0.33837890625 0.5462304409672831 0.005859375 0.041251778093883355
0 0.50634765625 0.5440967283072546 0.005859375 0.09103840682788052
0 0.5048828125 0.4914651493598862 0.0087890625 0.1678520625889047
0 0.54345703125 0.4772403982930299 0.005859375 0.031294452347083924
0 0.716796875 0.46088193456614507 0.0068359375 0.06685633001422475
0 0.759765625 0.5576102418207681 0.0048828125 0.03840682788051209
0 0.77099609375 0.4879089615931721 0.005859375 0.05832147937411095
0 0.76806640625 0.5547652916073968 0.005859375 0.029871977240398292
0 0.78466796875 0.4992887624466572 0.005859375 0.044096728307254626
0 0.81201171875 0.5170697012802276 0.0078125 0.06543385490753911
0 0.84765625 0.5028449502133713 0.0068359375 0.09388335704125178
