0 0.08544921875 0.43812233285917496 0.0078125 0.10668563300142248
0 0.103515625 0.5440967283072546 0.0048828125 0.03698435277382646
0 0.16455078125 0.5334281650071123 0.005859375 0.021337126600284494
0 0.2685546875 0.49644381223328593 0.0048828125 0.04694167852062589
0 0.3701171875 0.5540540540540541 0.0048828125 0.051209103840682786
0 0.611328125 0.5327169274537695 0.0029296875 0.017069701280227598
0 0.74560546875 0.5369843527738265 0.005859375 0.02275960170697013
0 0.3447265625 0.47652916073968704 0.0048828125 0.02702702702702703
0 0.71728515625 0.5611664295874822 0.005859375 0.031294452347083924
0 0.2880859375 0.5035561877667141 0.00390625 0.02844950213371266
0 0.2880859375 0.5384068278805121 0.00390625 0.015647226173541962
