0 0.21114369501466276 0.5589403973509933 0.006842619745845552 0.054304635761589407
0 0.28152492668621704 0.5139072847682119 0.01270772238514174 0.12582781456953643
0 0.2380254154447703 0.5019867549668874 0.005865102639296188 0.017218543046357615
0 0.30303030303030304 0.5880794701986755 0.006842619745845552 0.09668874172185431
0 0.37145650048875856 0.6132450331125828 0.006842619745845552 0.5867549668874172
0 0.3998044965786901 0.4781456953642384 0.006842619745845552 0.0728476821192053
0 0.45943304007820135 0.5132450331125827 0.006842619745845552 0.06622516556291391
0 0.5948191593352884 0.42980132450331127 0.005865102639296188 0.05033112582781457
0 0.5869990224828935 0.5761589403973509 0.007820136852394917 0.0781456953642384
0 0.6608015640273704 0.5569536423841059 0.008797653958944282 0.06357615894039735
0 0.7697947214076246 0.4509933774834437 0.007820136852394917 0.09801324503311258
0 0.8255131964809385 0.48013245033112584 0.005865102639296188 0.07152317880794702
0 0.8284457478005866 0.5629139072847682 0.007820136852394917 0.059602649006622516
0 0.833822091886608 0.5728476821192053 0.006842619745845552 0.09801324503311258
0 0.8792766373411535 0.5397350993377483 0.05083088954056696 0.12185430463576159
