0 0.1044921875 0.48933143669985774 0.0068359375 0.03556187766714083
0 0.25830078125 0.5547652916073968 0.005859375 0.02702702702702703
0 0.34521484375 0.5704125177809388 0.005859375 0.08392603129445235
0 0.45166015625 0.5476529160739687 0.00390625 0.01849217638691323
0 0.63330078125 0.5128022759601707 0.005859375 0.05405405405405406
0 0.689453125 0.5761024182076814 0.0068359375 0.032716927453769556
0 0.8759765625 0.5483641536273115 0.0048828125 0.01991465149359886
0 0.88134765625 0.5412517780938834 0.005859375 0.02275960170697013
0 0.88232421875 0.4971550497866287 0.005859375 0.034139402560455195
0 0.345703125 0.4957325746799431 0.0068359375 0.02275960170697013
