0 0.091796875 0.5251655629139073 0.0068359375 0.031788079470198675
0 0.08349609375 0.5728476821192053 0.005859375 0.015894039735099338
0 0.2080078125 0.6185430463576159 0.0126953125 0.11258278145695365
0 0.34716796875 0.595364238410596 0.0078125 0.08741721854304636
0 0.34130859375 0.5304635761589404 0.005859375 0.018543046357615896
0 0.3662109375 0.5437086092715232 0.0068359375 0.1271523178807947
0 0.60400390625 0.5894039735099338 0.00390625 0.04105960264900662
0 0.71435546875 0.5198675496688742 0.005859375 0.045033112582781455
0 0.751953125 0.5178807947019868 0.0087890625 0.11788079470198676
0 0.88232421875 0.604635761589404 0.005859375 0.08211920529801324
0 0.89453125 0.5768211920529801 0.0068359375 0.026490066225165563
