0 0.09375 0.5597439544807966 0.0068359375 0.01991465149359886
0 0.20263671875 0.519203413940256 0.009765625 0.044096728307254626
0 0.34375 0.5711237553342816 0.0068359375 0.16216216216216217
0 0.4150390625 0.4345661450924609 0.0068359375 0.10526315789473684
0 0.4091796875 0.5341394025604552 0.0048828125 0.02275960170697013
0 0.44970703125 0.48862019914651494 0.00390625 0.01991465149359886
0 0.53466796875 0.49359886201991465 0.00390625 0.02702702702702703
0 0.74365234375 0.6223328591749644 0.0078125 0.1422475106685633
0 0.8564453125 0.48862019914651494 0.0048828125 0.025604551920341393
0 0.89794921875 0.5761024182076814 0.0078125 0.05832147937411095
0 0.4267578125 0.6038406827880513 0.0048828125 0.02844950213371266
0 0.17591952433628322 0.5239177230327673 0.006049502212389424 0.4645073578469014
0 0.150390625 0.46870554765291605 0.0380859375 0.04267425320056899
