0 0.08154296875 0.5739687055476529 0.005859375 0.08534850640113797
0 0.087890625 0.4423897581792319 0.0068359375 0.15220483641536273
0 0.1708984375 0.4566145092460882 0.0068359375 0.06116642958748222
0 0.25439453125 0.5711237553342816 0.005859375 0.03982930298719772
0 0.29248046875 0.48862019914651494 0.005859375 0.03698435277382646
0 0.41455078125 0.47297297297297297 0.005859375 0.051209103840682786
0 0.4345703125 0.5056899004267426 0.0048828125 0.025604551920341393
0 0.5205078125 0.4793741109530583 0.0068359375 0.07823613086770982
0 0.60986328125 0.5789473684210527 0.005859375 0.10668563300142248
0 0.62744140625 0.534850640113798 0.005859375 0.021337126600284494
0 0.69970703125 0.5291607396870555 0.0078125 0.08677098150782361
0 0.77880859375 0.5476529160739687 0.005859375 0.044096728307254626
