0 0.166015625 0.5028449502133713 0.0068359375 0.07112375533428165
0 0.31494140625 0.4743954480796586 0.009765625 0.04551920341394026
0 0.40234375 0.4594594594594595 0.0068359375 0.05263157894736842
0 0.6484375 0.5256045519203414 0.0068359375 0.07112375533428165
0 0.5849609375 0.4992887624466572 0.0048828125 0.032716927453769556
0 0.85888671875 0.5568990042674253 0.005859375 0.051209103840682786
0 0.83447265625 0.4992887624466572 0.01171875 0.13229018492176386
0 0.76171875 0.5682788051209103 0.0068359375 0.07681365576102418
0 0.3906768528761062 0.5151059303364847 0.005185287610619482 0.046576618537494174
0 0.84423828125 0.5896159317211949 0.015625 0.11379800853485064
0 0.86572265625 0.5042674253200569 0.0234375 0.01991465149359886
