0 0.09033203125 0.5556291390728477 0.005859375 0.08741721854304636
0 0.10986328125 0.5589403973509933 0.005859375 0.051655629139072845
0 0.22802734375 0.5867549668874172 0.005859375 0.08344370860927153
0 0.40966796875 0.5344370860927152 0.005859375 0.07152317880794702
0 0.48046875 0.5781456953642384 0.0068359375 0.1271523178807947
0 0.61181640625 0.6264900662251656 0.0078125 0.0913907284768212
0 0.65087890625 0.6211920529801325 0.005859375 0.02781456953642384
0 0.6484375 0.5682119205298013 0.0146484375 0.054304635761589407
0 0.38671875 0.6165562913907284 0.0068359375 0.039735099337748346
0 0.7041015625 0.6655629139072847 0.0048828125 0.018543046357615896
