0 0.07568359375 0.5007112375533428 0.005859375 0.0953058321479374
0 0.107421875 0.5469416785206259 0.0048828125 0.017069701280227598
0 0.16357421875 0.531294452347084 0.005859375 0.1251778093883357
0 0.28857421875 0.5761024182076814 0.005859375 0.07823613086770982
0 0.3330078125 0.5988620199146515 0.0048828125 0.02702702702702703
0 0.38818359375 0.5412517780938834 0.0078125 0.017069701280227598
0 0.47119140625 0.5490753911806543 0.00390625 0.02418207681365576
0 0.54443359375 0.5689900426742532 0.005859375 0.04694167852062589
0 0.60546875 0.484352773826458 0.0068359375 0.034139402560455195
0 0.7666015625 0.48933143669985774 0.0048828125 0.041251778093883355
0 0.79541015625 0.5369843527738265 0.005859375 0.03698435277382646
0 0.828125 0.569701280227596 0.0166015625 0.011379800853485065
0 0.82666015625 0.46088193456614507 0.005859375 0.03556187766714083
