0 0.123046875 0.45305832147937414 0.0048828125 0.04551920341394026
0 0.1123046875 0.5021337126600285 0.0048828125 0.02418207681365576
0 0.1806640625 0.5682788051209103 0.0048828125 0.05405405405405406
0 0.23828125 0.55049786628734 0.0048828125 0.02418207681365576
0 0.47705078125 0.4594594594594595 0.005859375 0.07823613086770982
0 0.5107421875 0.484352773826458 0.0048828125 0.025604551920341393
0 0.521484375 0.4359886201991465 0.0048828125 0.15647226173541964
0 0.54345703125 0.45803698435277385 0.005859375 0.10953058321479374
0 0.59130859375 0.5817923186344239 0.005859375 0.11522048364153627
0 0.60546875 0.4743954480796586 0.0068359375 0.08250355618776671
0 0.6767578125 0.5163584637268848 0.0087890625 0.14935988620199148
0 0.7041015625 0.5568990042674253 0.0068359375 0.051209103840682786
0 0.75244140625 0.5369843527738265 0.005859375 0.05689900426742532
0 0.8466796875 0.4992887624466572 0.0048828125 0.03840682788051209
0 0.86669921875 0.5995732574679943 0.005859375 0.13655761024182078
0 0.8583984375 0.5 0.0048828125 0.031294452347083924
0 0.2899958517699115 0.5516119286496557 0.006049502212389368 0.21525950729490556
0 0.3919731747787611 0.5333589294930702 0.004321073008849541 0.1384710280844421
0 0.4278380807522124 0.5327295157290499 0.010370575221238965 0.1699417162854517
0 0.22647607853982304 0.47293520814713175 0.003456858407079655 0.0402824808972922
0 0.80419921875 0.5945945945945946 0.00390625 0.02702702702702703
0 0.60595703125 0.5675675675675675 0.005859375 0.08108108108108109
