0 0.07373046875 0.4644381223328592 0.005859375 0.03698435277382646
0 0.080078125 0.5298719772403983 0.0068359375 0.059743954480796585
0 0.12548828125 0.5234708392603129 0.005859375 0.04694167852062589
0 0.24169921875 0.5398293029871978 0.005859375 0.06543385490753911
0 0.32958984375 0.4864864864864865 0.005859375 0.041251778093883355
0 0.3544921875 0.566145092460882 0.0068359375 0.2460881934566145
0 0.7412109375 0.4950213371266003 0.0068359375 0.08961593172119488
0 0.845703125 0.4615931721194879 0.0048828125 0.07396870554765292
0 0.859375 0.6059743954480796 0.0068359375 0.06401137980085349
0 0.701171875 0.49644381223328593 0.0048828125 0.041251778093883355
0 0.74072265625 0.55049786628734 0.00390625 0.112375533428165
