0 0.07470703125 0.5440967283072546 0.005859375 0.034139402560455195
0 0.21142578125 0.44950213371266 0.005859375 0.03840682788051209
0 0.380859375 0.5839260312944523 0.0087890625 0.22190611664295876
0 0.47216796875 0.5689900426742532 0.0078125 0.1465149359886202
0 0.5927734375 0.5761024182076814 0.0068359375 0.06970128022759602
0 0.6806640625 0.5263157894736842 0.0068359375 0.10099573257467995
0 0.8046875 0.4466571834992888 0.0068359375 0.09815078236130868
0 0.7900390625 0.5739687055476529 0.0068359375 0.07965860597439545
0 0.86328125 0.4957325746799431 0.0068359375 0.16500711237553342
0 0.26953125 0.4971550497866287 0.0068359375 0.04267425320056899
0 0.677734375 0.45803698435277385 0.0400390625 0.10384068278805121
