0 0.09375 0.5597439544807966 0.0068359375 0.031294452347083924
0 0.1845703125 0.6088193456614509 0.0048828125 0.04694167852062589
0 0.296875 0.49288762446657186 0.0048828125 0.051209103840682786
0 0.29345703125 0.5533428165007113 0.00390625 0.01849217638691323
0 0.46826171875 0.5668563300142248 0.005859375 0.025604551920341393
0 0.52490234375 0.4644381223328592 0.0078125 0.05689900426742532
0 0.62841796875 0.604551920341394 0.0078125 0.15789473684210525
0 0.748046875 0.48577524893314367 0.0068359375 0.1251778093883357
0 0.36474609375 0.4829302987197724 0.0078125 0.08250355618776671
0 0.365234375 0.5490753911806543 0.0048828125 0.02418207681365576
0 0.69775390625 0.5064011379800853 0.005859375 0.029871977240398292
