0 0.09033203125 0.5611664295874822 0.0078125 0.04836415362731152
0 0.130859375 0.5746799431009957 0.0048828125 0.044096728307254626
0 0.14794921875 0.5725462304409673 0.005859375 0.03982930298719772
0 0.1748046875 0.5384068278805121 0.0048828125 0.017069701280227598
0 0.17626953125 0.4594594594594595 0.005859375 0.05547652916073969
0 0.15869140625 0.46372688477951635 0.00390625 0.03556187766714083
0 0.26416015625 0.596728307254623 0.00390625 0.04551920341394026
0 0.27001953125 0.5206258890469416 0.005859375 0.041251778093883355
0 0.30810546875 0.5184921763869133 0.0078125 0.05405405405405406
0 0.3662109375 0.5725462304409673 0.0048828125 0.031294452347083924
0 0.3828125 0.46372688477951635 0.0068359375 0.11522048364153627
0 0.3828125 0.5561877667140825 0.0068359375 0.05832147937411095
0 0.37548828125 0.5007112375533428 0.01953125 0.15789473684210525
0 0.470703125 0.5718349928876245 0.0048828125 0.032716927453769556
0 0.5 0.484352773826458 0.0107421875 0.11095305832147938
0 0.505859375 0.5547652916073968 0.0048828125 0.01849217638691323
0 0.54931640625 0.5782361308677099 0.005859375 0.04267425320056899
0 0.5927734375 0.5611664295874822 0.0048828125 0.034139402560455195
0 0.5986328125 0.4864864864864865 0.0068359375 0.06116642958748222
0 0.68798828125 0.5490753911806543 0.005859375 0.049786628733997154
0 0.6884765625 0.49359886201991465 0.0068359375 0.049786628733997154
0 0.7080078125 0.5633001422475107 0.0087890625 0.07254623044096728
0 0.75830078125 0.5135135135135135 0.0078125 0.10953058321479374
0 0.83349609375 0.5405405405405406 0.005859375 0.02418207681365576
0 0.8623046875 0.5384068278805121 0.0048828125 0.02275960170697013
0 0.88720703125 0.5995732574679943 0.015625 0.051209103840682786
0 0.89990234375 0.5334281650071123 0.005859375 0.015647226173541962
0 0.47900390625 0.5149359886201992 0.00390625 0.007112375533428165
