0 0.09033203125 0.5789473684210527 0.005859375 0.02418207681365576
0 0.1845703125 0.5369843527738265 0.0048828125 0.01991465149359886
0 0.26953125 0.5234708392603129 0.0087890625 0.041251778093883355
0 0.33447265625 0.5483641536273115 0.005859375 0.01991465149359886
0 0.38232421875 0.5469416785206259 0.005859375 0.04267425320056899
0 0.3828125 0.4992887624466572 0.0048828125 0.03840682788051209
0 0.70947265625 0.5796586059743954 0.00390625 0.09957325746799431
0 0.7158203125 0.46301564722617355 0.0048828125 0.10241820768136557
0 0.76806640625 0.5042674253200569 0.00390625 0.02844950213371266
0 0.7596964878318584 0.523288309268747 0.005185287610619427 0.07049434157026148
0 0.5509886615044247 0.5226588955047269 0.009506360619468968 0.02391772303276722
