0 0.0830078125 0.5860927152317881 0.0068359375 0.052980132450331126
0 0.08544921875 0.452317880794702 0.005859375 0.06357615894039735
0 0.1728515625 0.5324503311258278 0.0068359375 0.025165562913907286
0 0.2080078125 0.4649006622516556 0.0068359375 0.0728476821192053
0 0.3583984375 0.5139072847682119 0.0087890625 0.06754966887417219
0 0.470703125 0.4589403973509934 0.0048828125 0.02384105960264901
0 0.5244140625 0.5298013245033113 0.0048828125 0.017218543046357615
0 0.5849609375 0.5609271523178808 0.0087890625 0.03708609271523179
0 0.65673828125 0.5463576158940397 0.005859375 0.03708609271523179
0 0.73779296875 0.45695364238410596 0.005859375 0.04105960264900662
