0 0.076171875 0.5554765291607396 0.0068359375 0.17354196301564723
0 0.103515625 0.5142247510668563 0.0068359375 0.06827880512091039
0 0.11328125 0.5832147937411095 0.0087890625 0.07254623044096728
0 0.14306640625 0.4879089615931721 0.009765625 0.10099573257467995
0 0.19921875 0.4772403982930299 0.0087890625 0.07396870554765292
0 0.20361328125 0.6486486486486487 0.0078125 0.2546230440967283
0 0.23388671875 0.47368421052631576 0.005859375 0.05263157894736842
0 0.25634765625 0.492176386913229 0.005859375 0.13229018492176386
0 0.2890625 0.5689900426742532 0.0068359375 0.044096728307254626
0 0.341796875 0.5305832147937412 0.0087890625 0.06116642958748222
0 0.37646484375 0.5284495021337127 0.005859375 0.051209103840682786
0 0.400390625 0.5142247510668563 0.0068359375 0.08250355618776671
0 0.40185546875 0.5753911806543386 0.0078125 0.10241820768136557
0 0.54345703125 0.5206258890469416 0.005859375 0.03840682788051209
0 0.564453125 0.43243243243243246 0.0048828125 0.12660028449502134
0 0.669921875 0.47368421052631576 0.0048828125 0.07254623044096728
0 0.6875 0.49857752489331436 0.0048828125 0.02844950213371266
0 0.70361328125 0.5625889046941679 0.005859375 0.06827880512091039
0 0.7099609375 0.48364153627311524 0.0068359375 0.06401137980085349
0 0.76708984375 0.5647226173541963 0.005859375 0.07823613086770982
0 0.77734375 0.5753911806543386 0.0068359375 0.10241820768136557
0 0.3427734375 0.46586059743954483 0.0478515625 0.10241820768136557
