0 0.07958984375 0.5796586059743954 0.005859375 0.10241820768136557
0 0.10595703125 0.5120910384068279 0.013671875 0.06970128022759602
0 0.150390625 0.49431009957325744 0.0068359375 0.017069701280227598
0 0.228515625 0.5561877667140825 0.0048828125 0.041251778093883355
0 0.1923828125 0.465149359886202 0.0244140625 0.015647226173541962
0 0.37158203125 0.5597439544807966 0.005859375 0.04267425320056899
0 0.47900390625 0.47155049786628733 0.005859375 0.08819345661450925
0 0.400390625 0.5241820768136558 0.0048828125 0.02844950213371266
0 0.2705078125 0.4743954480796586 0.0068359375 0.01991465149359886
0 0.48583984375 0.5448079658605974 0.005859375 0.10384068278805121
0 0.49853515625 0.6230440967283073 0.0078125 0.35704125177809387
0 0.55615234375 0.5199146514935988 0.0078125 0.18492176386913228
0 0.5869140625 0.5647226173541963 0.0068359375 0.07823613086770982
0 0.6494140625 0.5782361308677099 0.0048828125 0.11379800853485064
0 0.67431640625 0.5512091038406828 0.005859375 0.1166429587482219
0 0.7490234375 0.49288762446657186 0.0048828125 0.1251778093883357
0 0.80859375 0.581081081081081 0.0068359375 0.051209103840682786
0 0.86279296875 0.5640113798008535 0.009765625 0.5291607396870555
0 0.89404296875 0.5448079658605974 0.0078125 0.07823613086770982
0 0.8759765625 0.5305832147937412 0.0458984375 0.12944523470839261
