0 0.07568359375 0.5440967283072546 0.005859375 0.03698435277382646
0 0.087890625 0.5405405405405406 0.0048828125 0.044096728307254626
0 0.1416015625 0.5248933143669986 0.0068359375 0.11522048364153627
0 0.2587890625 0.4772403982930299 0.0068359375 0.05689900426742532
0 0.26953125 0.4864864864864865 0.0126953125 0.021337126600284494
0 0.1669921875 0.4871977240398293 0.0048828125 0.05405405405405406
0 0.3583984375 0.5092460881934566 0.0048828125 0.05832147937411095
0 0.3720703125 0.5142247510668563 0.0068359375 0.07396870554765292
0 0.47314453125 0.5668563300142248 0.005859375 0.04267425320056899
0 0.52197265625 0.4615931721194879 0.005859375 0.08534850640113797
0 0.55029296875 0.5526315789473685 0.005859375 0.051209103840682786
0 0.63134765625 0.5334281650071123 0.005859375 0.06401137980085349
0 0.66943359375 0.4992887624466572 0.005859375 0.07539118065433854
0 0.68408203125 0.519203413940256 0.005859375 0.03840682788051209
0 0.80517578125 0.4366998577524893 0.005859375 0.044096728307254626
0 0.8642578125 0.4423897581792319 0.0068359375 0.05263157894736842
