0 0.09423828125 0.4786628733997155 0.0078125 0.07396870554765292
0 0.12158203125 0.5227596017069701 0.005859375 0.03698435277382646
0 0.13720703125 0.5120910384068279 0.005859375 0.0953058321479374
0 0.15185546875 0.519203413940256 0.005859375 0.06970128022759602
0 0.1982421875 0.5149359886201992 0.0107421875 0.06401137980085349
0 0.27392578125 0.4751066856330014 0.0078125 0.1806543385490754
0 0.30029296875 0.4644381223328592 0.005859375 0.07965860597439545
0 0.36328125 0.4352773826458037 0.0068359375 0.19203413940256045
0 0.42578125 0.4879089615931721 0.0087890625 0.06116642958748222
0 0.599609375 0.6657183499288762 0.0087890625 0.41109530583214793
0 0.6162109375 0.534850640113798 0.0087890625 0.05547652916073969
0 0.7177734375 0.5170697012802276 0.0068359375 0.10526315789473684
0 0.74755859375 0.5682788051209103 0.005859375 0.06827880512091039
