0 0.1708984375 0.596728307254623 0.0068359375 0.051209103840682786
0 0.15673828125 0.5071123755334281 0.005859375 0.04836415362731152
0 0.22021484375 0.48933143669985774 0.005859375 0.03840682788051209
0 0.255859375 0.4743954480796586 0.0068359375 0.07112375533428165
0 0.09228515625 0.5128022759601707 0.00390625 0.031294452347083924
0 0.3642578125 0.5483641536273115 0.0087890625 0.3584637268847795
0 0.31884765625 0.45021337126600286 0.005859375 0.06258890469416785
0 0.3203125 0.5519203413940256 0.0048828125 0.01849217638691323
0 0.37890625 0.5739687055476529 0.0048828125 0.017069701280227598
0 0.37890625 0.5 0.0068359375 0.03698435277382646
0 0.5126953125 0.596728307254623 0.0068359375 0.14509246088193456
0 0.4775390625 0.5007112375533428 0.0087890625 0.02702702702702703
0 0.44873046875 0.5007112375533428 0.005859375 0.02702702702702703
0 0.43603515625 0.45305832147937414 0.005859375 0.06258890469416785
0 0.55615234375 0.5490753911806543 0.005859375 0.05263157894736842
0 0.6689453125 0.4395448079658606 0.0068359375 0.17496443812233287
0 0.640625 0.566145092460882 0.0048828125 0.02702702702702703
0 0.68994140625 0.5825035561877667 0.0078125 0.10526315789473684
0 0.79345703125 0.5213371266002845 0.0078125 0.10241820768136557
0 0.7021484375 0.5761024182076814 0.0068359375 0.029871977240398292
0 0.83447265625 0.5341394025604552 0.01171875 0.1422475106685633
