0 0.4814453125 0.5211920529801325 0.0068359375 0.09006622516556291
0 0.24169921875 0.47152317880794703 0.00390625 0.04370860927152318
0 0.1591796875 0.4768211920529801 0.0048828125 0.03576158940397351
0 0.576171875 0.6370860927152318 0.0068359375 0.02781456953642384
0 0.58935546875 0.5456953642384106 0.005859375 0.017218543046357615
0 0.70263671875 0.5768211920529801 0.005859375 0.02913907284768212
0 0.76220703125 0.5125827814569537 0.005859375 0.03576158940397351
0 0.76416015625 0.5860927152317881 0.005859375 0.07682119205298013
0 0.7900390625 0.562251655629139 0.0068359375 0.039735099337748346
0 0.79150390625 0.4966887417218543 0.005859375 0.017218543046357615
0 0.82470703125 0.56158940397351 0.005859375 0.054304635761589407
0 0.7744140625 0.452317880794702 0.0068359375 0.12185430463576159
0 0.8330078125 0.4728476821192053 0.0068359375 0.0781456953642384
0 0.86181640625 0.4913907284768212 0.005859375 0.02781456953642384
