0 0.1435546875 0.4445234708392603 0.0068359375 0.13940256045519203
0 0.1435546875 0.6187766714082503 0.0087890625 0.18634423897581792
0 0.14306640625 0.5611664295874822 0.009765625 0.25889046941678523
0 0.17431640625 0.5832147937411095 0.005859375 0.06685633001422475
0 0.30859375 0.5241820768136558 0.0048828125 0.09103840682788052
0 0.3271484375 0.46088193456614507 0.0068359375 0.11522048364153627
0 0.33984375 0.542674253200569 0.0068359375 0.034139402560455195
0 0.390625 0.5789473684210527 0.0048828125 0.07539118065433854
0 0.48486328125 0.4743954480796586 0.005859375 0.06258890469416785
0 0.51953125 0.4722617354196302 0.0068359375 0.11522048364153627
0 0.576171875 0.5654338549075392 0.0048828125 0.07112375533428165
0 0.7197265625 0.5433854907539118 0.0068359375 0.032716927453769556
0 0.5498046875 0.5149359886201992 0.0087890625 0.032716927453769556
0 0.5947265625 0.5305832147937412 0.0048828125 0.015647226173541962
0 0.7783203125 0.55049786628734 0.0068359375 0.20910384068278806
0 0.79833984375 0.5028449502133713 0.005859375 0.05405405405405406
0 0.87646484375 0.47581792318634425 0.005859375 0.04836415362731152
0 0.8876953125 0.5533428165007113 0.0146484375 0.07539118065433854
