0 0.166015625 0.4480796586059744 0.0068359375 0.09815078236130868
0 0.09375 0.6052631578947368 0.0068359375 0.08534850640113797
0 0.40234375 0.6024182076813656 0.0068359375 0.14793741109530584
0 0.5947265625 0.585348506401138 0.0068359375 0.09957325746799431
0 0.41796875 0.5440967283072546 0.0068359375 0.02844950213371266
0 0.43408203125 0.5576102418207681 0.005859375 0.05832147937411095
0 0.35595703125 0.5170697012802276 0.005859375 0.06543385490753911
0 0.40234375 0.48577524893314367 0.0048828125 0.06258890469416785
0 0.18017578125 0.45305832147937414 0.0078125 0.07396870554765292
0 0.587890625 0.48862019914651494 0.0048828125 0.04551920341394026
0 0.595703125 0.5128022759601707 0.0068359375 0.03698435277382646
0 0.68896484375 0.566145092460882 0.005859375 0.04694167852062589
0 0.71337890625 0.5803698435277382 0.005859375 0.08677098150782361
0 0.833984375 0.45305832147937414 0.0087890625 0.10810810810810811
0 0.85400390625 0.5782361308677099 0.005859375 0.09672830725462304
0 0.857421875 0.46586059743954483 0.0087890625 0.06827880512091039
0 0.88623046875 0.5732574679943101 0.005859375 0.05547652916073969
0 0.23291015625 0.577524893314367 0.00390625 0.041251778093883355
