0 0.1050830889540567 0.571523178807947 0.005865102639296188 0.0423841059602649
0 0.11290322580645161 0.5509933774834437 0.005865102639296188 0.017218543046357615
0 0.15591397849462366 0.5112582781456954 0.007820136852394917 0.12317880794701987
0 0.1652003910068426 0.5761589403973509 0.004887585532746823 0.059602649006622516
0 0.2179863147605083 0.5397350993377483 0.006842619745845552 0.03443708609271523
0 0.23607038123167157 0.5397350993377483 0.005865102639296188 0.07947019867549669
0 0.23998044965786902 0.5139072847682119 0.009775171065493646 0.059602649006622516
0 0.28885630498533726 0.4642384105960265 0.007820136852394917 0.10596026490066225
0 0.2981427174975562 0.5688741721854305 0.006842619745845552 0.052980132450331126
0 0.26637341153470184 0.5562913907284768 0.005865102639296188 0.02781456953642384
0 0.40371456500488756 0.5602649006622517 0.008797653958944282 0.06754966887417219
0 0.4335288367546432 0.5304635761589404 0.007820136852394917 0.1880794701986755
0 0.5347018572825024 0.5066225165562914 0.006842619745845552 0.08741721854304636
0 0.5752688172043011 0.47152317880794703 0.005865102639296188 0.022516556291390728
0 0.5948191593352884 0.5509933774834437 0.007820136852394917 0.017218543046357615
0 0.8035190615835777 0.6178807947019868 0.006842619745845552 0.02913907284768212
0 0.8191593352883676 0.5860927152317881 0.006842619745845552 0.02384105960264901
0 0.6549364613880743 0.5655629139072847 0.004887585532746823 0.02781456953642384
0 0.6485826001955034 0.5132450331125827 0.005865102639296188 0.013245033112582781
0 0.48240469208211145 0.5317880794701987 0.005865102639296188 0.02119205298013245
