0 0.08203125 0.5149359886201992 0.0048828125 0.02702702702702703
0 0.2626953125 0.49359886201991465 0.0068359375 0.19772403982930298
0 0.3369140625 0.48862019914651494 0.0087890625 0.10241820768136557
0 0.32470703125 0.48862019914651494 0.005859375 0.07112375533428165
0 0.55859375 0.4295874822190612 0.0068359375 0.06685633001422475
0 0.54931640625 0.4907539118065434 0.021484375 0.02418207681365576
0 0.57763671875 0.4615931721194879 0.005859375 0.04267425320056899
0 0.654296875 0.46799431009957326 0.0068359375 0.06116642958748222
0 0.6962890625 0.4672830725462304 0.0068359375 0.1593172119487909
0 0.82861328125 0.620199146514936 0.0078125 0.3285917496443812
0 0.84375 0.48079658605974396 0.0048828125 0.03556187766714083
0 0.53271484375 0.5305832147937412 0.005859375 0.01849217638691323
0 0.6044921875 0.5078236130867709 0.0048828125 0.01849217638691323
