0 0.0947265625 0.4860927152317881 0.0068359375 0.06225165562913907
0 0.09521484375 0.5596026490066225 0.005859375 0.05827814569536424
0 0.10986328125 0.4821192052980132 0.005859375 0.06490066225165562
0 0.1943359375 0.6370860927152318 0.0087890625 0.19205298013245034
0 0.48291015625 0.4827814569536424 0.005859375 0.06887417218543046
0 0.5068359375 0.42980132450331127 0.0068359375 0.17483443708609273
0 0.6494140625 0.5629139072847682 0.0068359375 0.06754966887417219
0 0.52392578125 0.5576158940397351 0.005859375 0.051655629139072845
0 0.7939453125 0.5841059602649007 0.0068359375 0.08079470198675497
0 0.83837890625 0.5761589403973509 0.0078125 0.09403973509933775
0 0.9013671875 0.5470198675496689 0.0068359375 0.03576158940397351
0 0.61669921875 0.5675496688741721 0.005859375 0.03443708609271523
0 0.5732421875 0.5377483443708609 0.0048828125 0.022516556291390728
0 0.88720703125 0.543046357615894 0.005859375 0.02781456953642384
0 0.22119140625 0.5947019867549669 0.048828125 0.06754966887417219
0 0.22314453125 0.49072847682119203 0.0625 0.052980132450331126
0 0.66943359375 0.6026490066225165 0.0234375 0.07549668874172186
