0 0.30712890625 0.6017069701280228 0.005859375 0.13513513513513514
0 0.10791015625 0.5078236130867709 0.005859375 0.01849217638691323
0 0.18017578125 0.55049786628734 0.0078125 0.05263157894736842
0 0.19189453125 0.542674253200569 0.005859375 0.03982930298719772
0 0.2197265625 0.527027027027027 0.0068359375 0.04551920341394026
0 0.45556640625 0.5497866287339972 0.005859375 0.04551920341394026
0 0.53662109375 0.5576102418207681 0.005859375 0.05547652916073969
0 0.5859375 0.5732574679943101 0.0068359375 0.08961593172119488
0 0.5947265625 0.5327169274537695 0.0068359375 0.01991465149359886
0 0.654296875 0.5 0.0048828125 0.03982930298719772
0 0.67626953125 0.5924608819345661 0.005859375 0.07965860597439545
0 0.607421875 0.5988620199146515 0.0048828125 0.06401137980085349
0 0.78173828125 0.5384068278805121 0.0078125 0.2019914651493599
0 0.8759765625 0.5369843527738265 0.0615234375 0.1422475106685633
0 0.52978515625 0.4793741109530583 0.07421875 0.14935988620199148
0 0.37158203125 0.6465149359886202 0.0078125 0.5177809388335705
