0 0.1396484375 0.5369843527738265 0.0068359375 0.03698435277382646
0 0.15283203125 0.6294452347083926 0.0078125 0.27880512091038406
0 0.17626953125 0.465149359886202 0.005859375 0.02702702702702703
0 0.19091796875 0.5718349928876245 0.005859375 0.05547652916073969
0 0.208984375 0.5753911806543386 0.0048828125 0.04551920341394026
0 0.23486328125 0.5462304409672831 0.005859375 0.021337126600284494
0 0.25537109375 0.4694167852062589 0.005859375 0.06401137980085349
0 0.3076171875 0.5675675675675675 0.0048828125 0.03556187766714083
0 0.48486328125 0.492176386913229 0.005859375 0.10668563300142248
0 0.50390625 0.55049786628734 0.0048828125 0.01849217638691323
0 0.45654296875 0.5021337126600285 0.005859375 0.12660028449502134
0 0.439453125 0.4957325746799431 0.0068359375 0.031294452347083924
0 0.650390625 0.5860597439544808 0.0087890625 0.08677098150782361
0 0.736328125 0.6024182076813656 0.0048828125 0.07681365576102418
0 0.7431640625 0.5746799431009957 0.0068359375 0.1721194879089616
0 0.638671875 0.49359886201991465 0.0048828125 0.015647226173541962
0 0.6767578125 0.5184921763869133 0.0068359375 0.01991465149359886
0 0.78466796875 0.48079658605974396 0.005859375 0.03840682788051209
0 0.88330078125 0.4957325746799431 0.005859375 0.03982930298719772
0 0.90283203125 0.5007112375533428 0.005859375 0.01849217638691323
