0 0.07861328125 0.4786628733997155 0.005859375 0.059743954480796585
0 0.0859375 0.5590327169274538 0.0068359375 0.09246088193456614
0 0.26611328125 0.5014224751066856 0.005859375 0.05689900426742532
0 0.33642578125 0.615931721194879 0.013671875 0.2460881934566145
0 0.3544921875 0.6308677098150782 0.0087890625 0.3783783783783784
0 0.3935546875 0.5071123755334281 0.0068359375 0.07112375533428165
0 0.42138671875 0.5213371266002845 0.0078125 0.059743954480796585
0 0.505859375 0.5497866287339972 0.0048828125 0.034139402560455195
0 0.52294921875 0.4829302987197724 0.0078125 0.06827880512091039
0 0.708984375 0.5846372688477952 0.0048828125 0.09246088193456614
0 0.85791015625 0.5028449502133713 0.005859375 0.09957325746799431
0 0.87109375 0.5035561877667141 0.0068359375 0.2034139402560455
