0 0.08984375 0.5177809388335705 0.0087890625 0.07823613086770982
0 0.19140625 0.5184921763869133 0.0068359375 0.08250355618776671
0 0.22802734375 0.44594594594594594 0.005859375 0.04551920341394026
0 0.25146484375 0.5682788051209103 0.005859375 0.06543385490753911
0 0.27001953125 0.5519203413940256 0.005859375 0.03556187766714083
0 0.267578125 0.49359886201991465 0.0048828125 0.041251778093883355
0 0.3046875 0.5611664295874822 0.0048828125 0.06258890469416785
0 0.3154296875 0.49431009957325744 0.0068359375 0.031294452347083924
0 0.412109375 0.5768136557610242 0.0048828125 0.031294452347083924
0 0.560546875 0.49288762446657186 0.0107421875 0.3015647226173542
0 0.67236328125 0.4644381223328592 0.005859375 0.04267425320056899
0 0.5966796875 0.566145092460882 0.0048828125 0.02418207681365576
0 0.4248046875 0.5099573257467994 0.0068359375 0.031294452347083924
0 0.69580078125 0.48862019914651494 0.005859375 0.06543385490753911
0 0.60986328125 0.4957325746799431 0.005859375 0.03982930298719772
