0 0.08056640625 0.4359886201991465 0.005859375 0.1678520625889047
0 0.28173828125 0.41109530583214793 0.005859375 0.08108108108108109
0 0.66162109375 0.5590327169274538 0.005859375 0.06970128022759602
0 0.46142578125 0.4779516358463727 0.005859375 0.05832147937411095
0 0.21923828125 0.484352773826458 0.0078125 0.06543385490753911
0 0.2490234375 0.5455192034139402 0.0048828125 0.034139402560455195
0 0.8759765625 0.4722617354196302 0.0068359375 0.06116642958748222
0 0.72021484375 0.49857752489331436 0.005859375 0.03982930298719772
0 0.81201171875 0.4388335704125178 0.0068359375 0.01849217638691323
0 0.81787109375 0.45376955903271693 0.0380859375 0.13086770981507823
0 0.5908203125 0.5448079658605974 0.00390625 0.025604551920341393
0 0.52685546875 0.5682788051209103 0.0048828125 0.032716927453769556
0 0.904296875 0.5561877667140825 0.00390625 0.051209103840682786
0 0.31298828125 0.5433854907539118 0.0048828125 0.02275960170697013
0 0.2958984375 0.5604551920341394 0.005859375 0.025604551920341393
0 0.39892578125 0.41536273115220484 0.0009765625 0.01991465149359886
0 0.39892578125 0.4594594594594595 0.0029296875 0.01991465149359886
0 0.3984375 0.4864864864864865 0.005859375 0.025604551920341393
