0 0.09765625 0.49786628733997157 0.0048828125 0.049786628733997154
0 0.24169921875 0.5490753911806543 0.09375 0.16642958748221906
0 0.4326171875 0.5583214793741109 0.0048828125 0.04267425320056899
0 0.416015625 0.5675675675675675 0.0048828125 0.041251778093883355
0 0.32080078125 0.4829302987197724 0.005859375 0.05405405405405406
0 0.16943359375 0.5540540540540541 0.005859375 0.05405405405405406
0 0.072265625 0.5490753911806543 0.0048828125 0.02702702702702703
0 0.09765625 0.5675675675675675 0.0068359375 0.08108108108108109
0 0.36572265625 0.4167852062588905 0.005859375 0.22617354196301565
0 0.3662109375 0.616642958748222 0.0068359375 0.1251778093883357
0 0.4853515625 0.45376955903271693 0.0048828125 0.06401137980085349
0 0.498046875 0.5135135135135135 0.0048828125 0.029871977240398292
0 0.5107421875 0.6500711237553343 0.0087890625 0.3314366998577525
0 0.60546875 0.5490753911806543 0.0048828125 0.029871977240398292
0 0.65283203125 0.5064011379800853 0.005859375 0.06116642958748222
0 0.72021484375 0.47155049786628733 0.005859375 0.08534850640113797
0 0.78076171875 0.5846372688477952 0.005859375 0.09246088193456614
0 0.83984375 0.5682788051209103 0.0068359375 0.15362731152204837
0 0.89013671875 0.5369843527738265 0.005859375 0.02844950213371266
0 0.83984375 0.465149359886202 0.0068359375 0.032716927453769556
