0 0.3623046875 0.5099337748344371 0.0107421875 0.27417218543046357
0 0.4462890625 0.5728476821192053 0.0068359375 0.060927152317880796
0 0.57421875 0.5370860927152318 0.0068359375 0.07417218543046358
0 0.6083984375 0.5483443708609271 0.0068359375 0.08344370860927153
0 0.8349609375 0.49072847682119203 0.0068359375 0.045033112582781455
0 0.74560546875 0.5403973509933775 0.0078125 0.033112582781456956
0 0.64306640625 0.4986754966887417 0.0048828125 0.04370860927152318
0 0.64306640625 0.5377483443708609 0.0068359375 0.026490066225165563
0 0.7197265625 0.5788079470198676 0.0234375 0.09536423841059603
0 0.7177734375 0.6596026490066225 0.013671875 0.052980132450331126
0 0.7109375 0.46225165562913906 0.0068359375 0.0728476821192053
