0 0.20068359375 0.44096728307254623 0.005859375 0.02702702702702703
0 0.19677734375 0.4992887624466572 0.005859375 0.03556187766714083
0 0.24560546875 0.492176386913229 0.005859375 0.03556187766714083
0 0.26953125 0.5682788051209103 0.0048828125 0.017069701280227598
0 0.298828125 0.47297297297297297 0.0068359375 0.07112375533428165
0 0.3271484375 0.4957325746799431 0.0068359375 0.17069701280227595
0 0.416015625 0.4722617354196302 0.0068359375 0.08677098150782361
0 0.458984375 0.44523470839260315 0.0048828125 0.05547652916073969
0 0.47314453125 0.5376955903271693 0.005859375 0.02702702702702703
0 0.59814453125 0.5113798008534851 0.005859375 0.01422475106685633
0 0.70703125 0.4566145092460882 0.0068359375 0.06970128022759602
0 0.7431640625 0.5768136557610242 0.0068359375 0.22190611664295876
0 0.83251953125 0.5689900426742532 0.005859375 0.06685633001422475
0 0.8818359375 0.5483641536273115 0.0068359375 0.051209103840682786
0 0.09295492256637172 0.5358765845491509 0.007777931415929196 0.07301199662634217
0 0.2001953125 0.5483641536273115 0.0146484375 0.04551920341394026
0 0.8530316648230087 0.5195118266846259 0.00691371681415931 0.04280013595337306
0 0.15673828125 0.4701280227596017 0.021484375 0.025604551920341393
