0 0.1103515625 0.42816500711237554 0.0048828125 0.05547652916073969
0 0.21533203125 0.5042674253200569 0.005859375 0.08250355618776671
0 0.26318359375 0.5021337126600285 0.01171875 0.13513513513513514
0 0.29541015625 0.4772403982930299 0.005859375 0.08250355618776671
0 0.34375 0.4623044096728307 0.0087890625 0.10953058321479374
0 0.32763671875 0.4907539118065434 0.005859375 0.029871977240398292
0 0.328125 0.5718349928876245 0.0048828125 0.041251778093883355
0 0.36279296875 0.5263157894736842 0.0078125 0.19772403982930298
0 0.3974609375 0.542674253200569 0.0068359375 0.034139402560455195
0 0.423828125 0.5512091038406828 0.0048828125 0.04267425320056899
0 0.47607421875 0.5860597439544808 0.005859375 0.04694167852062589
0 0.4560546875 0.5881934566145093 0.0048828125 0.034139402560455195
0 0.4765625 0.4992887624466572 0.0068359375 0.041251778093883355
0 0.49267578125 0.47297297297297297 0.005859375 0.04267425320056899
0 0.328125 0.4402560455192034 0.0048828125 0.05689900426742532
0 0.30126953125 0.577524893314367 0.005859375 0.03556187766714083
0 0.50244140625 0.5540540540540541 0.005859375 0.03982930298719772
0 0.55029296875 0.4701280227596017 0.005859375 0.07396870554765292
0 0.52734375 0.6017069701280228 0.0048828125 0.05832147937411095
0 0.59521484375 0.5234708392603129 0.005859375 0.07539118065433854
0 0.87646484375 0.4900426742532006 0.005859375 0.05405405405405406
