0 0.09228515625 0.571523178807947 0.005859375 0.045033112582781455
0 0.10986328125 0.48344370860927155 0.005859375 0.046357615894039736
0 0.17138671875 0.5337748344370861 0.005859375 0.019867549668874173
0 0.2294921875 0.5357615894039736 0.0048828125 0.02384105960264901
0 0.4150390625 0.48079470198675495 0.0048828125 0.06754966887417219
0 0.42236328125 0.4966887417218543 0.005859375 0.038410596026490065
0 0.59228515625 0.4947019867549669 0.005859375 0.015894039735099338
0 0.4140625 0.5456953642384106 0.0048828125 0.01456953642384106
0 0.62060546875 0.46556291390728477 0.005859375 0.04768211920529802
0 0.740234375 0.5456953642384106 0.0048828125 0.017218543046357615
