0 0.1627565982404692 0.515647226173542 0.005865102639296188 0.05405405405405406
0 0.2570869990224829 0.4601706970128023 0.006842619745845552 0.19630156472261737
0 0.42179863147605084 0.5490753911806543 0.005865102639296188 0.05832147937411095
0 0.5347018572825024 0.5682788051209103 0.006842619745845552 0.051209103840682786
0 0.8137829912023461 0.5241820768136558 0.005865102639296188 0.04267425320056899
0 0.5073313782991202 0.492176386913229 0.006842619745845552 0.08108108108108109
0 0.32006764764401074 0.5245471367967874 0.006055415704288087 0.05035310112161529
0 0.47165200391006845 0.5611664295874822 0.005865102639296188 0.025604551920341393
0 0.48484848484848486 0.4850640113798009 0.004887585532746823 0.032716927453769556
0 0.45943304007820135 0.47297297297297297 0.004887585532746823 0.034139402560455195
0 0.895405669599218 0.5227596017069701 0.022482893450635387 0.031294452347083924
