0 0.08935546875 0.49271523178807947 0.0078125 0.04900662251655629
0 0.16845703125 0.5397350993377483 0.005859375 0.02119205298013245
0 0.3056640625 0.49933774834437084 0.0068359375 0.030463576158940398
0 0.4267578125 0.5569536423841059 0.0068359375 0.02384105960264901
0 0.45166015625 0.6735099337748345 0.015625 0.4423841059602649
0 0.7421875 0.476158940397351 0.0068359375 0.07947019867549669
0 0.68310546875 0.49205298013245036 0.005859375 0.05033112582781457
0 0.70751953125 0.56158940397351 0.005859375 0.07019867549668875
0 0.77978515625 0.5801324503311258 0.0078125 0.11258278145695365
0 0.80908203125 0.5529801324503312 0.005859375 0.052980132450331126
0 0.875 0.5496688741721855 0.0068359375 0.04105960264900662
