0 0.11279296875 0.6571834992887624 0.0078125 0.22901849217638692
0 0.08935546875 0.5455192034139402 0.005859375 0.03698435277382646
0 0.31884765625 0.569701280227596 0.005859375 0.07681365576102418
0 0.3662109375 0.4615931721194879 0.0068359375 0.13655761024182078
0 0.6591796875 0.45305832147937414 0.0048828125 0.05405405405405406
0 0.52685546875 0.5341394025604552 0.005859375 0.01991465149359886
0 0.6935840707964601 0.5157353441005048 0.004321073008849652 0.05538841123377692
0 0.7800055309734513 0.4899293797756769 0.007777931415929196 0.046576618537494174
0 0.1552734375 0.542674253200569 0.0048828125 0.034139402560455195
0 0.21435546875 0.4665718349928876 0.005859375 0.08961593172119488
0 0.22607421875 0.542674253200569 0.0625 0.15647226173541964
0 0.671875 0.5924608819345661 0.0205078125 0.06827880512091039
0 0.51025390625 0.581081081081081 0.0078125 0.22190611664295876
