0 0.08113391984359726 0.5331125827814569 0.006842619745845552 0.04768211920529802
0 0.28983382209188663 0.4960264900662252 0.007820136852394917 0.04768211920529802
0 0.35043988269794724 0.47152317880794703 0.007820136852394917 0.0781456953642384
0 0.520039100684262 0.4642384105960265 0.006842619745845552 0.06622516556291391
0 0.6319648093841642 0.5854304635761589 0.007820136852394917 0.12582781456953643
0 0.6422287390029325 0.4966887417218543 0.006842619745845552 0.04370860927152318
0 0.8137829912023461 0.5344370860927152 0.005865102639296188 0.10066225165562914
0 0.8279569892473119 0.5668874172185431 0.006842619745845552 0.08609271523178808
0 0.16422287390029325 0.5629139072847682 0.01270772238514174 0.08079470198675497
0 0.7179863147605083 0.4913907284768212 0.006842619745845552 0.05827814569536424
0 0.7209188660801564 0.5496688741721855 0.01466275659824047 0.04768211920529802
0 0.2155425219941349 0.5390728476821192 0.01270772238514174 0.07682119205298013
0 0.10654936461388075 0.5059602649006623 0.005865102639296188 0.02384105960264901
0 0.10752688172043011 0.5377483443708609 0.007820136852394917 0.026490066225165563
0 0.8543499511241447 0.4814569536423841 0.005865102639296188 0.054304635761589407
