0 0.1689453125 0.6031294452347084 0.0068359375 0.155049786628734
0 0.19873046875 0.4871977240398293 0.009765625 0.20768136557610242
0 0.22607421875 0.5149359886201992 0.005859375 0.07254623044096728
0 0.251953125 0.48933143669985774 0.0068359375 0.06685633001422475
0 0.37060546875 0.492176386913229 0.005859375 0.14082503556187767
0 0.3564453125 0.5483641536273115 0.0048828125 0.04267425320056899
0 0.55029296875 0.5142247510668563 0.005859375 0.08534850640113797
0 0.47119140625 0.5547652916073968 0.005859375 0.05832147937411095
0 0.47119140625 0.4779516358463727 0.009765625 0.041251778093883355
0 0.693359375 0.6088193456614509 0.0068359375 0.1721194879089616
0 0.7099609375 0.6330014224751067 0.0068359375 0.21763869132290184
0 0.86767578125 0.47581792318634425 0.005859375 0.08250355618776671
0 0.71044921875 0.4516358463726885 0.005859375 0.09957325746799431
0 0.64111328125 0.5633001422475107 0.005859375 0.07254623044096728
0 0.6708984375 0.5355618776671408 0.0068359375 0.025604551920341393
0 0.63916015625 0.4879089615931721 0.02734375 0.06116642958748222
0 0.6045699668141593 0.5044058963481414 0.021605365044247704 0.11329447752363446
