0 0.09530791788856305 0.4814569536423841 0.005865102639296188 0.045033112582781455
0 0.10459433040078202 0.5735099337748344 0.006842619745845552 0.054304635761589407
0 0.11290322580645161 0.5503311258278145 0.005865102639296188 0.015894039735099338
0 0.1652003910068426 0.5841059602649007 0.004887585532746823 0.05695364238410596
0 0.1827956989247312 0.5543046357615894 0.006842619745845552 0.060927152317880796
0 0.2179863147605083 0.5562913907284768 0.006842619745845552 0.06490066225165562
0 0.22238514173998045 0.4947019867549669 0.007820136852394917 0.0423841059602649
0 0.24193548387096775 0.5423841059602649 0.005865102639296188 0.03708609271523179
0 0.2668621700879765 0.5503311258278145 0.004887585532746823 0.03708609271523179
0 0.28885630498533726 0.46622516556291393 0.007820136852394917 0.09933774834437085
0 0.29765395894428154 0.6940397350993377 0.007820136852394917 0.31390728476821195
0 0.40371456500488756 0.56158940397351 0.006842619745845552 0.054304635761589407
0 0.4335288367546432 0.4966887417218543 0.005865102639296188 0.04105960264900662
0 0.4780058651026393 0.4602649006622517 0.010752688172043012 0.11125827814569536
0 0.47751710654936463 0.5112582781456954 0.015640273704789834 0.21589403973509932
0 0.4975562072336266 0.5271523178807948 0.008797653958944282 0.03576158940397351
0 0.5351906158357771 0.5006622516556292 0.005865102639296188 0.033112582781456956
0 0.5747800586510264 0.4695364238410596 0.006842619745845552 0.026490066225165563
0 0.5953079178885631 0.5516556291390728 0.008797653958944282 0.015894039735099338
0 0.655425219941349 0.5748344370860927 0.005865102639296188 0.04105960264900662
0 0.750733137829912 0.4794701986754967 0.006842619745845552 0.054304635761589407
0 0.8040078201368523 0.6132450331125828 0.005865102639296188 0.03576158940397351
0 0.1560070753619141 0.5151371807000946 0.009309686729041563 0.17029328287606432
0 0.2360703812316716 0.5296436455376853 0.009309686729041563 0.05802585935036264
