0 0.11279296875 0.5718349928876245 0.005859375 0.20625889046941678
0 0.10302734375 0.4751066856330014 0.005859375 0.049786628733997154
0 0.31982421875 0.5817923186344239 0.005859375 0.07823613086770982
0 0.3603515625 0.561877667140825 0.0087890625 0.05263157894736842
0 0.3720703125 0.585348506401138 0.0048828125 0.059743954480796585
0 0.4033203125 0.4701280227596017 0.0068359375 0.05405405405405406
0 0.41015625 0.5497866287339972 0.0068359375 0.051209103840682786
0 0.4697265625 0.561877667140825 0.0048828125 0.06401137980085349
0 0.52685546875 0.5128022759601707 0.0078125 0.12802275960170698
0 0.79638671875 0.5071123755334281 0.005859375 0.1337126600284495
0 0.78125 0.49431009957325744 0.0068359375 0.11095305832147938
0 0.90283203125 0.4822190611664296 0.005859375 0.05832147937411095
0 0.22314453125 0.5440967283072546 0.052734375 0.1507823613086771
0 0.67333984375 0.5725462304409673 0.021484375 0.09388335704125178
