0 0.0859375 0.5611664295874822 0.0068359375 0.3015647226173542
0 0.20849609375 0.5177809388335705 0.005859375 0.12375533428165007
0 0.5419921875 0.4786628733997155 0.0048828125 0.07112375533428165
0 0.57568359375 0.5227596017069701 0.005859375 0.07112375533428165
0 0.6103515625 0.5554765291607396 0.0068359375 0.059743954480796585
0 0.7158203125 0.5113798008534851 0.0126953125 0.1251778093883357
0 0.833984375 0.5042674253200569 0.0048828125 0.02844950213371266
0 0.8916015625 0.5540540540540541 0.0068359375 0.04551920341394026
0 0.181640625 0.5512091038406828 0.0048828125 0.031294452347083924
0 0.2236328125 0.4957325746799431 0.0068359375 0.04836415362731152
