0 0.12158203125 0.4672830725462304 0.005859375 0.13086770981507823
0 0.28125 0.5248933143669986 0.0048828125 0.04694167852062589
0 0.3017578125 0.615931721194879 0.0087890625 0.1806543385490754
0 0.3681640625 0.5704125177809388 0.0068359375 0.08108108108108109
0 0.42333984375 0.5128022759601707 0.0078125 0.06543385490753911
0 0.38818359375 0.5675675675675675 0.005859375 0.08108108108108109
0 0.392578125 0.46870554765291605 0.0048828125 0.04836415362731152
0 0.50732421875 0.4566145092460882 0.005859375 0.12375533428165007
0 0.4775390625 0.5440967283072546 0.0048828125 0.03982930298719772
0 0.58544921875 0.45305832147937414 0.005859375 0.09672830725462304
0 0.65673828125 0.4786628733997155 0.005859375 0.07681365576102418
0 0.83251953125 0.49431009957325744 0.005859375 0.2532005689900427
0 0.84521484375 0.6002844950213371 0.005859375 0.10668563300142248
0 0.75 0.465149359886202 0.0048828125 0.03840682788051209
0 0.88623046875 0.5782361308677099 0.00390625 0.04551920341394026
