0 0.23388671875 0.4644381223328592 0.005859375 0.09672830725462304
0 0.26708984375 0.5355618776671408 0.0078125 0.025604551920341393
0 0.3154296875 0.5071123755334281 0.0068359375 0.02275960170697013
0 0.37744140625 0.4793741109530583 0.0078125 0.07823613086770982
0 0.4599609375 0.42105263157894735 0.0048828125 0.1721194879089616
0 0.44287109375 0.6059743954480796 0.005859375 0.03840682788051209
0 0.55908203125 0.46870554765291605 0.0078125 0.28165007112375534
0 0.626953125 0.5014224751066856 0.0048828125 0.034139402560455195
0 0.671875 0.4438122332859175 0.0068359375 0.10668563300142248
0 0.72021484375 0.5597439544807966 0.005859375 0.059743954480796585
0 0.7392578125 0.5803698435277382 0.0068359375 0.041251778093883355
0 0.77392578125 0.5014224751066856 0.005859375 0.02275960170697013
0 0.5401859789823008 0.5195118266846258 0.008642146017699082 0.057906066289857616
