0 0.14306640625 0.6237553342816501 0.0078125 0.19630156472261737
0 0.19775390625 0.6884779516358464 0.01953125 0.25177809388335703
0 0.27197265625 0.534850640113798 0.005859375 0.02702702702702703
0 0.33642578125 0.4829302987197724 0.0078125 0.1166429587482219
0 0.45751953125 0.5988620199146515 0.0078125 0.07539118065433854
0 0.52099609375 0.5071123755334281 0.0078125 0.17069701280227595
0 0.55615234375 0.5633001422475107 0.0078125 0.07539118065433854
0 0.58544921875 0.49288762446657186 0.005859375 0.05689900426742532
0 0.650390625 0.5917496443812233 0.0048828125 0.049786628733997154
0 0.70703125 0.5746799431009957 0.0068359375 0.07539118065433854
0 0.7568359375 0.5476529160739687 0.0107421875 0.10099573257467995
0 0.82861328125 0.561877667140825 0.005859375 0.07539118065433854
0 0.8525390625 0.4544807965860597 0.0048828125 0.08819345661450925
0 0.85888671875 0.5533428165007113 0.005859375 0.05547652916073969
0 0.8828125 0.5163584637268848 0.0068359375 0.05263157894736842
