0 0.07568359375 0.5642384105960265 0.005859375 0.038410596026490065
0 0.134765625 0.5397350993377483 0.0068359375 0.031788079470198675
0 0.138671875 0.45695364238410596 0.0107421875 0.1205298013245033
0 0.150390625 0.5536423841059602 0.0068359375 0.04105960264900662
0 0.19189453125 0.5701986754966888 0.005859375 0.04768211920529802
0 0.2314453125 0.5403973509933775 0.0068359375 0.03576158940397351
0 0.3017578125 0.571523178807947 0.0068359375 0.09801324503311258
0 0.42919921875 0.5761589403973509 0.0234375 0.1629139072847682
0 0.5009765625 0.5052980132450331 0.0068359375 0.018543046357615896
0 0.55029296875 0.5986754966887418 0.005859375 0.0728476821192053
0 0.5986328125 0.56158940397351 0.0068359375 0.04105960264900662
0 0.62109375 0.5099337748344371 0.0068359375 0.08874172185430464
0 0.69384765625 0.5245033112582781 0.013671875 0.27417218543046357
0 0.81884765625 0.4304635761589404 0.0078125 0.17880794701986755
0 0.8798828125 0.547682119205298 0.0068359375 0.04768211920529802
0 0.75634765625 0.5708609271523178 0.005859375 0.04370860927152318
0 0.8376116071428572 0.533427940712709 0.008370535714285698 0.10091453800063073
