0 0.16455078125 0.5440967283072546 0.005859375 0.02844950213371266
0 0.1630859375 0.45590327169274536 0.0048828125 0.025604551920341393
0 0.29931640625 0.531294452347084 0.005859375 0.06827880512091039
0 0.48828125 0.4864864864864865 0.0107421875 0.03556187766714083
0 0.50048828125 0.48862019914651494 0.005859375 0.06258890469416785
0 0.51123046875 0.5049786628733998 0.00390625 0.02418207681365576
0 0.6357421875 0.47368421052631576 0.0029296875 0.01849217638691323
0 0.72705078125 0.47581792318634425 0.005859375 0.017069701280227598
0 0.76708984375 0.5234708392603129 0.005859375 0.05832147937411095
0 0.83544921875 0.47652916073968704 0.005859375 0.05263157894736842
