0 0.07373046875 0.5064011379800853 0.0078125 0.10668563300142248
0 0.08056640625 0.4665718349928876 0.0078125 0.0953058321479374
0 0.07666015625 0.4950213371266003 0.015625 0.1379800853485064
0 0.26318359375 0.5604551920341394 0.005859375 0.05263157894736842
0 0.3310546875 0.4566145092460882 0.0087890625 0.12375533428165007
0 0.333984375 0.5021337126600285 0.0126953125 0.14935988620199148
0 0.3984375 0.5405405405405406 0.0068359375 0.032716927453769556
0 0.310546875 0.5014224751066856 0.0087890625 0.09957325746799431
0 0.47509765625 0.5184921763869133 0.005859375 0.05689900426742532
0 0.52197265625 0.5625889046941679 0.005859375 0.26173541963015645
0 0.5458984375 0.4864864864864865 0.0185546875 0.021337126600284494
0 0.599609375 0.5689900426742532 0.0068359375 0.06970128022759602
0 0.56640625 0.4950213371266003 0.0048828125 0.044096728307254626
0 0.65087890625 0.615931721194879 0.0078125 0.1806543385490754
0 0.6689453125 0.46372688477951635 0.0048828125 0.06116642958748222
0 0.87255859375 0.45874822190611664 0.005859375 0.06258890469416785
0 0.888671875 0.5362731152204836 0.0068359375 0.16927453769559034
0 0.83251953125 0.5633001422475107 0.005859375 0.06401137980085349
