0 0.0673828125 0.5443708609271524 0.0087890625 0.10198675496688742
0 0.087890625 0.4986754966887417 0.0068359375 0.026490066225165563
0 0.17529296875 0.5986754966887418 0.005859375 0.13642384105960265
0 0.19921875 0.4423841059602649 0.0068359375 0.022516556291390728
0 0.1943359375 0.5602649006622517 0.0068359375 0.16821192052980133
0 0.279296875 0.5291390728476821 0.0068359375 0.09006622516556291
0 0.32421875 0.5801324503311258 0.0068359375 0.06490066225165562
0 0.42626953125 0.614569536423841 0.005859375 0.0728476821192053
0 0.45751953125 0.47152317880794703 0.005859375 0.033112582781456956
0 0.51416015625 0.5490066225165563 0.005859375 0.04768211920529802
0 0.53857421875 0.5860927152317881 0.0078125 0.10860927152317881
0 0.56689453125 0.5662251655629139 0.005859375 0.02913907284768212
0 0.69873046875 0.5324503311258278 0.005859375 0.01456953642384106
0 0.81005859375 0.5642384105960265 0.009765625 0.05695364238410596
0 0.85107421875 0.5370860927152318 0.005859375 0.015894039735099338
0 0.87255859375 0.5596026490066225 0.005859375 0.05827814569536424
0 0.89892578125 0.5887417218543046 0.005859375 0.03708609271523179
0 0.87939453125 0.5490066225165563 0.005859375 0.013245033112582781
0 0.41455078125 0.4860927152317881 0.005859375 0.022516556291390728
0 0.14892578125 0.47218543046357614 0.033203125 0.04768211920529802
