0 0.13818359375 0.4957325746799431 0.005859375 0.03982930298719772
0 0.2119140625 0.4751066856330014 0.0087890625 0.08961593172119488
0 0.22607421875 0.527027027027027 0.005859375 0.04267425320056899
0 0.34326171875 0.5106685633001422 0.0078125 0.14082503556187767
0 0.40283203125 0.5440967283072546 0.005859375 0.07965860597439545
0 0.384765625 0.5320056899004267 0.0048828125 0.01849217638691323
0 0.59423828125 0.5448079658605974 0.005859375 0.03840682788051209
0 0.685546875 0.4879089615931721 0.0048828125 0.04694167852062589
0 0.8046875 0.5341394025604552 0.0068359375 0.02275960170697013
0 0.07666015625 0.5604551920341394 0.02734375 0.05263157894736842
0 0.30224609375 0.5142247510668563 0.0234375 0.14793741109530584
