0 0.14599609375 0.5163584637268848 0.005859375 0.06685633001422475
0 0.109375 0.5320056899004267 0.0068359375 0.012802275960170697
0 0.31689453125 0.5768136557610242 0.005859375 0.06543385490753911
0 0.3720703125 0.5241820768136558 0.0068359375 0.07681365576102418
0 0.26416015625 0.5042674253200569 0.005859375 0.01422475106685633
0 0.5107421875 0.4800853485064011 0.0048828125 0.03982930298719772
0 0.5888671875 0.5889046941678521 0.0048828125 0.021337126600284494
0 0.6005859375 0.4950213371266003 0.0068359375 0.07823613086770982
0 0.8623046875 0.5583214793741109 0.0244140625 0.09388335704125178
0 0.87744140625 0.49288762446657186 0.02734375 0.02844950213371266
