0 0.17578125 0.5350993377483444 0.0068359375 0.046357615894039736
0 0.35546875 0.5086092715231788 0.0087890625 0.03576158940397351
0 0.38525390625 0.4867549668874172 0.005859375 0.02913907284768212
0 0.419921875 0.5443708609271524 0.0048828125 0.030463576158940398
0 0.45751953125 0.5913907284768212 0.005859375 0.060927152317880796
0 0.513671875 0.49933774834437084 0.0068359375 0.05695364238410596
0 0.6484375 0.5503311258278145 0.0068359375 0.018543046357615896
0 0.6826171875 0.562251655629139 0.0048828125 0.03708609271523179
0 0.703125 0.5178807947019868 0.0048828125 0.019867549668874173
0 0.7353515625 0.5225165562913907 0.0068359375 0.06357615894039735
0 0.74462890625 0.5649006622516556 0.005859375 0.02119205298013245
0 0.80712890625 0.5596026490066225 0.005859375 0.04768211920529802
