0 0.111328125 0.5391180654338549 0.0087890625 0.11522048364153627
0 0.1337890625 0.4871977240398293 0.0068359375 0.04267425320056899
0 0.373046875 0.5327169274537695 0.0048828125 0.031294452347083924
0 0.5498046875 0.4950213371266003 0.0048828125 0.03556187766714083
0 0.62890625 0.5085348506401138 0.0068359375 0.04836415362731152
0 0.876953125 0.4957325746799431 0.0048828125 0.02844950213371266
0 0.69970703125 0.5007112375533428 0.005859375 0.02702702702702703
0 0.89501953125 0.45803698435277385 0.005859375 0.03840682788051209
0 0.521484375 0.4950213371266003 0.0048828125 0.032716927453769556
0 0.23974609375 0.49431009957325744 0.005859375 0.01991465149359886
