0 0.11767578125 0.7112582781456953 0.0078125 0.2370860927152318
0 0.2060546875 0.6245033112582782 0.0166015625 0.14834437086092717
0 0.32373046875 0.6218543046357616 0.005859375 0.04768211920529802
0 0.61083984375 0.580794701986755 0.005859375 0.02913907284768212
0 0.57861328125 0.48741721854304637 0.005859375 0.04370860927152318
0 0.81103515625 0.523841059602649 0.005859375 0.039735099337748346
0 0.66455078125 0.5311258278145695 0.005859375 0.038410596026490065
0 0.51416015625 0.5105960264900662 0.0078125 0.2728476821192053
0 0.6748046875 0.676158940397351 0.0166015625 0.06622516556291391
0 0.22412109375 0.6748344370860927 0.029296875 0.04768211920529802
