0 0.11279296875 0.6621621621621622 0.0078125 0.44950213371266
0 0.197265625 0.5526315789473685 0.0087890625 0.1422475106685633
0 0.50927734375 0.5590327169274538 0.0078125 0.3058321479374111
0 0.60498046875 0.5497866287339972 0.005859375 0.03982930298719772
0 0.6533203125 0.5433854907539118 0.0068359375 0.03840682788051209
0 0.69384765625 0.48577524893314367 0.005859375 0.04551920341394026
0 0.6591796875 0.4615931721194879 0.0048828125 0.03982930298719772
0 0.3173828125 0.5412517780938834 0.0068359375 0.03982930298719772
0 0.0888671875 0.5917496443812233 0.0068359375 0.06116642958748222
0 0.099609375 0.4907539118065434 0.0048828125 0.02418207681365576
0 0.80419921875 0.4786628733997155 0.005859375 0.03698435277382646
0 0.22021484375 0.5981507823613087 0.041015625 0.05689900426742532
0 0.671875 0.60099573257468 0.0263671875 0.08250355618776671
