0 0.18115234375 0.5184921763869133 0.005859375 0.051209103840682786
0 0.19140625 0.5725462304409673 0.0048828125 0.04836415362731152
0 0.19677734375 0.4601706970128023 0.005859375 0.10526315789473684
0 0.2646484375 0.5014224751066856 0.0068359375 0.13086770981507823
0 0.3154296875 0.5497866287339972 0.0048828125 0.025604551920341393
0 0.47509765625 0.4672830725462304 0.005859375 0.03698435277382646
0 0.50341796875 0.5099573257467994 0.005859375 0.21906116642958748
0 0.54052734375 0.44096728307254623 0.06640625 0.06970128022759602
0 0.537109375 0.5433854907539118 0.0048828125 0.041251778093883355
0 0.55615234375 0.5689900426742532 0.005859375 0.04694167852062589
0 0.58544921875 0.6230440967283073 0.0078125 0.06116642958748222
0 0.64111328125 0.5369843527738265 0.005859375 0.13086770981507823
0 0.66748046875 0.457325746799431 0.005859375 0.07681365576102418
0 0.8017578125 0.46301564722617355 0.0048828125 0.04267425320056899
0 0.828125 0.5476529160739687 0.0068359375 0.044096728307254626
0 0.87548828125 0.5462304409672831 0.060546875 0.12375533428165007
0 0.5859375 0.5419630156472262 0.0068359375 0.041251778093883355
