0 0.20263671875 0.66158940397351 0.005859375 0.05033112582781457
0 0.18798828125 0.6814569536423841 0.005859375 0.013245033112582781
0 0.3046875 0.6119205298013245 0.0068359375 0.08079470198675497
0 0.41162109375 0.7211920529801324 0.005859375 0.045033112582781455
0 0.4873046875 0.6622516556291391 0.0087890625 0.10728476821192053
0 0.50439453125 0.6258278145695364 0.0078125 0.03708609271523179
0 0.58203125 0.6198675496688741 0.0048828125 0.019867549668874173
0 0.66259765625 0.6403973509933775 0.005859375 0.03443708609271523
0 0.80615234375 0.6589403973509934 0.005859375 0.05033112582781457
0 0.83154296875 0.7013245033112583 0.005859375 0.03708609271523179
0 0.85205078125 0.6443708609271523 0.005859375 0.02384105960264901
0 0.16843377976190477 0.6602018290760012 0.007440476190476192 0.07694733522548089
