0 0.09765625 0.47652916073968704 0.0068359375 0.03840682788051209
0 0.16259765625 0.44594594594594594 0.005859375 0.08819345661450925
0 0.28466796875 0.5135135135135135 0.0078125 0.3200568990042674
0 0.48388671875 0.46870554765291605 0.005859375 0.05689900426742532
0 0.5 0.4644381223328592 0.0068359375 0.24182076813655762
0 0.521484375 0.4423897581792319 0.0048828125 0.10953058321479374
0 0.55712890625 0.5305832147937412 0.005859375 0.06685633001422475
0 0.60595703125 0.49431009957325744 0.005859375 0.10241820768136557
0 0.6064453125 0.6273115220483642 0.0048828125 0.05263157894736842
0 0.60595703125 0.5675675675675675 0.005859375 0.029871977240398292
0 0.28515625 0.6436699857752489 0.0068359375 0.18207681365576103
0 0.67822265625 0.5789473684210527 0.005859375 0.08108108108108109
0 0.7041015625 0.5469416785206259 0.0068359375 0.025604551920341393
0 0.72412109375 0.5526315789473685 0.005859375 0.04836415362731152
0 0.7646484375 0.4800853485064011 0.0068359375 0.06258890469416785
0 0.87646484375 0.5682788051209103 0.005859375 0.059743954480796585
0 0.82080078125 0.49288762446657186 0.005859375 0.02275960170697013
