0 0.09814453125 0.5397350993377483 0.005859375 0.015894039735099338
0 0.13916015625 0.5019867549668874 0.0078125 0.04900662251655629
0 0.21875 0.5708609271523178 0.0048828125 0.05695364238410596
0 0.25 0.5059602649006623 0.0048828125 0.011920529801324504
0 0.30712890625 0.5298013245033113 0.00390625 0.033112582781456956
0 0.35009765625 0.4695364238410596 0.005859375 0.031788079470198675
0 0.4599609375 0.5337748344370861 0.0068359375 0.03576158940397351
0 0.46826171875 0.4609271523178808 0.005859375 0.06754966887417219
0 0.48828125 0.5894039735099338 0.0068359375 0.22913907284768212
0 0.54541015625 0.5390728476821192 0.009765625 0.295364238410596
0 0.576171875 0.5768211920529801 0.0107421875 0.06622516556291391
0 0.59033203125 0.5079470198675496 0.005859375 0.03708609271523179
0 0.66455078125 0.5662251655629139 0.005859375 0.03708609271523179
0 0.62646484375 0.5311258278145695 0.00390625 0.01456953642384106
0 0.73779296875 0.48344370860927155 0.005859375 0.038410596026490065
0 0.85400390625 0.5543046357615894 0.0078125 0.19602649006622516
0 0.798828125 0.5874172185430464 0.0048828125 0.010596026490066225
0 0.884765625 0.5397350993377483 0.0068359375 0.0423841059602649
