0 0.11962890625 0.6500711237553343 0.009765625 0.3456614509246088
0 0.14208984375 0.4871977240398293 0.0078125 0.16500711237553342
0 0.18017578125 0.492176386913229 0.0078125 0.08108108108108109
0 0.2607421875 0.5113798008534851 0.0087890625 0.13086770981507823
0 0.36328125 0.566145092460882 0.0068359375 0.07254623044096728
0 0.39599609375 0.4623044096728307 0.0078125 0.08961593172119488
0 0.46435546875 0.5334281650071123 0.005859375 0.06970128022759602
0 0.521484375 0.4971550497866287 0.0068359375 0.06827880512091039
0 0.38232421875 0.5419630156472262 0.005859375 0.02702702702702703
0 0.5458984375 0.5604551920341394 0.0048828125 0.029871977240398292
0 0.62158203125 0.5483641536273115 0.005859375 0.051209103840682786
0 0.67822265625 0.44523470839260315 0.033203125 0.08108108108108109
0 0.658203125 0.5490753911806543 0.0048828125 0.041251778093883355
0 0.72216796875 0.5071123755334281 0.005859375 0.05689900426742532
0 0.77880859375 0.5633001422475107 0.005859375 0.06685633001422475
0 0.89111328125 0.5391180654338549 0.005859375 0.02702702702702703
0 0.7744140625 0.4957325746799431 0.0068359375 0.03698435277382646
0 0.85400390625 0.4914651493598862 0.013671875 0.08250355618776671
