0 0.3173828125 0.5633001422475107 0.0048828125 0.06970128022759602
0 0.3701171875 0.5106685633001422 0.0048828125 0.049786628733997154
0 0.44189453125 0.585348506401138 0.005859375 0.04551920341394026
0 0.47119140625 0.5341394025604552 0.005859375 0.031294452347083924
0 0.48779296875 0.5078236130867709 0.005859375 0.05547652916073969
0 0.54833984375 0.5064011379800853 0.005859375 0.02702702702702703
0 0.5888671875 0.5803698435277382 0.0048828125 0.02702702702702703
0 0.89306640625 0.5583214793741109 0.005859375 0.04836415362731152
0 0.11279296875 0.4914651493598862 0.005859375 0.02275960170697013
0 0.14990234375 0.5049786628733998 0.005859375 0.041251778093883355
