0 0.1416015625 0.5814569536423841 0.0068359375 0.1152317880794702
0 0.18115234375 0.5205298013245033 0.005859375 0.04370860927152318
0 0.2451171875 0.5086092715231788 0.0068359375 0.030463576158940398
0 0.275390625 0.5728476821192053 0.0048828125 0.045033112582781455
0 0.33935546875 0.5331125827814569 0.00390625 0.007947019867549669
0 0.44580078125 0.5205298013245033 0.005859375 0.03576158940397351
0 0.474609375 0.48410596026490066 0.0048828125 0.09006622516556291
0 0.640625 0.5582781456953643 0.0107421875 0.05562913907284768
0 0.6669921875 0.5099337748344371 0.0048828125 0.03576158940397351
0 0.734375 0.5304635761589404 0.0068359375 0.11125827814569536
0 0.87255859375 0.49735099337748345 0.005859375 0.08741721854304636
0 0.77392578125 0.5079470198675496 0.00390625 0.015894039735099338
0 0.42431640625 0.5483443708609271 0.005859375 0.02781456953642384
