0 0.4404296875 0.5476529160739687 0.0048828125 0.11522048364153627
0 0.2021484375 0.5761024182076814 0.0146484375 0.0953058321479374
0 0.1513671875 0.5689900426742532 0.0048828125 0.041251778093883355
0 0.16162109375 0.47581792318634425 0.0078125 0.04836415362731152
0 0.107421875 0.49359886201991465 0.0146484375 0.03556187766714083
0 0.494140625 0.5469416785206259 0.0048828125 0.04267425320056899
0 0.50927734375 0.5120910384068279 0.005859375 0.09815078236130868
0 0.63720703125 0.4992887624466572 0.005859375 0.032716927453769556
0 0.87255859375 0.5625889046941679 0.00390625 0.04267425320056899
0 0.212890625 0.4957325746799431 0.0361328125 0.03982930298719772
0 0.6728515625 0.6109530583214794 0.0263671875 0.08819345661450925
0 0.6650390625 0.4445234708392603 0.0166015625 0.06258890469416785
