0 0.16845703125 0.5327169274537695 0.005859375 0.08819345661450925
0 0.2431640625 0.515647226173542 0.0068359375 0.034139402560455195
0 0.29443359375 0.5405405405405406 0.005859375 0.032716927453769556
0 0.31884765625 0.5170697012802276 0.005859375 0.1593172119487909
0 0.3427734375 0.5938833570412517 0.0048828125 0.03698435277382646
0 0.357421875 0.5512091038406828 0.0068359375 0.05689900426742532
0 0.439453125 0.5768136557610242 0.0048828125 0.03698435277382646
0 0.47802734375 0.5576102418207681 0.005859375 0.049786628733997154
0 0.5068359375 0.48079658605974396 0.0048828125 0.049786628733997154
0 0.5859375 0.5263157894736842 0.0068359375 0.041251778093883355
0 0.6318359375 0.519203413940256 0.0068359375 0.13513513513513514
0 0.7392578125 0.5369843527738265 0.0048828125 0.01991465149359886
0 0.75048828125 0.4957325746799431 0.005859375 0.01422475106685633
0 0.796875 0.5512091038406828 0.0048828125 0.03698435277382646
0 0.82275390625 0.5803698435277382 0.00390625 0.02418207681365576
