0 0.1435546875 0.5846372688477952 0.0087890625 0.08677098150782361
0 0.1630859375 0.5547652916073968 0.0068359375 0.11806543385490754
0 0.19482421875 0.5369843527738265 0.005859375 0.11095305832147938
0 0.26708984375 0.5213371266002845 0.005859375 0.06827880512091039
0 0.3291015625 0.48862019914651494 0.0048828125 0.04836415362731152
0 0.33544921875 0.457325746799431 0.009765625 0.08534850640113797
0 0.5556640625 0.5689900426742532 0.0068359375 0.02702702702702703
0 0.58447265625 0.4829302987197724 0.005859375 0.07396870554765292
0 0.69580078125 0.4786628733997155 0.005859375 0.07965860597439545
0 0.75634765625 0.596728307254623 0.0078125 0.034139402560455195
0 0.828125 0.4352773826458037 0.0068359375 0.16358463726884778
0 0.859375 0.5497866287339972 0.0068359375 0.1166429587482219
0 0.8720703125 0.5803698435277382 0.0048828125 0.049786628733997154
