0 0.1640625 0.5405405405405406 0.0068359375 0.01849217638691323
0 0.16259765625 0.47581792318634425 0.005859375 0.04551920341394026
0 0.185546875 0.5085348506401138 0.0048828125 0.017069701280227598
0 0.2236328125 0.4601706970128023 0.0068359375 0.051209103840682786
0 0.29931640625 0.6785206258890469 0.0078125 0.3712660028449502
0 0.4033203125 0.569701280227596 0.0048828125 0.01991465149359886
0 0.48583984375 0.4864864864864865 0.005859375 0.041251778093883355
0 0.50048828125 0.4822190611664296 0.005859375 0.05547652916073969
0 0.5107421875 0.4594594594594595 0.0048828125 0.02702702702702703
0 0.48583984375 0.5320056899004267 0.005859375 0.015647226173541962
0 0.54296875 0.47368421052631576 0.0048828125 0.02702702702702703
0 0.576171875 0.5021337126600285 0.0068359375 0.02702702702702703
0 0.6572265625 0.5440967283072546 0.0068359375 0.02275960170697013
0 0.57763671875 0.6116642958748222 0.005859375 0.02418207681365576
0 0.76708984375 0.5064011379800853 0.005859375 0.12375533428165007
0 0.77734375 0.4438122332859175 0.0068359375 0.1379800853485064
0 0.8349609375 0.4423897581792319 0.0068359375 0.14366998577524892
