0 0.07421875 0.4914651493598862 0.0068359375 0.05689900426742532
0 0.08203125 0.5497866287339972 0.0068359375 0.05689900426742532
0 0.162109375 0.542674253200569 0.0068359375 0.1593172119487909
0 0.19775390625 0.6116642958748222 0.009765625 0.17780938833570412
0 0.263671875 0.7034139402560455 0.0087890625 0.3442389758179232
0 0.33349609375 0.5718349928876245 0.013671875 0.2460881934566145
0 0.3994140625 0.4786628733997155 0.0068359375 0.08250355618776671
0 0.40771484375 0.55049786628734 0.005859375 0.044096728307254626
0 0.3994140625 0.5248933143669986 0.0087890625 0.15220483641536273
0 0.52294921875 0.49359886201991465 0.0078125 0.3684210526315789
0 0.70361328125 0.4793741109530583 0.005859375 0.05547652916073969
0 0.7412109375 0.4352773826458037 0.0068359375 0.10953058321479374
0 0.7412109375 0.5604551920341394 0.0068359375 0.07254623044096728
0 0.85791015625 0.5711237553342816 0.009765625 0.09672830725462304
0 0.85888671875 0.4900426742532006 0.0078125 0.03698435277382646
