0 0.1630859375 0.5483641536273115 0.0068359375 0.15647226173541964
0 0.3447265625 0.5064011379800853 0.0068359375 0.09815078236130868
0 0.37060546875 0.5490753911806543 0.0078125 0.10384068278805121
0 0.5146484375 0.566145092460882 0.0068359375 0.06970128022759602
0 0.74609375 0.5448079658605974 0.0068359375 0.04694167852062589
0 0.8544921875 0.47155049786628733 0.0068359375 0.09388335704125178
0 0.9033203125 0.5391180654338549 0.0068359375 0.044096728307254626
0 0.2685546875 0.5256045519203414 0.0048828125 0.05405405405405406
0 0.13818359375 0.5035561877667141 0.005859375 0.032716927453769556
0 0.4462890625 0.4772403982930299 0.0048828125 0.06543385490753911
0 0.529296875 0.465149359886202 0.0048828125 0.06401137980085349
0 0.71484375 0.47581792318634425 0.0068359375 0.08250355618776671
0 0.7822265625 0.5483641536273115 0.0048828125 0.04551920341394026
0 0.693359375 0.5220483641536273 0.0048828125 0.04694167852062589
0 0.71630859375 0.5725462304409673 0.009765625 0.07965860597439545
0 0.81884765625 0.5071123755334281 0.005859375 0.02275960170697013
0 0.28271484375 0.5362731152204836 0.00390625 0.01849217638691323
