0 0.11083984375 0.5021337126600285 0.005859375 0.14082503556187767
0 0.15185546875 0.5910384068278806 0.005859375 0.11948790896159317
0 0.1337890625 0.46870554765291605 0.0068359375 0.09103840682788052
0 0.21435546875 0.5320056899004267 0.005859375 0.05832147937411095
0 0.5498046875 0.4594594594594595 0.0068359375 0.08108108108108109
0 0.59033203125 0.5640113798008535 0.005859375 0.14793741109530584
0 0.771484375 0.5078236130867709 0.0048828125 0.08108108108108109
0 0.7998046875 0.47581792318634425 0.0048828125 0.08250355618776671
0 0.86572265625 0.5021337126600285 0.005859375 0.03556187766714083
0 0.87646484375 0.5163584637268848 0.005859375 0.03556187766714083
0 0.62744140625 0.5376955903271693 0.0224609375 0.06543385490753911
0 0.69921875 0.5184921763869133 0.00390625 0.05547652916073969
0 0.6455078125 0.5391180654338549 0.00390625 0.01991465149359886
