0 0.12890625 0.5625889046941679 0.0087890625 0.1678520625889047
0 0.21142578125 0.5640113798008535 0.005859375 0.025604551920341393
0 0.31298828125 0.585348506401138 0.005859375 0.03982930298719772
0 0.3837890625 0.527027027027027 0.0048828125 0.04836415362731152
0 0.34130859375 0.5078236130867709 0.005859375 0.07254623044096728
0 0.4248046875 0.5142247510668563 0.0048828125 0.034139402560455195
0 0.4619140625 0.569701280227596 0.0048828125 0.08534850640113797
0 0.52392578125 0.6038406827880513 0.005859375 0.09957325746799431
0 0.54443359375 0.519203413940256 0.005859375 0.049786628733997154
0 0.59033203125 0.5533428165007113 0.005859375 0.02418207681365576
0 0.60205078125 0.5611664295874822 0.005859375 0.025604551920341393
0 0.8232421875 0.6216216216216216 0.0166015625 0.15789473684210525
0 0.8681640625 0.5419630156472262 0.0087890625 0.1891891891891892
0 0.76318359375 0.5953058321479374 0.005859375 0.05689900426742532
