0 0.07575757575757576 0.5549668874172186 0.007820136852394917 0.04900662251655629
0 0.10263929618768329 0.5437086092715232 0.006842619745845552 0.039735099337748346
0 0.09726295210166178 0.4867549668874172 0.005865102639296188 0.04768211920529802
0 0.1217008797653959 0.5417218543046357 0.005865102639296188 0.030463576158940398
0 0.14516129032258066 0.5119205298013245 0.007820136852394917 0.04768211920529802
0 0.2883675464320626 0.5708609271523178 0.004887585532746823 0.04900662251655629
0 0.3597262952101662 0.44437086092715233 0.006842619745845552 0.10596026490066225
0 0.3763440860215054 0.5178807947019868 0.008797653958944282 0.12847682119205298
0 0.4946236559139785 0.5013245033112583 0.010752688172043012 0.11920529801324503
0 0.5640273704789834 0.4165562913907285 0.004887585532746823 0.10860927152317881
0 0.7653958944281525 0.4774834437086093 0.008797653958944282 0.07417218543046358
0 0.7673509286412512 0.547682119205298 0.006842619745845552 0.03443708609271523
0 0.7781036168132942 0.5059602649006623 0.006842619745845552 0.022516556291390728
0 0.8988269794721407 0.5496688741721855 0.007820136852394917 0.038410596026490065
0 0.30840664711632454 0.47218543046357614 0.007820136852394917 0.02913907284768212
0 0.34017595307917886 0.46688741721854304 0.04594330400782014 0.10066225165562914
