0 0.1806640625 0.5384068278805121 0.0068359375 0.02844950213371266
0 0.23095703125 0.60099573257468 0.005859375 0.07396870554765292
0 0.34423828125 0.5647226173541963 0.005859375 0.07539118065433854
0 0.353515625 0.5391180654338549 0.0068359375 0.029871977240398292
0 0.37451171875 0.5718349928876245 0.005859375 0.04694167852062589
0 0.4208984375 0.5597439544807966 0.0048828125 0.059743954480796585
0 0.4365234375 0.5490753911806543 0.0068359375 0.049786628733997154
0 0.46484375 0.5512091038406828 0.0068359375 0.03698435277382646
0 0.60009765625 0.5469416785206259 0.0078125 0.051209103840682786
0 0.650390625 0.5519203413940256 0.0048828125 0.05263157894736842
0 0.7119140625 0.5753911806543386 0.0048828125 0.034139402560455195
0 0.70458984375 0.48364153627311524 0.005859375 0.03840682788051209
0 0.6748046875 0.4544807965860597 0.0302734375 0.09388335704125178
0 0.6748046875 0.5476529160739687 0.0185546875 0.02418207681365576
