0 0.08837890625 0.5547652916073968 0.005859375 0.041251778093883355
0 0.09765625 0.5099573257467994 0.0048828125 0.017069701280227598
0 0.1123046875 0.5284495021337127 0.0048828125 0.011379800853485065
0 0.12548828125 0.5085348506401138 0.005859375 0.017069701280227598
0 0.158203125 0.49288762446657186 0.0068359375 0.11379800853485064
0 0.23583984375 0.5568990042674253 0.00390625 0.04267425320056899
0 0.29931640625 0.5369843527738265 0.005859375 0.04836415362731152
0 0.283203125 0.5419630156472262 0.0048828125 0.03556187766714083
0 0.36328125 0.5490753911806543 0.0048828125 0.044096728307254626
0 0.4033203125 0.5711237553342816 0.0048828125 0.02275960170697013
0 0.4619140625 0.5938833570412517 0.0068359375 0.09672830725462304
0 0.4267578125 0.5540540540540541 0.0087890625 0.02275960170697013
0 0.28466796875 0.5049786628733998 0.005859375 0.021337126600284494
0 0.4423828125 0.4480796586059744 0.0068359375 0.044096728307254626
0 0.4599609375 0.5021337126600285 0.0048828125 0.03556187766714083
0 0.4873046875 0.5384068278805121 0.0048828125 0.017069701280227598
0 0.51220703125 0.515647226173542 0.005859375 0.059743954480796585
0 0.52392578125 0.44096728307254623 0.005859375 0.049786628733997154
0 0.5390625 0.55049786628734 0.0068359375 0.02702702702702703
0 0.56201171875 0.5490753911806543 0.005859375 0.041251778093883355
0 0.5498046875 0.5305832147937412 0.0048828125 0.012802275960170697
0 0.576171875 0.4907539118065434 0.0048828125 0.02702702702702703
0 0.60693359375 0.48862019914651494 0.0078125 0.01422475106685633
0 0.62451171875 0.4907539118065434 0.005859375 0.05263157894736842
0 0.677734375 0.5625889046941679 0.0048828125 0.04551920341394026
0 0.69873046875 0.5590327169274538 0.005859375 0.012802275960170697
0 0.71875 0.5049786628733998 0.0048828125 0.021337126600284494
0 0.75341796875 0.4751066856330014 0.005859375 0.08108108108108109
0 0.72265625 0.569701280227596 0.0048828125 0.01422475106685633
0 0.7412109375 0.5604551920341394 0.0048828125 0.029871977240398292
0 0.73095703125 0.49857752489331436 0.005859375 0.034139402560455195
0 0.8193359375 0.5867709815078236 0.0068359375 0.025604551920341393
0 0.83056640625 0.5177809388335705 0.005859375 0.04694167852062589
0 0.765625 0.4793741109530583 0.0048828125 0.029871977240398292
0 0.8779296875 0.534850640113798 0.0068359375 0.02702702702702703
0 0.677734375 0.6351351351351351 0.0068359375 0.06543385490753911
0 0.5937672842920354 0.5333589294930702 0.008642146017699193 0.128400407860119
