0 0.14306640625 0.6386913229018493 0.0078125 0.22048364153627312
0 0.19970703125 0.6465149359886202 0.015625 0.1678520625889047
0 0.2626953125 0.4644381223328592 0.0068359375 0.10810810810810811
0 0.2724609375 0.5455192034139402 0.0068359375 0.031294452347083924
0 0.26416015625 0.6066856330014224 0.01171875 0.16500711237553342
0 0.28955078125 0.5604551920341394 0.005859375 0.03556187766714083
0 0.33544921875 0.4992887624466572 0.013671875 0.35988620199146515
0 0.45703125 0.5739687055476529 0.0087890625 0.07112375533428165
0 0.5224609375 0.581081081081081 0.0068359375 0.1166429587482219
0 0.517578125 0.4438122332859175 0.0048828125 0.06116642958748222
0 0.556640625 0.5483641536273115 0.0087890625 0.04551920341394026
0 0.5390625 0.534850640113798 0.0068359375 0.021337126600284494
0 0.548828125 0.48862019914651494 0.0205078125 0.01991465149359886
0 0.58544921875 0.49857752489331436 0.005859375 0.03982930298719772
0 0.70751953125 0.5625889046941679 0.0078125 0.059743954480796585
0 0.8291015625 0.5761024182076814 0.0048828125 0.049786628733997154
0 0.859375 0.5924608819345661 0.0068359375 0.031294452347083924
0 0.8828125 0.5021337126600285 0.0068359375 0.03556187766714083
