0 0.083984375 0.5689900426742532 0.0048828125 0.09246088193456614
0 0.2412109375 0.4850640113798009 0.0048828125 0.03556187766714083
0 0.251953125 0.5462304409672831 0.0048828125 0.03556187766714083
0 0.3125 0.5711237553342816 0.0048828125 0.07681365576102418
0 0.40185546875 0.534850640113798 0.005859375 0.11806543385490754
0 0.43896484375 0.5497866287339972 0.005859375 0.04551920341394026
0 0.45751953125 0.5021337126600285 0.005859375 0.03556187766714083
0 0.552734375 0.527027027027027 0.0048828125 0.051209103840682786
0 0.63037109375 0.47155049786628733 0.005859375 0.06827880512091039
0 0.66943359375 0.48150782361308675 0.005859375 0.06258890469416785
0 0.697265625 0.5412517780938834 0.0048828125 0.034139402560455195
0 0.73681640625 0.5405405405405406 0.00390625 0.029871977240398292
0 0.822265625 0.48862019914651494 0.0048828125 0.05689900426742532
0 0.8505859375 0.5007112375533428 0.0048828125 0.02418207681365576
0 0.873046875 0.628022759601707 0.0048828125 0.07681365576102418
0 0.35697248340707965 0.5283236193809085 0.006913716814159254 0.10070620224323058
