0 0.08837890625 0.5945945945945946 0.005859375 0.12091038406827881
0 0.109375 0.5177809388335705 0.0068359375 0.05263157894736842
0 0.3193359375 0.542674253200569 0.0068359375 0.03698435277382646
0 0.50927734375 0.41536273115220484 0.005859375 0.16073968705547653
0 0.49609375 0.542674253200569 0.0068359375 0.03698435277382646
0 0.45849609375 0.5419630156472262 0.005859375 0.03556187766714083
0 0.52099609375 0.4900426742532006 0.005859375 0.05689900426742532
0 0.5224609375 0.5476529160739687 0.0068359375 0.04694167852062589
0 0.62109375 0.6137980085348507 0.0068359375 0.16216216216216217
0 0.65234375 0.4971550497866287 0.0068359375 0.13940256045519203
0 0.81494140625 0.5554765291607396 0.005859375 0.06258890469416785
0 0.888671875 0.5064011379800853 0.0048828125 0.021337126600284494
0 0.2041015625 0.5874822190611664 0.0224609375 0.08108108108108109
0 0.67333984375 0.6173541963015647 0.025390625 0.06116642958748222
