0 0.09579667644183773 0.4675496688741722 0.006842619745845552 0.07019867549668875
0 0.1050830889540567 0.5688741721854305 0.005865102639296188 0.045033112582781455
0 0.11290322580645161 0.5496688741721855 0.005865102639296188 0.01456953642384106
0 0.18328445747800587 0.552317880794702 0.005865102639296188 0.05695364238410596
0 0.2179863147605083 0.5562913907284768 0.006842619745845552 0.06754966887417219
0 0.22287390029325513 0.47152317880794703 0.008797653958944282 0.09403973509933775
0 0.2380254154447703 0.5225165562913907 0.013685239491691105 0.07152317880794702
0 0.2668621700879765 0.5543046357615894 0.004887585532746823 0.031788079470198675
0 0.16471163245356793 0.5781456953642384 0.005865102639296188 0.052980132450331126
0 0.28885630498533726 0.4847682119205298 0.007820136852394917 0.14172185430463577
0 0.2981427174975562 0.7092715231788079 0.008797653958944282 0.3443708609271523
0 0.40371456500488756 0.5635761589403974 0.008797653958944282 0.05033112582781457
0 0.47751710654936463 0.45827814569536424 0.009775171065493646 0.11258278145695365
0 0.4814271749755621 0.5490066225165563 0.007820136852394917 0.16158940397350993
0 0.4975562072336266 0.5231788079470199 0.006842619745845552 0.04105960264900662
0 0.5205278592375366 0.5377483443708609 0.005865102639296188 0.01456953642384106
0 0.509286412512219 0.49403973509933774 0.008797653958944282 0.046357615894039736
0 0.5351906158357771 0.49933774834437084 0.005865102639296188 0.03576158940397351
0 0.5747800586510264 0.4741721854304636 0.006842619745845552 0.03576158940397351
0 0.750733137829912 0.48344370860927155 0.006842619745845552 0.06754966887417219
0 0.8040078201368523 0.6125827814569537 0.0039100684261974585 0.04768211920529802
0 0.7971652003910068 0.5543046357615894 0.005865102639296188 0.04768211920529802
0 0.4325047712144487 0.5296436455376853 0.009309686729041563 0.11100599180069377
0 0.1560070753619141 0.510091453800063 0.009309686729041563 0.15011037527593815
