0 0.08935546875 0.515647226173542 0.005859375 0.07112375533428165
0 0.1220703125 0.5099573257467994 0.0068359375 0.07681365576102418
0 0.30078125 0.5092460881934566 0.0068359375 0.14366998577524892
0 0.53271484375 0.5881934566145093 0.01171875 0.19914651493598862
0 0.810546875 0.5725462304409673 0.0048828125 0.08250355618776671
0 0.76806640625 0.465149359886202 0.00390625 0.044096728307254626
0 0.8452537334070795 0.5314706882010095 0.005185287610619427 0.05412958370573649
0 0.8564885232300884 0.5434295497173932 0.008642146017699082 0.06545903145809993
0 0.3798828125 0.581081081081081 0.0048828125 0.03698435277382646
0 0.3798828125 0.5369843527738265 0.0048828125 0.01991465149359886
0 0.4140625 0.4829302987197724 0.0048828125 0.03982930298719772
0 0.4287109375 0.5078236130867709 0.0048828125 0.02418207681365576
0 0.6962890625 0.5099573257467994 0.0048828125 0.017069701280227598
