0 0.2041015625 0.5554765291607396 0.0068359375 0.059743954480796585
0 0.2578125 0.45519203413940257 0.0068359375 0.12944523470839261
0 0.38037109375 0.5455192034139402 0.0078125 0.22190611664295876
0 0.25732421875 0.5839260312944523 0.005859375 0.07681365576102418
0 0.53466796875 0.5682788051209103 0.005859375 0.05405405405405406
0 0.4267578125 0.5419630156472262 0.0048828125 0.032716927453769556
0 0.5859375 0.4487908961593172 0.0048828125 0.08534850640113797
0 0.30224609375 0.5654338549075392 0.005859375 0.06543385490753911
0 0.279296875 0.40540540540540543 0.0048828125 0.05547652916073969
0 0.81298828125 0.5405405405405406 0.0078125 0.09246088193456614
0 0.84521484375 0.5305832147937412 0.005859375 0.10384068278805121
0 0.857421875 0.55049786628734 0.0048828125 0.03840682788051209
