0 0.0908203125 0.5718349928876245 0.0048828125 0.029871977240398292
0 0.10595703125 0.5611664295874822 0.005859375 0.04551920341394026
0 0.16796875 0.47155049786628733 0.0068359375 0.059743954480796585
0 0.3115234375 0.5746799431009957 0.0107421875 0.12944523470839261
0 0.361328125 0.5625889046941679 0.0048828125 0.031294452347083924
0 0.6435546875 0.4402560455192034 0.0087890625 0.06258890469416785
0 0.6591796875 0.4907539118065434 0.0048828125 0.044096728307254626
0 0.71728515625 0.515647226173542 0.005859375 0.031294452347083924
0 0.7734375 0.5412517780938834 0.0068359375 0.04267425320056899
0 0.8388671875 0.5419630156472262 0.0068359375 0.03556187766714083
0 0.87353515625 0.5064011379800853 0.0078125 0.029871977240398292
0 0.90380859375 0.47368421052631576 0.005859375 0.06401137980085349
0 0.21728515625 0.5476529160739687 0.05078125 0.15789473684210525
