0 0.1441837732160313 0.56158940397351 0.005865102639296188 0.038410596026490065
0 0.29472140762463345 0.5549668874172186 0.005865102639296188 0.06490066225165562
0 0.3069403714565005 0.609271523178808 0.006842619745845552 0.11258278145695365
0 0.3807429130009775 0.5814569536423841 0.007820136852394917 0.1205298013245033
0 0.4995112414467253 0.5178807947019868 0.006842619745845552 0.05695364238410596
0 0.532258064516129 0.5814569536423841 0.005865102639296188 0.06225165562913907
0 0.5518084066471163 0.5403973509933775 0.007820136852394917 0.11258278145695365
0 0.7116324535679375 0.452317880794702 0.010752688172043012 0.12450331125827814
0 0.6974584555229717 0.5589403973509933 0.005865102639296188 0.04370860927152318
0 0.7150537634408602 0.5562913907284768 0.005865102639296188 0.06225165562913907
0 0.7673509286412512 0.5417218543046357 0.006842619745845552 0.04105960264900662
0 0.7668621700879765 0.5039735099337749 0.005865102639296188 0.026490066225165563
0 0.7468230694037146 0.4880794701986755 0.004887585532746823 0.03443708609271523
0 0.7595307917888563 0.5052980132450331 0.004887585532746823 0.02119205298013245
0 0.8108504398826979 0.5350993377483444 0.005865102639296188 0.022516556291390728
0 0.8123167155425219 0.5059602649006623 0.006842619745845552 0.019867549668874173
0 0.8870967741935484 0.5708609271523178 0.013685239491691105 0.059602649006622516
0 0.8870967741935484 0.5066225165562914 0.013685239491691105 0.02119205298013245
0 0.5606060606060606 0.4735099337748344 0.005865102639296188 0.02913907284768212
0 0.29423264907135877 0.49072847682119203 0.006842619745845552 0.05033112582781457
