0 0.1064453125 0.5711237553342816 0.0048828125 0.08250355618776671
0 0.12353515625 0.4786628733997155 0.005859375 0.08250355618776671
0 0.166015625 0.5583214793741109 0.0048828125 0.06258890469416785
0 0.1845703125 0.5 0.0068359375 0.09388335704125178
0 0.22509765625 0.4992887624466572 0.005859375 0.03840682788051209
0 0.23681640625 0.6066856330014224 0.005859375 0.07681365576102418
0 0.2431640625 0.5120910384068279 0.0068359375 0.08961593172119488
0 0.26806640625 0.5597439544807966 0.005859375 0.09957325746799431
0 0.29150390625 0.5761024182076814 0.00390625 0.032716927453769556
0 0.29931640625 0.4864864864864865 0.005859375 0.12091038406827881
0 0.392578125 0.5490753911806543 0.0048828125 0.049786628733997154
0 0.427734375 0.4829302987197724 0.0068359375 0.14509246088193456
0 0.4345703125 0.5796586059743954 0.0048828125 0.04551920341394026
0 0.53662109375 0.5049786628733998 0.005859375 0.07539118065433854
0 0.60546875 0.49644381223328593 0.0068359375 0.10099573257467995
0 0.6328125 0.465149359886202 0.0068359375 0.15789473684210525
0 0.75244140625 0.5483641536273115 0.005859375 0.031294452347083924
0 0.8583984375 0.5391180654338549 0.0048828125 0.02702702702702703
