0 0.08837890625 0.49403973509933774 0.005859375 0.04370860927152318
0 0.4267578125 0.552317880794702 0.0068359375 0.030463576158940398
0 0.4501953125 0.5437086092715232 0.0087890625 0.2304635761589404
0 0.50146484375 0.4549668874172185 0.005859375 0.07947019867549669
0 0.68310546875 0.48940397350993375 0.005859375 0.052980132450331126
0 0.779296875 0.5735099337748344 0.0087890625 0.1337748344370861
0 0.8232421875 0.5503311258278145 0.0068359375 0.045033112582781455
0 0.7890625 0.547682119205298 0.0068359375 0.03443708609271523
0 0.86669921875 0.47880794701986756 0.005859375 0.07947019867549669
0 0.34814453125 0.4966887417218543 0.005859375 0.038410596026490065
0 0.7333984375 0.5331125827814569 0.0224609375 0.018543046357615896
0 0.80517578125 0.49337748344370863 0.005859375 0.026490066225165563
0 0.720703125 0.5629139072847682 0.0048828125 0.022516556291390728
