0 0.11974584555229717 0.43642384105960264 0.007820136852394917 0.11655629139072848
0 0.10263929618768329 0.5496688741721855 0.004887585532746823 0.02781456953642384
0 0.2350928641251222 0.4867549668874172 0.005865102639296188 0.05033112582781457
0 0.2785923753665689 0.49271523178807947 0.004887585532746823 0.022516556291390728
0 0.30009775171065495 0.580794701986755 0.006842619745845552 0.07152317880794702
0 0.37976539589442815 0.5867549668874172 0.011730205278592375 0.3748344370860927
0 0.4222873900293255 0.5483443708609271 0.008797653958944282 0.038410596026490065
0 0.41300097751710657 0.46688741721854304 0.005865102639296188 0.03443708609271523
0 0.5327468230694037 0.5874172185430464 0.006842619745845552 0.10331125827814569
0 0.6559139784946236 0.5490066225165563 0.006842619745845552 0.05033112582781457
0 0.5948191593352884 0.4847682119205298 0.005865102639296188 0.030463576158940398
0 0.8558162267839687 0.5509933774834437 0.007820136852394917 0.051655629139072845
0 0.8093841642228738 0.5668874172185431 0.004887585532746823 0.046357615894039736
0 0.8435972629521017 0.5774834437086093 0.004887585532746823 0.046357615894039736
0 0.6945259042033236 0.4966887417218543 0.005865102639296188 0.033112582781456956
