0 0.8525390625 0.5128022759601707 0.0068359375 0.19914651493598862
0 0.7236328125 0.6130867709815079 0.0126953125 0.24893314366998578
0 0.5693359375 0.5917496443812233 0.0068359375 0.15220483641536273
0 0.521484375 0.6017069701280228 0.0068359375 0.19203413940256045
0 0.47509765625 0.5064011379800853 0.005859375 0.032716927453769556
0 0.70166015625 0.534850640113798 0.005859375 0.07823613086770982
0 0.373046875 0.527027027027027 0.0048828125 0.09388335704125178
0 0.1337890625 0.5007112375533428 0.0068359375 0.041251778093883355
0 0.1708984375 0.515647226173542 0.0068359375 0.1166429587482219
0 0.54736328125 0.5391180654338549 0.005859375 0.02702702702702703
0 0.876953125 0.5689900426742532 0.0068359375 0.05263157894736842
