0 0.0947265625 0.49271523178807947 0.0068359375 0.051655629139072845
0 0.193359375 0.6384105960264901 0.0068359375 0.19735099337748344
0 0.4833984375 0.4781456953642384 0.0048828125 0.0781456953642384
0 0.5068359375 0.44503311258278144 0.0068359375 0.14701986754966886
0 0.5234375 0.5602649006622517 0.0068359375 0.05695364238410596
0 0.6494140625 0.5649006622516556 0.0068359375 0.07417218543046358
0 0.79345703125 0.5748344370860927 0.005859375 0.059602649006622516
0 0.83935546875 0.5741721854304636 0.0078125 0.09801324503311258
0 0.61669921875 0.571523178807947 0.005859375 0.0423841059602649
0 0.90185546875 0.5483443708609271 0.005859375 0.03576158940397351
0 0.0947265625 0.552317880794702 0.0068359375 0.046357615894039736
0 0.1103515625 0.48079470198675495 0.0068359375 0.06490066225165562
0 0.23046875 0.4947019867549669 0.0751953125 0.0423841059602649
0 0.2216796875 0.5933774834437087 0.0517578125 0.07019867549668875
0 0.66748046875 0.6019867549668875 0.017578125 0.07152317880794702
