0 0.25537109375 0.5220483641536273 0.0078125 0.0953058321479374
0 0.345703125 0.48364153627311524 0.0048828125 0.032716927453769556
0 0.37939453125 0.5362731152204836 0.005859375 0.021337126600284494
0 0.31982421875 0.5170697012802276 0.005859375 0.09103840682788052
0 0.1728515625 0.5931721194879089 0.0068359375 0.06401137980085349
0 0.5126953125 0.5490753911806543 0.0048828125 0.03556187766714083
0 0.45263671875 0.5462304409672831 0.005859375 0.012802275960170697
0 0.6689453125 0.4722617354196302 0.0048828125 0.08677098150782361
0 0.6904296875 0.561877667140825 0.0068359375 0.049786628733997154
0 0.72021484375 0.5540540540540541 0.005859375 0.1593172119487909
