0 0.2080078125 0.5341394025604552 0.0068359375 0.27880512091038406
0 0.42529296875 0.5149359886201992 0.0078125 0.03840682788051209
0 0.5556640625 0.4167852062588905 0.0048828125 0.07823613086770982
0 0.62841796875 0.4871977240398293 0.005859375 0.03982930298719772
0 0.69287109375 0.45874822190611664 0.005859375 0.03982930298719772
0 0.70849609375 0.5462304409672831 0.0078125 0.08961593172119488
0 0.86328125 0.5199146514935988 0.0068359375 0.031294452347083924
0 0.8828125 0.5135135135135135 0.0068359375 0.03556187766714083
0 0.28740320796460184 0.5176235853925654 0.006049502212389368 0.03902365336925186
0 0.3301818307522124 0.5226588955047269 0.008642146017699082 0.0440589634814134
0 0.47191302544247793 0.4987411724719596 0.005185287610619482 0.03902365336925186
