0 0.24951171875 0.46799431009957326 0.005859375 0.06401137980085349
0 0.2822265625 0.39260312944523473 0.0068359375 0.10099573257467995
0 0.2958984375 0.5469416785206259 0.0048828125 0.04836415362731152
0 0.3984375 0.4523470839260313 0.0068359375 0.12375533428165007
0 0.89013671875 0.5512091038406828 0.005859375 0.06258890469416785
0 0.78857421875 0.48862019914651494 0.005859375 0.07112375533428165
0 0.68798828125 0.47155049786628733 0.005859375 0.06258890469416785
0 0.7158203125 0.5490753911806543 0.0048828125 0.049786628733997154
0 0.33363868915929207 0.5547589974697567 0.005185287610619427 0.07804730673850371
0 0.5458033738938053 0.5377648258412115 0.004321073008849541 0.06923551404222104
0 0.20556640625 0.5704125177809388 0.00390625 0.041251778093883355
0 0.6083984375 0.484352773826458 0.0087890625 0.03698435277382646
0 0.63720703125 0.4907539118065434 0.0078125 0.05263157894736842
0 0.591796875 0.5440967283072546 0.0048828125 0.02844950213371266
0 0.42919921875 0.5462304409672831 0.005859375 0.032716927453769556
