0 0.34814453125 0.5056899004267426 0.005859375 0.034139402560455195
0 0.36279296875 0.5483641536273115 0.009765625 0.14793741109530584
0 0.45556640625 0.5746799431009957 0.005859375 0.07254623044096728
0 0.47705078125 0.5206258890469416 0.005859375 0.05547652916073969
0 0.509765625 0.4992887624466572 0.0087890625 0.03556187766714083
0 0.56201171875 0.577524893314367 0.005859375 0.09246088193456614
0 0.837890625 0.5227596017069701 0.0048828125 0.04551920341394026
0 0.8955078125 0.5889046941678521 0.0068359375 0.10384068278805121
0 0.82958984375 0.5469416785206259 0.005859375 0.051209103840682786
0 0.5791015625 0.585348506401138 0.0068359375 0.5177809388335705
0 0.72265625 0.5462304409672831 0.1923828125 0.15220483641536273
0 0.63916015625 0.414651493598862 0.005859375 0.06258890469416785
0 0.619140625 0.5448079658605974 0.0068359375 0.029871977240398292
