0 0.08837890625 0.43243243243243246 0.005859375 0.06685633001422475
0 0.1259765625 0.569701280227596 0.0068359375 0.08819345661450925
0 0.12890625 0.5213371266002845 0.0107421875 0.22759601706970128
0 0.19091796875 0.46301564722617355 0.005859375 0.09103840682788052
0 0.26220703125 0.5668563300142248 0.005859375 0.08534850640113797
0 0.3642578125 0.46301564722617355 0.0068359375 0.04551920341394026
0 0.392578125 0.5014224751066856 0.0048828125 0.034139402560455195
0 0.44775390625 0.5142247510668563 0.005859375 0.1251778093883357
0 0.54931640625 0.5398293029871978 0.005859375 0.025604551920341393
0 0.57958984375 0.55049786628734 0.005859375 0.032716927453769556
0 0.66064453125 0.5554765291607396 0.005859375 0.011379800853485065
0 0.671875 0.5042674253200569 0.0107421875 0.02844950213371266
0 0.697265625 0.5128022759601707 0.0068359375 0.11948790896159317
0 0.7490234375 0.48364153627311524 0.0048828125 0.06970128022759602
0 0.75830078125 0.484352773826458 0.005859375 0.06827880512091039
0 0.8134765625 0.5049786628733998 0.0048828125 0.02418207681365576
0 0.5665445243362831 0.5220294817407067 0.006049502212389424 0.09567089213106912
