0 0.08154296875 0.5611664295874822 0.005859375 0.07112375533428165
0 0.18505859375 0.5128022759601707 0.005859375 0.09103840682788052
0 0.3740234375 0.47297297297297297 0.0048828125 0.05405405405405406
0 0.51953125 0.5206258890469416 0.0087890625 0.07823613086770982
0 0.55078125 0.4523470839260313 0.0068359375 0.13513513513513514
0 0.58056640625 0.519203413940256 0.005859375 0.044096728307254626
0 0.63330078125 0.5625889046941679 0.005859375 0.06827880512091039
0 0.6845703125 0.5092460881934566 0.0068359375 0.20625889046941678
0 0.87744140625 0.5341394025604552 0.005859375 0.051209103840682786
0 0.6533980918141593 0.5207706542126663 0.005185287610619427 0.052870756177696064
0 0.5380859375 0.49857752489331436 0.0068359375 0.031294452347083924
