0 0.08056640625 0.4672830725462304 0.005859375 0.09388335704125178
0 0.12890625 0.4665718349928876 0.0048828125 0.049786628733997154
0 0.21533203125 0.49359886201991465 0.005859375 0.03840682788051209
0 0.2626953125 0.5668563300142248 0.0048828125 0.01991465149359886
0 0.3359375 0.49431009957325744 0.0068359375 0.09672830725462304
0 0.3935546875 0.4786628733997155 0.0087890625 0.18776671408250356
0 0.55419921875 0.46372688477951635 0.005859375 0.044096728307254626
0 0.57666015625 0.4623044096728307 0.005859375 0.044096728307254626
0 0.583984375 0.4879089615931721 0.0048828125 0.03840682788051209
0 0.59423828125 0.4189189189189189 0.005859375 0.031294452347083924
0 0.650390625 0.4850640113798009 0.0068359375 0.05547652916073969
0 0.73486328125 0.5768136557610242 0.005859375 0.09672830725462304
0 0.82861328125 0.5497866287339972 0.005859375 0.04551920341394026
0 0.87109375 0.4992887624466572 0.0068359375 0.06685633001422475
0 0.83642578125 0.4438122332859175 0.005859375 0.041251778093883355
