0 0.11279296875 0.5470198675496689 0.005859375 0.046357615894039736
0 0.126953125 0.5006622516556292 0.0068359375 0.03576158940397351
0 0.17041015625 0.6066225165562914 0.0078125 0.16026490066225166
0 0.17529296875 0.4966887417218543 0.0078125 0.04105960264900662
0 0.17822265625 0.5377483443708609 0.0078125 0.030463576158940398
0 0.22802734375 0.614569536423841 0.0078125 0.14701986754966886
0 0.34375 0.5609271523178808 0.0068359375 0.060927152317880796
0 0.3515625 0.5443708609271524 0.0068359375 0.04105960264900662
0 0.39599609375 0.4774834437086093 0.005859375 0.0423841059602649
0 0.36083984375 0.5052980132450331 0.005859375 0.02119205298013245
0 0.42138671875 0.4913907284768212 0.005859375 0.04105960264900662
0 0.4638671875 0.5384105960264901 0.0068359375 0.02913907284768212
0 0.4345703125 0.5377483443708609 0.0068359375 0.025165562913907286
0 0.57080078125 0.5019867549668874 0.013671875 0.12847682119205298
0 0.59912109375 0.5384105960264901 0.0078125 0.03443708609271523
0 0.67431640625 0.48079470198675495 0.041015625 0.1576158940397351
