0 0.0869140625 0.45590327169274536 0.0048828125 0.02844950213371266
0 0.134765625 0.5654338549075392 0.0048828125 0.02844950213371266
0 0.13916015625 0.44950213371266 0.009765625 0.08961593172119488
0 0.28955078125 0.4971550497866287 0.005859375 0.07681365576102418
0 0.38232421875 0.4623044096728307 0.00390625 0.041251778093883355
0 0.4794921875 0.5014224751066856 0.0048828125 0.025604551920341393
0 0.50048828125 0.4829302987197724 0.00390625 0.01991465149359886
0 0.53369140625 0.4516358463726885 0.005859375 0.08819345661450925
0 0.50341796875 0.5376955903271693 0.005859375 0.021337126600284494
0 0.70703125 0.5675675675675675 0.0068359375 0.04694167852062589
0 0.81787109375 0.484352773826458 0.005859375 0.06258890469416785
0 0.82666015625 0.5917496443812233 0.005859375 0.13229018492176386
