0 0.0673828125 0.5443708609271524 0.0107421875 0.10463576158940398
0 0.17529296875 0.6218543046357616 0.0078125 0.2728476821192053
0 0.19921875 0.4423841059602649 0.0068359375 0.025165562913907286
0 0.1962890625 0.5364238410596026 0.0126953125 0.21059602649006623
0 0.27783203125 0.5245033112582781 0.0078125 0.10993377483443709
0 0.08740234375 0.4900662251655629 0.0078125 0.05695364238410596
0 0.32373046875 0.5801324503311258 0.005859375 0.04900662251655629
0 0.41455078125 0.48410596026490066 0.005859375 0.02384105960264901
0 0.42626953125 0.6033112582781457 0.005859375 0.07152317880794702
0 0.53857421875 0.6794701986754967 0.0078125 0.295364238410596
0 0.5390625 0.5 0.0068359375 0.03708609271523179
0 0.56689453125 0.5748344370860927 0.005859375 0.033112582781456956
0 0.716796875 0.4794701986754967 0.0048828125 0.06225165562913907
0 0.81103515625 0.5688741721854305 0.005859375 0.06887417218543046
0 0.8505859375 0.5397350993377483 0.0068359375 0.018543046357615896
0 0.8720703125 0.5662251655629139 0.0068359375 0.0847682119205298
0 0.87939453125 0.5503311258278145 0.005859375 0.013245033112582781
0 0.6223028273809524 0.5189214758751183 0.007440476190476275 0.05928729107537054
0 0.51416015625 0.5370860927152318 0.005859375 0.018543046357615896
0 0.2958984375 0.5059602649006623 0.0068359375 0.017218543046357615
0 0.14892578125 0.47019867549668876 0.03125 0.04370860927152318
