0 0.3447265625 0.4701280227596017 0.0068359375 0.08250355618776671
0 0.37158203125 0.5128022759601707 0.005859375 0.07112375533428165
0 0.46826171875 0.5035561877667141 0.005859375 0.05547652916073969
0 0.81689453125 0.4900426742532006 0.005859375 0.04267425320056899
0 0.85888671875 0.49644381223328593 0.005859375 0.049786628733997154
0 0.5146484375 0.5704125177809388 0.0048828125 0.049786628733997154
0 0.7177734375 0.5433854907539118 0.0126953125 0.10099573257467995
0 0.5 0.48150782361308675 0.0048828125 0.04551920341394026
0 0.3828125 0.5035561877667141 0.0048828125 0.032716927453769556
0 0.13671875 0.5078236130867709 0.00390625 0.017069701280227598
0 0.13671875 0.5497866287339972 0.00390625 0.01849217638691323
0 0.4453125 0.4644381223328592 0.00390625 0.10099573257467995
