0 0.07958984375 0.4345661450924609 0.005859375 0.09957325746799431
0 0.10595703125 0.4786628733997155 0.005859375 0.07681365576102418
0 0.1494140625 0.5519203413940256 0.0048828125 0.041251778093883355
0 0.1552734375 0.5106685633001422 0.0048828125 0.012802275960170697
0 0.2041015625 0.5910384068278806 0.0048828125 0.07681365576102418
0 0.26416015625 0.48079658605974396 0.005859375 0.04694167852062589
0 0.26416015625 0.5633001422475107 0.005859375 0.07823613086770982
0 0.3046875 0.5391180654338549 0.0068359375 0.029871977240398292
0 0.33251953125 0.5682788051209103 0.0078125 0.1678520625889047
0 0.41748046875 0.5561877667140825 0.0078125 0.06401137980085349
0 0.4267578125 0.5682788051209103 0.0068359375 0.07112375533428165
0 0.48681640625 0.5448079658605974 0.005859375 0.03556187766714083
0 0.548828125 0.46799431009957326 0.0068359375 0.029871977240398292
0 0.5869140625 0.5689900426742532 0.0068359375 0.08392603129445235
0 0.70263671875 0.492176386913229 0.00390625 0.015647226173541962
0 0.7138671875 0.5576102418207681 0.0048828125 0.029871977240398292
0 0.72900390625 0.5981507823613087 0.005859375 0.05689900426742532
0 0.76123046875 0.5128022759601707 0.005859375 0.011379800853485065
0 0.85400390625 0.5789473684210527 0.013671875 0.0953058321479374
0 0.873046875 0.4992887624466572 0.0322265625 0.03556187766714083
0 0.86767578125 0.5476529160739687 0.015625 0.041251778093883355
0 0.37109375 0.5817923186344239 0.0087890625 0.6500711237553343
