0 0.08349609375 0.4914651493598862 0.005859375 0.051209103840682786
0 0.09814453125 0.5974395448079659 0.0078125 0.08392603129445235
0 0.34423828125 0.5376955903271693 0.005859375 0.029871977240398292
0 0.365234375 0.5440967283072546 0.0048828125 0.07112375533428165
0 0.51513671875 0.519203413940256 0.005859375 0.08108108108108109
0 0.583984375 0.45519203413940257 0.0048828125 0.12375533428165007
0 0.59423828125 0.5647226173541963 0.005859375 0.05547652916073969
0 0.681640625 0.47155049786628733 0.0048828125 0.04551920341394026
0 0.72998046875 0.515647226173542 0.005859375 0.06827880512091039
0 0.7421875 0.5177809388335705 0.0048828125 0.041251778093883355
0 0.890625 0.5682788051209103 0.0068359375 0.09388335704125178
0 0.85888671875 0.5362731152204836 0.005859375 0.05263157894736842
0 0.8642578125 0.561877667140825 0.0595703125 0.16642958748221906
0 0.30126953125 0.5092460881934566 0.021484375 0.11522048364153627
