0 0.0801564027370479 0.5450331125827814 0.006842619745845552 0.08211920529801324
0 0.10801564027370479 0.5483443708609271 0.005865102639296188 0.04900662251655629
0 0.1681329423264907 0.5701986754966888 0.006842619745845552 0.09271523178807947
0 0.16080156402737047 0.5483443708609271 0.005865102639296188 0.04900662251655629
0 0.28934506353861195 0.5026490066225165 0.008797653958944282 0.07417218543046358
0 0.3509286412512219 0.47218543046357614 0.006842619745845552 0.07947019867549669
0 0.520039100684262 0.46622516556291393 0.006842619745845552 0.06490066225165562
0 0.6309872922776149 0.5728476821192053 0.007820136852394917 0.09801324503311258
0 0.6422287390029325 0.4966887417218543 0.006842619745845552 0.04370860927152318
0 0.8137829912023461 0.5390728476821192 0.005865102639296188 0.11788079470198676
0 0.8274682306940372 0.5761589403973509 0.007820136852394917 0.09933774834437085
0 0.855327468230694 0.48079470198675495 0.006842619745845552 0.059602649006622516
0 0.8284457478005866 0.4960264900662252 0.005865102639296188 0.039735099337748346
0 0.7174975562072337 0.49271523178807947 0.007820136852394917 0.05033112582781457
0 0.7209188660801564 0.5509933774834437 0.01466275659824047 0.04768211920529802
0 0.42473118279569894 0.5516556291390728 0.006842619745845552 0.054304635761589407
0 0.21945259042033236 0.5569536423841059 0.005865102639296188 0.045033112582781455
0 0.9022482893450635 0.5370860927152318 0.006842619745845552 0.02119205298013245
