0 0.1015625 0.566145092460882 0.0068359375 0.08961593172119488
0 0.11083984375 0.49431009957325744 0.005859375 0.034139402560455195
0 0.1533203125 0.4871977240398293 0.0068359375 0.06543385490753911
0 0.16845703125 0.5568990042674253 0.005859375 0.06827880512091039
0 0.17822265625 0.5654338549075392 0.00390625 0.07681365576102418
0 0.18603515625 0.5796586059743954 0.005859375 0.10810810810810811
0 0.2177734375 0.5533428165007113 0.0048828125 0.029871977240398292
0 0.24267578125 0.5455192034139402 0.005859375 0.02275960170697013
0 0.3701171875 0.48079658605974396 0.0048828125 0.1379800853485064
0 0.31982421875 0.5561877667140825 0.005859375 0.06685633001422475
0 0.44873046875 0.542674253200569 0.005859375 0.025604551920341393
0 0.466796875 0.49288762446657186 0.0068359375 0.051209103840682786
0 0.48583984375 0.4615931721194879 0.005859375 0.02844950213371266
0 0.49853515625 0.4694167852062589 0.005859375 0.09246088193456614
0 0.49658203125 0.5483641536273115 0.005859375 0.03982930298719772
0 0.5283203125 0.5590327169274538 0.0068359375 0.06970128022759602
0 0.5419921875 0.5917496443812233 0.0048828125 0.029871977240398292
0 0.548828125 0.5803698435277382 0.0048828125 0.03556187766714083
0 0.537109375 0.5170697012802276 0.0048828125 0.04267425320056899
0 0.6005859375 0.5867709815078236 0.0068359375 0.13086770981507823
0 0.72216796875 0.48933143669985774 0.005859375 0.032716927453769556
0 0.76611328125 0.5476529160739687 0.005859375 0.049786628733997154
0 0.81396484375 0.5128022759601707 0.005859375 0.09388335704125178
0 0.83251953125 0.5113798008534851 0.005859375 0.09957325746799431
0 0.87548828125 0.5099573257467994 0.005859375 0.07396870554765292
0 0.8974609375 0.5305832147937412 0.0068359375 0.11522048364153627
0 0.32177734375 0.48364153627311524 0.0078125 0.06970128022759602
0 0.60693359375 0.4850640113798009 0.009765625 0.032716927453769556
0 0.6382743362831858 0.5138471028084443 0.03888965707964598 0.09189440954694801
