0 0.09912109375 0.5092460881934566 0.0078125 0.1465149359886202
0 0.1708984375 0.5433854907539118 0.0048828125 0.032716927453769556
0 0.17822265625 0.6066856330014224 0.005859375 0.03698435277382646
0 0.2041015625 0.5120910384068279 0.0068359375 0.015647226173541962
0 0.3056640625 0.5647226173541963 0.0048828125 0.02418207681365576
0 0.07275390625 0.5782361308677099 0.0078125 0.017069701280227598
0 0.35498046875 0.5042674253200569 0.005859375 0.1678520625889047
0 0.49755859375 0.5213371266002845 0.005859375 0.12802275960170698
0 0.48388671875 0.5590327169274538 0.005859375 0.00995732574679943
0 0.53857421875 0.519203413940256 0.005859375 0.021337126600284494
0 0.6083984375 0.49359886201991465 0.0068359375 0.03556187766714083
0 0.60546875 0.5995732574679943 0.0068359375 0.034139402560455195
0 0.77490234375 0.4722617354196302 0.005859375 0.08677098150782361
0 0.796875 0.4800853485064011 0.0068359375 0.11379800853485064
0 0.81201171875 0.47652916073968704 0.00390625 0.029871977240398292
0 0.83251953125 0.6002844950213371 0.0078125 0.05547652916073969
0 0.89892578125 0.5668563300142248 0.005859375 0.01422475106685633
