0 0.1162109375 0.5327169274537695 0.0087890625 0.04267425320056899
0 0.08984375 0.4800853485064011 0.0068359375 0.03698435277382646
0 0.07958984375 0.5213371266002845 0.005859375 0.051209103840682786
0 0.19140625 0.5177809388335705 0.0068359375 0.112375533428165
0 0.20654296875 0.4779516358463727 0.005859375 0.09246088193456614
0 0.23193359375 0.4423897581792319 0.009765625 0.15220483641536273
0 0.26904296875 0.5341394025604552 0.005859375 0.01991465149359886
0 0.29296875 0.4786628733997155 0.0068359375 0.07112375533428165
0 0.314453125 0.4950213371266003 0.0068359375 0.03840682788051209
0 0.3369140625 0.5519203413940256 0.0068359375 0.029871977240398292
0 0.37646484375 0.5284495021337127 0.0078125 0.16216216216216217
0 0.42431640625 0.5170697012802276 0.005859375 0.034139402560455195
0 0.47705078125 0.5092460881934566 0.005859375 0.02702702702702703
0 0.59130859375 0.49431009957325744 0.00390625 0.025604551920341393
