0 0.10595703125 0.5846372688477952 0.005859375 0.08677098150782361
0 0.158203125 0.5704125177809388 0.0048828125 0.044096728307254626
0 0.1669921875 0.5881934566145093 0.0068359375 0.12802275960170698
0 0.123046875 0.4644381223328592 0.0048828125 0.02844950213371266
0 0.18505859375 0.5440967283072546 0.005859375 0.03698435277382646
0 0.21875 0.5689900426742532 0.0048828125 0.06970128022759602
0 0.22509765625 0.4992887624466572 0.005859375 0.03556187766714083
0 0.2373046875 0.5746799431009957 0.0048828125 0.06116642958748222
0 0.2431640625 0.534850640113798 0.0048828125 0.01849217638691323
0 0.26806640625 0.5533428165007113 0.005859375 0.05832147937411095
0 0.2919921875 0.566145092460882 0.0048828125 0.041251778093883355
0 0.29931640625 0.5739687055476529 0.0078125 0.09957325746799431
0 0.4345703125 0.5497866287339972 0.0068359375 0.27311522048364156
0 0.3623046875 0.5462304409672831 0.0029296875 0.021337126600284494
0 0.46044921875 0.5433854907539118 0.017578125 0.029871977240398292
0 0.49853515625 0.5021337126600285 0.005859375 0.032716927453769556
0 0.53662109375 0.49786628733997157 0.0078125 0.112375533428165
0 0.5986328125 0.5540540540540541 0.0126953125 0.02844950213371266
0 0.60498046875 0.4672830725462304 0.0078125 0.05405405405405406
0 0.63330078125 0.4623044096728307 0.005859375 0.10384068278805121
0 0.75244140625 0.5213371266002845 0.005859375 0.04551920341394026
