0 0.37158203125 0.5476529160739687 0.0078125 0.19203413940256045
0 0.50341796875 0.5291607396870555 0.005859375 0.049786628733997154
0 0.533203125 0.5654338549075392 0.0048828125 0.051209103840682786
0 0.54931640625 0.5391180654338549 0.005859375 0.17496443812233287
0 0.68798828125 0.4786628733997155 0.005859375 0.03698435277382646
0 0.740234375 0.46372688477951635 0.0048828125 0.08392603129445235
0 0.90087890625 0.5405405405405406 0.005859375 0.021337126600284494
0 0.51513671875 0.4267425320056899 0.005859375 0.10668563300142248
0 0.580078125 0.49359886201991465 0.0048828125 0.029871977240398292
0 0.6171875 0.4601706970128023 0.0068359375 0.051209103840682786
0 0.67529296875 0.542674253200569 0.06640625 0.12233285917496443
