0 0.15771484375 0.44594594594594594 0.005859375 0.14509246088193456
0 0.19873046875 0.577524893314367 0.005859375 0.08108108108108109
0 0.20263671875 0.47155049786628733 0.005859375 0.04836415362731152
0 0.21728515625 0.5675675675675675 0.005859375 0.08108108108108109
0 0.15673828125 0.5241820768136558 0.013671875 0.13086770981507823
0 0.28076171875 0.5135135135135135 0.005859375 0.06116642958748222
0 0.35888671875 0.6116642958748222 0.005859375 0.06970128022759602
0 0.3798828125 0.569701280227596 0.0068359375 0.06258890469416785
0 0.47265625 0.4907539118065434 0.0048828125 0.04694167852062589
0 0.513671875 0.5448079658605974 0.0068359375 0.05547652916073969
0 0.5947265625 0.4957325746799431 0.0048828125 0.034139402560455195
0 0.63623046875 0.5462304409672831 0.005859375 0.03556187766714083
0 0.68017578125 0.4950213371266003 0.005859375 0.032716927453769556
0 0.69873046875 0.492176386913229 0.00390625 0.04694167852062589
0 0.7646484375 0.6116642958748222 0.0068359375 0.14935988620199148
0 0.814453125 0.5711237553342816 0.0087890625 0.3613086770981508
0 0.875 0.4950213371266003 0.0068359375 0.04694167852062589
0 0.8370436946902654 0.5440589634814134 0.009506360619468968 0.1422475106685633
0 0.341796875 0.4786628733997155 0.0478515625 0.07965860597439545
