0 0.08984375 0.5668563300142248 0.0068359375 0.03698435277382646
0 0.095703125 0.46372688477951635 0.0068359375 0.08677098150782361
0 0.0986328125 0.43314366998577525 0.0126953125 0.14793741109530584
0 0.13671875 0.49431009957325744 0.0068359375 0.23044096728307253
0 0.1904296875 0.44096728307254623 0.0048828125 0.07254623044096728
0 0.16357421875 0.5405405405405406 0.005859375 0.03556187766714083
0 0.2138671875 0.5533428165007113 0.0048828125 0.04694167852062589
0 0.30615234375 0.4779516358463727 0.0078125 0.09246088193456614
0 0.4501953125 0.5817923186344239 0.0068359375 0.26884779516358465
0 0.74853515625 0.5412517780938834 0.005859375 0.12802275960170698
0 0.720703125 0.5064011379800853 0.0048828125 0.03840682788051209
0 0.49951171875 0.5384068278805121 0.005859375 0.02844950213371266
0 0.87158203125 0.5704125177809388 0.005859375 0.04694167852062589
0 0.7646484375 0.569701280227596 0.0048828125 0.06543385490753911
0 0.7314453125 0.5689900426742532 0.0048828125 0.03840682788051209
0 0.72216796875 0.5576102418207681 0.005859375 0.044096728307254626
0 0.51318359375 0.5903271692745377 0.00390625 0.04694167852062589
0 0.365234375 0.6130867709815079 0.0048828125 0.049786628733997154
0 0.419921875 0.47652916073968704 0.0048828125 0.04694167852062589
0 0.88330078125 0.6102418207681366 0.005859375 0.032716927453769556
0 0.23828125 0.527027027027027 0.0068359375 0.059743954480796585
0 0.2861328125 0.5206258890469416 0.0048828125 0.041251778093883355
0 0.82958984375 0.484352773826458 0.005859375 0.059743954480796585
