0 0.1572265625 0.4971550497866287 0.0068359375 0.02844950213371266
0 0.10595703125 0.4822190611664296 0.005859375 0.02418207681365576
0 0.23486328125 0.5554765291607396 0.005859375 0.051209103840682786
0 0.255859375 0.5042674253200569 0.0068359375 0.04551920341394026
0 0.296875 0.5910384068278806 0.0048828125 0.051209103840682786
0 0.3525390625 0.4779516358463727 0.0068359375 0.03556187766714083
0 0.4853515625 0.4772403982930299 0.0068359375 0.07396870554765292
0 0.5029296875 0.5753911806543386 0.0048828125 0.09103840682788052
0 0.63330078125 0.5199146514935988 0.005859375 0.04836415362731152
0 0.6826171875 0.49786628733997157 0.0068359375 0.032716927453769556
0 0.68994140625 0.5682788051209103 0.0078125 0.051209103840682786
0 0.88134765625 0.5234708392603129 0.005859375 0.06970128022759602
