0 0.1376953125 0.635846372688478 0.0068359375 0.1806543385490754
0 0.13330078125 0.48079658605974396 0.0078125 0.12944523470839261
0 0.23876953125 0.5590327169274538 0.005859375 0.06685633001422475
0 0.2607421875 0.5177809388335705 0.0107421875 0.08392603129445235
0 0.521484375 0.6386913229018493 0.0068359375 0.23186344238975817
0 0.71826171875 0.5455192034139402 0.013671875 0.25889046941678523
0 0.5315438329646017 0.5245471367967874 0.005185287610619538 0.055388411233776844
0 0.748046875 0.577524893314367 0.0048828125 0.08108108108108109
0 0.373046875 0.4850640113798009 0.0048828125 0.032716927453769556
0 0.8779296875 0.5469416785206259 0.0087890625 0.04267425320056899
0 0.82861328125 0.5 0.005859375 0.01991465149359886
