0 0.3603515625 0.49857752489331436 0.0087890625 0.11948790896159317
0 0.3876953125 0.5085348506401138 0.0068359375 0.14793741109530584
0 0.54248046875 0.5206258890469416 0.01171875 0.14366998577524892
0 0.6201171875 0.515647226173542 0.0048828125 0.04551920341394026
0 0.78173828125 0.49359886201991465 0.005859375 0.049786628733997154
0 0.89501953125 0.566145092460882 0.0078125 0.07539118065433854
0 0.8935546875 0.4793741109530583 0.0087890625 0.07823613086770982
0 0.349609375 0.5761024182076814 0.0048828125 0.049786628733997154
0 0.37255859375 0.5163584637268848 0.0078125 0.06401137980085349
0 0.5244140625 0.5576102418207681 0.0068359375 0.02702702702702703
0 0.43310546875 0.5113798008534851 0.005859375 0.03982930298719772
0 0.7158203125 0.5689900426742532 0.0048828125 0.08961593172119488
0 0.85009765625 0.45519203413940257 0.005859375 0.03840682788051209
0 0.82861328125 0.519203413940256 0.005859375 0.03840682788051209
0 0.8134765625 0.465149359886202 0.0107421875 0.03840682788051209
