0 0.0771484375 0.4957325746799431 0.0048828125 0.03982930298719772
0 0.08935546875 0.492176386913229 0.005859375 0.041251778093883355
0 0.10107421875 0.5682788051209103 0.0078125 0.10241820768136557
0 0.1435546875 0.5405405405405406 0.0048828125 0.02418207681365576
0 0.1865234375 0.5042674253200569 0.0068359375 0.12233285917496443
0 0.19140625 0.5640113798008535 0.0068359375 0.04551920341394026
0 0.25390625 0.5199146514935988 0.0126953125 0.09672830725462304
0 0.28857421875 0.5462304409672831 0.0078125 0.11806543385490754
0 0.31494140625 0.5128022759601707 0.0078125 0.059743954480796585
0 0.33544921875 0.5825035561877667 0.005859375 0.11095305832147938
0 0.3779296875 0.4743954480796586 0.0068359375 0.04267425320056899
0 0.4599609375 0.40042674253200566 0.0068359375 0.12233285917496443
0 0.4423828125 0.4864864864864865 0.0068359375 0.05547652916073969
0 0.44287109375 0.5689900426742532 0.005859375 0.03840682788051209
0 0.54541015625 0.5718349928876245 0.005859375 0.08677098150782361
0 0.60791015625 0.5988620199146515 0.0078125 0.1891891891891892
0 0.67236328125 0.4345661450924609 0.005859375 0.08250355618776671
0 0.7314453125 0.4957325746799431 0.0068359375 0.03698435277382646
0 0.74462890625 0.5476529160739687 0.005859375 0.08108108108108109
0 0.779296875 0.5163584637268848 0.0048828125 0.02418207681365576
0 0.818359375 0.46799431009957326 0.0048828125 0.03840682788051209
0 0.8818359375 0.5561877667140825 0.0068359375 0.01849217638691323
