0 0.08740234375 0.4786628733997155 0.005859375 0.06258890469416785
0 0.23779296875 0.45092460881934565 0.0078125 0.0953058321479374
0 0.39697265625 0.5796586059743954 0.005859375 0.09388335704125178
0 0.4541015625 0.5796586059743954 0.0068359375 0.21906116642958748
0 0.27294921875 0.5113798008534851 0.005859375 0.01991465149359886
0 0.46533203125 0.484352773826458 0.005859375 0.04551920341394026
0 0.5087890625 0.5220483641536273 0.0087890625 0.07823613086770982
0 0.5341796875 0.4701280227596017 0.0048828125 0.04551920341394026
0 0.552734375 0.4850640113798009 0.0048828125 0.032716927453769556
0 0.63427734375 0.4487908961593172 0.005859375 0.059743954480796585
0 0.67431640625 0.44594594594594594 0.00390625 0.02844950213371266
0 0.81689453125 0.4615931721194879 0.005859375 0.06827880512091039
0 0.8271484375 0.4473684210526316 0.0068359375 0.09103840682788052
0 0.87939453125 0.5732574679943101 0.005859375 0.06970128022759602
0 0.77587890625 0.5448079658605974 0.005859375 0.021337126600284494
