0 0.1259765625 0.5576102418207681 0.0048828125 0.044096728307254626
0 0.17919921875 0.5654338549075392 0.005859375 0.04836415362731152
0 0.255859375 0.4594594594594595 0.0048828125 0.08392603129445235
0 0.34130859375 0.5177809388335705 0.005859375 0.10953058321479374
0 0.31494140625 0.4694167852062589 0.009765625 0.049786628733997154
0 0.40234375 0.4971550497866287 0.0068359375 0.1763869132290185
0 0.4384765625 0.5256045519203414 0.0068359375 0.13940256045519203
0 0.55224609375 0.5298719772403983 0.005859375 0.09388335704125178
0 0.634765625 0.4665718349928876 0.0048828125 0.08392603129445235
0 0.73046875 0.5170697012802276 0.0068359375 0.04836415362731152
0 0.76025390625 0.5597439544807966 0.0078125 0.06827880512091039
0 0.798828125 0.4864864864864865 0.0048828125 0.05832147937411095
0 0.873046875 0.4864864864864865 0.0048828125 0.044096728307254626
0 0.853515625 0.542674253200569 0.0068359375 0.03698435277382646
