0 0.083984375 0.5305832147937412 0.0087890625 0.09815078236130868
0 0.3154296875 0.4601706970128023 0.0126953125 0.06827880512091039
0 0.40234375 0.5277382645803699 0.0068359375 0.11522048364153627
0 0.4375 0.5405405405405406 0.0087890625 0.12091038406827881
0 0.4580078125 0.5 0.0068359375 0.034139402560455195
0 0.2509765625 0.5455192034139402 0.0068359375 0.03982930298719772
0 0.552734375 0.5305832147937412 0.0068359375 0.06970128022759602
0 0.63037109375 0.5 0.005859375 0.03982930298719772
0 0.66943359375 0.5184921763869133 0.0078125 0.09672830725462304
0 0.76171875 0.5718349928876245 0.0068359375 0.049786628733997154
0 0.8359375 0.47652916073968704 0.0068359375 0.08108108108108109
0 0.8740234375 0.5881934566145093 0.0068359375 0.11095305832147938
