0 0.240234375 0.5258278145695364 0.0068359375 0.2
0 0.13134765625 0.4735099337748344 0.0078125 0.10066225165562914
0 0.35546875 0.5046357615894039 0.0068359375 0.051655629139072845
0 0.5458984375 0.5218543046357615 0.0107421875 0.21059602649006623
0 0.712890625 0.5165562913907285 0.0068359375 0.1814569536423841
0 0.69873046875 0.5291390728476821 0.0078125 0.0847682119205298
0 0.28759765625 0.5496688741721855 0.005859375 0.038410596026490065
0 0.43212890625 0.5483443708609271 0.005859375 0.038410596026490065
0 0.21142578125 0.5701986754966888 0.005859375 0.05562913907284768
0 0.1484375 0.49205298013245036 0.005859375 0.0781456953642384
0 0.1484375 0.5768211920529801 0.005859375 0.059602649006622516
