0 0.07373046875 0.47368421052631576 0.005859375 0.041251778093883355
0 0.07958984375 0.49431009957325744 0.0078125 0.11379800853485064
0 0.12451171875 0.5732574679943101 0.005859375 0.08108108108108109
0 0.16259765625 0.5369843527738265 0.0078125 0.1251778093883357
0 0.265625 0.5149359886201992 0.0087890625 0.06116642958748222
0 0.33349609375 0.5369843527738265 0.013671875 0.15647226173541964
0 0.35595703125 0.5832147937411095 0.0078125 0.30014224751066854
0 0.6572265625 0.5142247510668563 0.0087890625 0.08819345661450925
0 0.59375 0.5440967283072546 0.0068359375 0.034139402560455195
0 0.74072265625 0.5533428165007113 0.005859375 0.112375533428165
0 0.75732421875 0.6258890469416786 0.009765625 0.11522048364153627
0 0.85986328125 0.561877667140825 0.005859375 0.06685633001422475
0 0.87158203125 0.465149359886202 0.005859375 0.10384068278805121
0 0.87158203125 0.6073968705547653 0.005859375 0.15220483641536273
0 0.888671875 0.5654338549075392 0.0068359375 0.07681365576102418
