0 0.06787109375 0.5753911806543386 0.0078125 0.03982930298719772
0 0.1044921875 0.519203413940256 0.0048828125 0.07823613086770982
0 0.1767578125 0.5526315789473685 0.0068359375 0.267425320056899
0 0.201171875 0.5014224751066856 0.0087890625 0.04267425320056899
0 0.24267578125 0.5597439544807966 0.0078125 0.08250355618776671
0 0.26171875 0.4950213371266003 0.0048828125 0.01849217638691323
0 0.27783203125 0.4914651493598862 0.005859375 0.04551920341394026
0 0.30517578125 0.49786628733997157 0.0078125 0.07539118065433854
0 0.40771484375 0.49431009957325744 0.00390625 0.03698435277382646
0 0.51220703125 0.47297297297297297 0.005859375 0.025604551920341393
0 0.52001953125 0.5049786628733998 0.005859375 0.044096728307254626
0 0.525390625 0.4615931721194879 0.0048828125 0.07396870554765292
0 0.5390625 0.5419630156472262 0.0068359375 0.19487908961593173
0 0.60791015625 0.48862019914651494 0.005859375 0.02844950213371266
0 0.7333984375 0.5910384068278806 0.0068359375 0.08819345661450925
0 0.7587890625 0.5654338549075392 0.0048828125 0.034139402560455195
0 0.79443359375 0.5945945945945946 0.005859375 0.03556187766714083
0 0.88037109375 0.5881934566145093 0.005859375 0.059743954480796585
