0 0.14208984375 0.6066856330014224 0.005859375 0.17069701280227595
0 0.17822265625 0.5682788051209103 0.005859375 0.03982930298719772
0 0.24267578125 0.48079658605974396 0.005859375 0.04694167852062589
0 0.26611328125 0.4992887624466572 0.005859375 0.04694167852062589
0 0.3271484375 0.465149359886202 0.0048828125 0.06116642958748222
0 0.3447265625 0.4950213371266003 0.0048828125 0.03556187766714083
0 0.36083984375 0.5903271692745377 0.005859375 0.08677098150782361
0 0.4765625 0.4772403982930299 0.0068359375 0.10526315789473684
0 0.5458984375 0.5590327169274538 0.0068359375 0.041251778093883355
0 0.58984375 0.5604551920341394 0.0068359375 0.155049786628734
0 0.576171875 0.5163584637268848 0.0048828125 0.02418207681365576
0 0.65576171875 0.5135135135135135 0.005859375 0.03556187766714083
0 0.642578125 0.5448079658605974 0.0048828125 0.015647226173541962
0 0.72021484375 0.5526315789473685 0.00390625 0.03698435277382646
0 0.77783203125 0.5170697012802276 0.005859375 0.09672830725462304
0 0.87744140625 0.5320056899004267 0.009765625 0.09246088193456614
0 0.84814453125 0.5512091038406828 0.005859375 0.025604551920341393
