0 0.09326171875 0.5469416785206259 0.005859375 0.02844950213371266
0 0.12548828125 0.5327169274537695 0.005859375 0.02844950213371266
0 0.18798828125 0.5483641536273115 0.005859375 0.03698435277382646
0 0.36376953125 0.457325746799431 0.0078125 0.04551920341394026
0 0.6728515625 0.45803698435277385 0.0048828125 0.032716927453769556
0 0.68505859375 0.5128022759601707 0.005859375 0.059743954480796585
0 0.69482421875 0.581081081081081 0.005859375 0.03982930298719772
0 0.7587890625 0.4992887624466572 0.0048828125 0.032716927453769556
0 0.78369140625 0.5839260312944523 0.01171875 0.06827880512091039
0 0.84326171875 0.5512091038406828 0.0078125 0.15647226173541964
