0 0.1241446725317693 0.5933774834437087 0.006842619745845552 0.1390728476821192
0 0.25317693059628543 0.48079470198675495 0.004887585532746823 0.0728476821192053
0 0.2238514173998045 0.4867549668874172 0.008797653958944282 0.060927152317880796
0 0.39345063538611924 0.5291390728476821 0.009775171065493646 0.13509933774834437
0 0.34310850439882695 0.5503311258278145 0.006842619745845552 0.05033112582781457
0 0.36314760508308896 0.46688741721854304 0.007820136852394917 0.05562913907284768
0 0.5669599217986315 0.6516556291390728 0.008797653958944282 0.20264900662251656
0 0.6280547409579668 0.5377483443708609 0.009775171065493646 0.17086092715231788
0 0.6720430107526881 0.4549668874172185 0.007820136852394917 0.08211920529801324
0 0.7585532746823069 0.49072847682119203 0.008797653958944282 0.045033112582781455
0 0.7844574780058651 0.6 0.021505376344086023 0.06490066225165562
0 0.47458455522971654 0.5629139072847682 0.005865102639296188 0.038410596026490065
0 0.5488758553274682 0.5126143172500788 0.009309686729041563 0.06685588142541778
