0 0.19745845552297164 0.5035561877667141 0.006842619745845552 0.2375533428165007
0 0.26344086021505375 0.55049786628734 0.005865102639296188 0.03556187766714083
0 0.45112414467253176 0.47368421052631576 0.005865102639296188 0.08961593172119488
0 0.5239491691104594 0.4793741109530583 0.006842619745845552 0.06116642958748222
0 0.5791788856304986 0.5433854907539118 0.005865102639296188 0.015647226173541962
0 0.6598240469208211 0.4466571834992888 0.004887585532746823 0.06970128022759602
0 0.6749755620723362 0.48862019914651494 0.005865102639296188 0.05689900426742532
0 0.6515151515151515 0.5675675675675675 0.0039100684261974585 0.06401137980085349
0 0.13098729227761485 0.5675675675675675 0.006842619745845552 0.05547652916073969
0 0.4975562072336266 0.5583214793741109 0.006842619745845552 0.03698435277382646
