0 0.2255859375 0.5241820768136558 0.0087890625 0.10241820768136557
0 0.2451171875 0.47368421052631576 0.0068359375 0.08392603129445235
0 0.2685546875 0.5576102418207681 0.0048828125 0.02418207681365576
0 0.28369140625 0.5391180654338549 0.005859375 0.029871977240398292
0 0.298828125 0.43385490753911804 0.0068359375 0.13513513513513514
0 0.36572265625 0.4871977240398293 0.005859375 0.031294452347083924
0 0.4384765625 0.5753911806543386 0.0068359375 0.01991465149359886
0 0.49755859375 0.46870554765291605 0.009765625 0.09672830725462304
0 0.5380859375 0.4694167852062589 0.0087890625 0.10099573257467995
0 0.81884765625 0.484352773826458 0.005859375 0.034139402560455195
0 0.82568359375 0.577524893314367 0.005859375 0.03556187766714083
0 0.8427734375 0.47297297297297297 0.0048828125 0.031294452347083924
0 0.42822265625 0.5448079658605974 0.0078125 0.029871977240398292
