0 0.076171875 0.5072847682119205 0.0068359375 0.11258278145695365
0 0.2197265625 0.5251655629139073 0.0068359375 0.02913907284768212
0 0.33203125 0.5794701986754967 0.0068359375 0.11920529801324503
0 0.3525390625 0.5556291390728477 0.0068359375 0.2410596026490066
0 0.51806640625 0.5344370860927152 0.01171875 0.16423841059602648
0 0.61865234375 0.5039735099337749 0.005859375 0.04768211920529802
0 0.65380859375 0.5291390728476821 0.005859375 0.05827814569536424
0 0.86767578125 0.5384105960264901 0.005859375 0.11125827814569536
0 0.8857421875 0.48543046357615893 0.0048828125 0.039735099337748346
0 0.8857421875 0.5470198675496689 0.0048828125 0.030463576158940398
0 0.3916015625 0.4960264900662252 0.0068359375 0.02119205298013245
