0 0.109375 0.5512091038406828 0.0068359375 0.05405405405405406
0 0.3330078125 0.5099573257467994 0.0048828125 0.05405405405405406
0 0.3916015625 0.5490753911806543 0.0048828125 0.02702702702702703
0 0.44140625 0.604551920341394 0.0048828125 0.03840682788051209
0 0.47021484375 0.4850640113798009 0.005859375 0.021337126600284494
0 0.47802734375 0.45803698435277385 0.005859375 0.06116642958748222
0 0.6005859375 0.49857752489331436 0.0068359375 0.04836415362731152
0 0.587890625 0.5668563300142248 0.0087890625 0.07112375533428165
0 0.63818359375 0.5732574679943101 0.005859375 0.06685633001422475
0 0.802734375 0.46586059743954483 0.0048828125 0.034139402560455195
0 0.87890625 0.5220483641536273 0.0537109375 0.13513513513513514
