0 0.23095703125 0.5986754966887418 0.005859375 0.051655629139072845
0 0.15380859375 0.5119205298013245 0.005859375 0.031788079470198675
0 0.25244140625 0.5006622516556292 0.005859375 0.04900662251655629
0 0.34130859375 0.5331125827814569 0.0078125 0.19337748344370861
0 0.48193359375 0.4794701986754967 0.005859375 0.06225165562913907
0 0.5 0.5728476821192053 0.0068359375 0.07417218543046358
0 0.6875 0.604635761589404 0.0068359375 0.018543046357615896
0 0.6298828125 0.5086092715231788 0.0068359375 0.02781456953642384
0 0.78955078125 0.5145695364238411 0.005859375 0.015894039735099338
0 0.87890625 0.5264900662251656 0.0068359375 0.04768211920529802
