0 0.21337890625 0.5741721854304636 0.0078125 0.07947019867549669
0 0.2802734375 0.5754966887417219 0.0068359375 0.18543046357615894
0 0.3203125 0.5490066225165563 0.0068359375 0.02119205298013245
0 0.37646484375 0.5377483443708609 0.0078125 0.051655629139072845
0 0.4208984375 0.5576158940397351 0.0087890625 0.10198675496688742
0 0.43994140625 0.5503311258278145 0.005859375 0.02913907284768212
0 0.4697265625 0.5059602649006623 0.0068359375 0.0913907284768212
0 0.5439453125 0.5529801324503312 0.0068359375 0.052980132450331126
0 0.5830078125 0.4960264900662252 0.0068359375 0.11655629139072848
0 0.892578125 0.5132450331125827 0.0283203125 0.031788079470198675
