0 0.1162109375 0.48364153627311524 0.0068359375 0.06116642958748222
0 0.13037109375 0.4722617354196302 0.005859375 0.08108108108108109
0 0.16357421875 0.5106685633001422 0.0078125 0.08677098150782361
0 0.48291015625 0.4295874822190612 0.005859375 0.07254623044096728
0 0.55517578125 0.5547652916073968 0.005859375 0.06116642958748222
0 0.5 0.5640113798008535 0.0048828125 0.017069701280227598
0 0.81640625 0.45092460881934565 0.0068359375 0.12091038406827881
0 0.8271484375 0.5213371266002845 0.0068359375 0.03982930298719772
0 0.8759765625 0.5490753911806543 0.0087890625 0.11522048364153627
0 0.86669921875 0.5654338549075392 0.005859375 0.04836415362731152
