0 0.18408203125 0.581081081081081 0.005859375 0.09957325746799431
0 0.25341796875 0.5711237553342816 0.005859375 0.04836415362731152
0 0.2880859375 0.5092460881934566 0.0048828125 0.08392603129445235
0 0.36376953125 0.4644381223328592 0.0078125 0.36415362731152207
0 0.41357421875 0.5 0.005859375 0.11379800853485064
0 0.52587890625 0.5440967283072546 0.005859375 0.04836415362731152
0 0.5546875 0.5206258890469416 0.0068359375 0.20056899004267426
0 0.685546875 0.5448079658605974 0.0048828125 0.041251778093883355
0 0.70458984375 0.5398293029871978 0.005859375 0.13940256045519203
0 0.783203125 0.6024182076813656 0.0126953125 0.16216216216216217
0 0.7451171875 0.5433854907539118 0.0048828125 0.012802275960170697
