0 0.076171875 0.5497866287339972 0.0048828125 0.02844950213371266
0 0.138671875 0.457325746799431 0.0107421875 0.10810810810810811
0 0.2314453125 0.48079658605974396 0.0107421875 0.16073968705547653
0 0.30224609375 0.5654338549075392 0.005859375 0.06827880512091039
0 0.4287109375 0.542674253200569 0.0166015625 0.08534850640113797
0 0.50341796875 0.620199146514936 0.009765625 0.16358463726884778
0 0.51708984375 0.4907539118065434 0.005859375 0.04694167852062589
0 0.6123046875 0.5490753911806543 0.0068359375 0.04694167852062589
0 0.619140625 0.4601706970128023 0.0068359375 0.11379800853485064
0 0.72802734375 0.47155049786628733 0.005859375 0.04267425320056899
0 0.81640625 0.5256045519203414 0.0087890625 0.10810810810810811
0 0.85546875 0.5284495021337127 0.0107421875 0.13655761024182078
