0 0.11181640625 0.48577524893314367 0.005859375 0.07396870554765292
0 0.14892578125 0.5007112375533428 0.005859375 0.01849217638691323
0 0.2587890625 0.5483641536273115 0.0048828125 0.031294452347083924
0 0.1494140625 0.5689900426742532 0.0048828125 0.03556187766714083
0 0.26025390625 0.4694167852062589 0.00390625 0.03556187766714083
0 0.31640625 0.5604551920341394 0.0068359375 0.15789473684210525
0 0.33251953125 0.4644381223328592 0.005859375 0.04267425320056899
0 0.369140625 0.4950213371266003 0.0048828125 0.02418207681365576
0 0.47021484375 0.527027027027027 0.005859375 0.09388335704125178
0 0.48681640625 0.5071123755334281 0.005859375 0.05689900426742532
0 0.5517578125 0.5398293029871978 0.0048828125 0.051209103840682786
0 0.54833984375 0.4850640113798009 0.005859375 0.041251778093883355
0 0.5888671875 0.5796586059743954 0.0048828125 0.034139402560455195
0 0.6015625 0.5298719772403983 0.0068359375 0.04836415362731152
0 0.58740234375 0.5320056899004267 0.005859375 0.02702702702702703
0 0.44189453125 0.5768136557610242 0.005859375 0.04267425320056899
0 0.87890625 0.5327169274537695 0.0537109375 0.11379800853485064
