0 0.51123046875 0.5867709815078236 0.005859375 0.18776671408250356
0 0.47216796875 0.4672830725462304 0.005859375 0.07681365576102418
0 0.4716796875 0.5384068278805121 0.0048828125 0.04551920341394026
0 0.3525390625 0.6088193456614509 0.0048828125 0.07254623044096728
0 0.25830078125 0.5149359886201992 0.005859375 0.06401137980085349
0 0.244140625 0.5035561877667141 0.0048828125 0.044096728307254626
0 0.2431640625 0.49431009957325744 0.0068359375 0.07112375533428165
0 0.58056640625 0.4971550497866287 0.005859375 0.04267425320056899
0 0.5205078125 0.4879089615931721 0.0068359375 0.06970128022759602
0 0.70361328125 0.5014224751066856 0.005859375 0.034139402560455195
0 0.7216796875 0.5412517780938834 0.0068359375 0.025604551920341393
0 0.62939453125 0.5241820768136558 0.0205078125 0.029871977240398292
0 0.1513671875 0.4871977240398293 0.005859375 0.02702702702702703
0 0.15283203125 0.5625889046941679 0.0126953125 0.032716927453769556
