0 0.1279296875 0.4860927152317881 0.0087890625 0.10463576158940398
0 0.5458984375 0.5966887417218543 0.0068359375 0.11655629139072848
0 0.48291015625 0.49072847682119203 0.005859375 0.05033112582781457
0 0.60546875 0.5768211920529801 0.0068359375 0.06357615894039735
0 0.7294921875 0.5536423841059602 0.0068359375 0.051655629139072845
0 0.8310546875 0.4986754966887417 0.0068359375 0.03708609271523179
0 0.82666015625 0.4867549668874172 0.005859375 0.04768211920529802
0 0.86962890625 0.6562913907284769 0.009765625 0.5006622516556292
0 0.89208984375 0.604635761589404 0.0078125 0.1509933774834437
0 0.2265625 0.5086092715231788 0.0068359375 0.019867549668874173
