0 0.06884765625 0.5469416785206259 0.01171875 0.10241820768136557
0 0.17626953125 0.6557610241820768 0.0078125 0.2147937411095306
0 0.1982421875 0.47297297297297297 0.0107421875 0.08250355618776671
0 0.32470703125 0.5213371266002845 0.01171875 0.11379800853485064
0 0.34423828125 0.5689900426742532 0.005859375 0.07539118065433854
0 0.458984375 0.5028449502133713 0.0048828125 0.02844950213371266
0 0.56689453125 0.566145092460882 0.005859375 0.05547652916073969
0 0.716796875 0.4957325746799431 0.0048828125 0.034139402560455195
0 0.810546875 0.5647226173541963 0.0048828125 0.07254623044096728
0 0.7548828125 0.5739687055476529 0.0048828125 0.031294452347083924
0 0.8720703125 0.6116642958748222 0.0048828125 0.05547652916073969
0 0.87939453125 0.5526315789473685 0.005859375 0.01422475106685633
0 0.5393217643805309 0.5805649617945845 0.00691371681415931 0.1926006117901786
0 0.2802734375 0.5597439544807966 0.0029296875 0.031294452347083924
0 0.4814453125 0.5078236130867709 0.0048828125 0.00995732574679943
0 0.298828125 0.5106685633001422 0.0048828125 0.00995732574679943
0 0.203125 0.5526315789473685 0.0068359375 0.017069701280227598
0 0.15185546875 0.4743954480796586 0.029296875 0.04267425320056899
