0 0.1560070753619141 0.5245979186376537 0.007447749383233256 0.18164616840113532
0 0.2165200391006843 0.5290129296751813 0.007447749383233228 0.14001892147587505
0 0.2235023041474655 0.522075055187638 0.008378718056137395 0.1311888994008199
0 0.23839780291393198 0.5321665089877011 0.012102592747754009 0.0832544938505203
0 0.2882046269143043 0.5201829076001262 0.009309686729041563 0.2030905077262693
0 0.48138062654191693 0.5170293282876065 0.012102592747754064 0.16146326080100917
0 0.1050830889540567 0.5735099337748344 0.005865102639296188 0.054304635761589407
0 0.11241446725317693 0.5490066225165563 0.006842619745845552 0.018543046357615896
0 0.09579667644183773 0.48013245033112584 0.006842619745845552 0.04768211920529802
0 0.1827956989247312 0.5529801324503312 0.006842619745845552 0.05827814569536424
0 0.16471163245356793 0.5834437086092715 0.005865102639296188 0.060927152317880796
0 0.2668621700879765 0.5536423841059602 0.006842619745845552 0.033112582781456956
0 0.2825024437927664 0.5397350993377483 0.006842619745845552 0.02913907284768212
0 0.4032258064516129 0.5609271523178808 0.007820136852394917 0.05562913907284768
0 0.4345063538611926 0.5205298013245033 0.009775171065493646 0.10463576158940398
0 0.4975562072336266 0.5291390728476821 0.006842619745845552 0.04768211920529802
0 0.5747800586510264 0.47218543046357614 0.006842619745845552 0.039735099337748346
0 0.5953079178885631 0.5516556291390728 0.008797653958944282 0.015894039735099338
0 0.7512218963831867 0.4794701986754967 0.007820136852394917 0.0781456953642384
0 0.8040078201368523 0.6079470198675496 0.005865102639296188 0.05695364238410596
0 0.655425219941349 0.5688741721854305 0.005865102639296188 0.02384105960264901
0 0.6324535679374389 0.5 0.006842619745845552 0.031788079470198675
0 0.5356793743890518 0.5013245033112583 0.006842619745845552 0.03443708609271523
0 0.29765395894428154 0.671523178807947 0.007820136852394917 0.2980132450331126
0 0.7508960573476703 0.49810785241248823 0.009309686729041563 0.17155471460107222
