0 0.0732421875 0.5337748344370861 0.0048828125 0.04370860927152318
0 0.1015625 0.48940397350993375 0.0068359375 0.04768211920529802
0 0.25 0.49205298013245036 0.0068359375 0.07947019867549669
0 0.30517578125 0.47086092715231787 0.005859375 0.060927152317880796
0 0.39404296875 0.5006622516556292 0.005859375 0.054304635761589407
0 0.4921875 0.5576158940397351 0.0068359375 0.05695364238410596
0 0.58056640625 0.5456953642384106 0.005859375 0.10198675496688742
0 0.59423828125 0.6052980132450331 0.005859375 0.04370860927152318
0 0.6611328125 0.5609271523178808 0.0068359375 0.12185430463576159
0 0.80322265625 0.5741721854304636 0.005859375 0.015894039735099338
0 0.8701171875 0.5298013245033113 0.0517578125 0.12582781456953643
