0 0.072265625 0.5026490066225165 0.0068359375 0.11655629139072848
0 0.0654296875 0.5463576158940397 0.0068359375 0.03443708609271523
0 0.06982421875 0.49933774834437084 0.013671875 0.1576158940397351
0 0.2138671875 0.5655629139072847 0.0068359375 0.10198675496688742
0 0.25634765625 0.5576158940397351 0.009765625 0.09933774834437085
0 0.3271484375 0.5125827814569537 0.0087890625 0.14701986754966886
0 0.32373046875 0.5735099337748344 0.013671875 0.2662251655629139
0 0.3486328125 0.5668874172185431 0.0087890625 0.07549668874172186
0 0.3916015625 0.6006622516556291 0.0068359375 0.06357615894039735
0 0.515625 0.6649006622516557 0.0087890625 0.33774834437086093
0 0.880859375 0.6026490066225165 0.0068359375 0.09933774834437085
