0 0.14320625610948193 0.5423841059602649 0.007820136852394917 0.03708609271523179
0 0.1989247311827957 0.6695364238410596 0.015640273704789834 0.20927152317880796
0 0.26392961876832843 0.6582781456953642 0.010752688172043012 0.3695364238410596
0 0.3357771260997067 0.6152317880794702 0.011730205278592375 0.34966887417218545
0 0.5083088954056696 0.46622516556291393 0.006842619745845552 0.07549668874172186
0 0.5053763440860215 0.5589403973509933 0.006842619745845552 0.054304635761589407
0 0.4750733137829912 0.5490066225165563 0.006842619745845552 0.03708609271523179
0 0.4227761485826002 0.5602649006622517 0.005865102639296188 0.06225165562913907
0 0.3978494623655914 0.580794701986755 0.008797653958944282 0.10596026490066225
0 0.5234604105571847 0.7066225165562914 0.009775171065493646 0.36821192052980134
0 0.5850439882697948 0.48079470198675495 0.005865102639296188 0.038410596026490065
0 0.7096774193548387 0.46556291390728477 0.006842619745845552 0.06622516556291391
0 0.7311827956989247 0.4741721854304636 0.004887585532746823 0.051655629139072845
0 0.761485826001955 0.5735099337748344 0.006842619745845552 0.038410596026490065
0 0.8294232649071359 0.5443708609271524 0.005865102639296188 0.03576158940397351
0 0.8597262952101662 0.5867549668874172 0.007820136852394917 0.051655629139072845
0 0.8826979472140762 0.5410596026490067 0.006842619745845552 0.03708609271523179
