0 0.30859375 0.5248933143669986 0.0068359375 0.09815078236130868
0 0.32666015625 0.47155049786628733 0.005859375 0.07965860597439545
0 0.45947265625 0.47155049786628733 0.009765625 0.10810810810810811
0 0.71826171875 0.49431009957325744 0.005859375 0.017069701280227598
0 0.79150390625 0.5448079658605974 0.0078125 0.2147937411095306
0 0.70654296875 0.4950213371266003 0.005859375 0.03556187766714083
0 0.36777516592920356 0.5044058963481414 0.012963219026548678 0.1586122685330882
0 0.638671875 0.4879089615931721 0.0048828125 0.029871977240398292
0 0.75439453125 0.45874822190611664 0.005859375 0.02844950213371266
0 0.15576171875 0.5120910384068279 0.005859375 0.029871977240398292
0 0.1494140625 0.4907539118065434 0.0048828125 0.00995732574679943
0 0.16845703125 0.5199146514935988 0.005859375 0.034139402560455195
0 0.220703125 0.49431009957325744 0.0439453125 0.034139402560455195
0 0.2001953125 0.6002844950213371 0.0146484375 0.049786628733997154
0 0.5087890625 0.4274537695590327 0.0068359375 0.07112375533428165
