0 0.06494140625 0.4971550497866287 0.005859375 0.05689900426742532
0 0.078125 0.48933143669985774 0.0087890625 0.04694167852062589
0 0.0908203125 0.527027027027027 0.0068359375 0.06258890469416785
0 0.1220703125 0.44096728307254623 0.0068359375 0.05547652916073969
0 0.14990234375 0.5042674253200569 0.005859375 0.01991465149359886
0 0.20703125 0.5177809388335705 0.0126953125 0.11522048364153627
0 0.228515625 0.5014224751066856 0.0048828125 0.034139402560455195
0 0.23388671875 0.46088193456614507 0.005859375 0.112375533428165
0 0.28173828125 0.46372688477951635 0.005859375 0.029871977240398292
0 0.26953125 0.5369843527738265 0.0048828125 0.017069701280227598
0 0.29296875 0.5298719772403983 0.0087890625 0.1763869132290185
0 0.3154296875 0.4850640113798009 0.0087890625 0.032716927453769556
0 0.3359375 0.5654338549075392 0.0068359375 0.04836415362731152
0 0.376953125 0.5220483641536273 0.0068359375 0.19203413940256045
0 0.7734375 0.4772403982930299 0.0068359375 0.059743954480796585
0 0.671875 0.42105263157894735 0.0068359375 0.14082503556187767
0 0.65283203125 0.5647226173541963 0.005859375 0.029871977240398292
0 0.60986328125 0.5056899004267426 0.005859375 0.01991465149359886
0 0.69091796875 0.4786628733997155 0.0078125 0.04267425320056899
