0 0.40187872023809523 0.5302743614001892 0.005580357142857151 0.05424156417533903
0 0.17626953125 0.48079470198675495 0.005859375 0.025165562913907286
0 0.29345703125 0.5529801324503312 0.005859375 0.052980132450331126
0 0.318359375 0.5602649006622517 0.0048828125 0.033112582781456956
0 0.47900390625 0.4960264900662252 0.009765625 0.03443708609271523
0 0.5859375 0.5304635761589404 0.0068359375 0.013245033112582781
0 0.71337890625 0.49072847682119203 0.005859375 0.05827814569536424
0 0.7509765625 0.49337748344370863 0.0087890625 0.018543046357615896
0 0.74072265625 0.5417218543046357 0.005859375 0.017218543046357615
0 0.7978515625 0.528476821192053 0.0048828125 0.011920529801324504
0 0.88427734375 0.5271523178807948 0.0078125 0.009271523178807948
