0 0.1044921875 0.5113798008534851 0.0068359375 0.05689900426742532
0 0.17236328125 0.4864864864864865 0.005859375 0.044096728307254626
0 0.1884765625 0.46870554765291605 0.0068359375 0.025604551920341393
0 0.31884765625 0.4800853485064011 0.005859375 0.08534850640113797
0 0.37939453125 0.49288762446657186 0.005859375 0.017069701280227598
0 0.46826171875 0.5583214793741109 0.005859375 0.025604551920341393
0 0.79248046875 0.6109530583214794 0.0078125 0.07112375533428165
0 0.76513671875 0.527027027027027 0.005859375 0.04551920341394026
0 0.80908203125 0.5391180654338549 0.005859375 0.015647226173541962
0 0.88134765625 0.5014224751066856 0.00390625 0.02844950213371266
0 0.5634765625 0.5078236130867709 0.0048828125 0.01849217638691323
