0 0.1103515625 0.6614509246088194 0.0068359375 0.3399715504978663
0 0.091796875 0.5433854907539118 0.0048828125 0.03556187766714083
0 0.24853515625 0.5334281650071123 0.005859375 0.10668563300142248
0 0.20751953125 0.48079658605974396 0.005859375 0.07254623044096728
0 0.35009765625 0.5881934566145093 0.005859375 0.09103840682788052
0 0.3984375 0.45590327169274536 0.0068359375 0.12233285917496443
0 0.3974609375 0.5782361308677099 0.0068359375 0.09672830725462304
0 0.43017578125 0.5497866287339972 0.005859375 0.051209103840682786
0 0.4619140625 0.4701280227596017 0.0068359375 0.09957325746799431
0 0.498046875 0.48150782361308675 0.0048828125 0.07681365576102418
0 0.53271484375 0.492176386913229 0.005859375 0.16927453769559034
0 0.55029296875 0.5526315789473685 0.0078125 0.18492176386913228
0 0.662109375 0.5682788051209103 0.0068359375 0.08534850640113797
0 0.66357421875 0.4743954480796586 0.0078125 0.08534850640113797
0 0.828125 0.6721194879089616 0.0087890625 0.46372688477951635
0 0.8896484375 0.534850640113798 0.0048828125 0.021337126600284494
0 0.87548828125 0.49857752489331436 0.005859375 0.031294452347083924
0 0.705078125 0.4914651493598862 0.0048828125 0.04267425320056899
0 0.576171875 0.43314366998577525 0.0068359375 0.059743954480796585
0 0.62451171875 0.4864864864864865 0.03515625 0.06685633001422475
