0 0.169921875 0.5860597439544808 0.0048828125 0.10668563300142248
0 0.16943359375 0.4779516358463727 0.005859375 0.08392603129445235
0 0.5205078125 0.48364153627311524 0.0068359375 0.06970128022759602
0 0.5498046875 0.5177809388335705 0.0048828125 0.03840682788051209
0 0.5810546875 0.49786628733997157 0.0068359375 0.044096728307254626
0 0.6708984375 0.5448079658605974 0.0048828125 0.03556187766714083
0 0.72119140625 0.5490753911806543 0.009765625 0.04694167852062589
0 0.35205078125 0.4480796586059744 0.005859375 0.06401137980085349
0 0.408203125 0.5128022759601707 0.0048828125 0.034139402560455195
0 0.29052734375 0.5817923186344239 0.005859375 0.032716927453769556
