0 0.08837890625 0.534850640113798 0.005859375 0.021337126600284494
0 0.26904296875 0.5625889046941679 0.005859375 0.04267425320056899
0 0.41845703125 0.4957325746799431 0.005859375 0.03698435277382646
0 0.4296875 0.5142247510668563 0.0087890625 0.07112375533428165
0 0.45166015625 0.5625889046941679 0.005859375 0.09957325746799431
0 0.4716796875 0.5263157894736842 0.0068359375 0.04694167852062589
0 0.51025390625 0.5867709815078236 0.005859375 0.11095305832147938
0 0.69677734375 0.5796586059743954 0.00390625 0.07965860597439545
0 0.75634765625 0.5014224751066856 0.005859375 0.03698435277382646
0 0.552734375 0.49288762446657186 0.0048828125 0.025604551920341393
