0 0.50048828125 0.4487908961593172 0.005859375 0.07396870554765292
0 0.48095703125 0.43314366998577525 0.0078125 0.1337126600284495
0 0.39306640625 0.5035561877667141 0.005859375 0.02702702702702703
0 0.3408203125 0.5732574679943101 0.0048828125 0.029871977240398292
0 0.43896484375 0.5789473684210527 0.005859375 0.012802275960170697
0 0.55712890625 0.5469416785206259 0.00390625 0.02844950213371266
0 0.61669921875 0.5817923186344239 0.005859375 0.041251778093883355
0 0.7939453125 0.5583214793741109 0.0048828125 0.01991465149359886
0 0.8779296875 0.5455192034139402 0.0048828125 0.031294452347083924
0 0.7529296875 0.4907539118065434 0.0068359375 0.03840682788051209
0 0.71484375 0.4388335704125178 0.0068359375 0.06543385490753911
0 0.7255859375 0.5391180654338549 0.0048828125 0.00995732574679943
0 0.7353515625 0.55049786628734 0.0048828125 0.021337126600284494
0 0.16987002212389382 0.49055879353969706 0.006049502212389368 0.040282480897292285
