0 0.0927734375 0.4672830725462304 0.0068359375 0.09672830725462304
0 0.08349609375 0.43741109530583216 0.005859375 0.07396870554765292
0 0.0927734375 0.5689900426742532 0.0048828125 0.04694167852062589
0 0.1767578125 0.5028449502133713 0.0068359375 0.031294452347083924
0 0.22412109375 0.49431009957325744 0.00390625 0.04551920341394026
0 0.18408203125 0.5739687055476529 0.005859375 0.06258890469416785
0 0.71630859375 0.4665718349928876 0.005859375 0.09815078236130868
0 0.50634765625 0.5398293029871978 0.005859375 0.02275960170697013
0 0.55615234375 0.5384068278805121 0.005859375 0.01991465149359886
0 0.7978515625 0.5825035561877667 0.0048828125 0.07965860597439545
0 0.78515625 0.4907539118065434 0.0048828125 0.05547652916073969
0 0.81298828125 0.4822190611664296 0.005859375 0.05263157894736842
0 0.84765625 0.5462304409672831 0.0068359375 0.044096728307254626
0 0.8916015625 0.6052631578947368 0.0107421875 0.03698435277382646
0 0.76904296875 0.5469416785206259 0.0078125 0.02844950213371266
