0 0.080078125 0.5649006622516556 0.0068359375 0.07152317880794702
0 0.2236328125 0.5470198675496689 0.0068359375 0.030463576158940398
0 0.4150390625 0.590066225165563 0.0068359375 0.018543046357615896
0 0.4228515625 0.5456953642384106 0.0107421875 0.10198675496688742
0 0.443359375 0.6516556291390728 0.0068359375 0.17086092715231788
0 0.49853515625 0.6827814569536423 0.013671875 0.27019867549668874
0 0.611328125 0.5225165562913907 0.0068359375 0.05827814569536424
0 0.62646484375 0.49801324503311256 0.005859375 0.0913907284768212
0 0.7080078125 0.5761589403973509 0.0068359375 0.025165562913907286
0 0.77880859375 0.571523178807947 0.005859375 0.0423841059602649
0 0.81005859375 0.5377483443708609 0.009765625 0.36688741721854307
0 0.8720703125 0.6490066225165563 0.0068359375 0.08344370860927153
