0 0.078125 0.620199146514936 0.0068359375 0.25177809388335703
0 0.158203125 0.47155049786628733 0.0068359375 0.09388335704125178
0 0.201171875 0.5256045519203414 0.0087890625 0.07112375533428165
0 0.2177734375 0.5405405405405406 0.0068359375 0.032716927453769556
0 0.232421875 0.457325746799431 0.0068359375 0.06258890469416785
0 0.25 0.4722617354196302 0.0048828125 0.05263157894736842
0 0.3408203125 0.4743954480796586 0.0458984375 0.08819345661450925
0 0.47705078125 0.47652916073968704 0.009765625 0.1891891891891892
0 0.51513671875 0.5568990042674253 0.005859375 0.059743954480796585
0 0.58349609375 0.569701280227596 0.009765625 0.06543385490753911
0 0.83642578125 0.5881934566145093 0.009765625 0.1337126600284495
0 0.8828125 0.5334281650071123 0.0068359375 0.021337126600284494
