0 0.1015625 0.5896159317211949 0.0068359375 0.10810810810810811
0 0.109375 0.5732574679943101 0.0205078125 0.06685633001422475
0 0.20166015625 0.5177809388335705 0.0078125 0.19487908961593173
0 0.3408203125 0.4694167852062589 0.0400390625 0.10668563300142248
0 0.33251953125 0.585348506401138 0.005859375 0.04267425320056899
0 0.31298828125 0.5448079658605974 0.005859375 0.032716927453769556
0 0.3994140625 0.5739687055476529 0.0068359375 0.09672830725462304
0 0.49609375 0.5320056899004267 0.0068359375 0.044096728307254626
0 0.52392578125 0.5398293029871978 0.0078125 0.02844950213371266
0 0.5439453125 0.5291607396870555 0.0087890625 0.2147937411095306
0 0.61279296875 0.5028449502133713 0.005859375 0.034139402560455195
0 0.68017578125 0.48933143669985774 0.005859375 0.04694167852062589
0 0.47216796875 0.5234708392603129 0.005859375 0.07823613086770982
0 0.75048828125 0.47083926031294454 0.005859375 0.049786628733997154
0 0.140625 0.5085348506401138 0.0068359375 0.07112375533428165
