0 0.07958984375 0.5483641536273115 0.009765625 0.17923186344238975
0 0.10693359375 0.4786628733997155 0.005859375 0.02275960170697013
0 0.1982421875 0.4623044096728307 0.0322265625 0.01849217638691323
0 0.20556640625 0.5512091038406828 0.005859375 0.04836415362731152
0 0.25927734375 0.5640113798008535 0.005859375 0.017069701280227598
0 0.31640625 0.5533428165007113 0.0068359375 0.05832147937411095
0 0.36865234375 0.4395448079658606 0.005859375 0.09815078236130868
0 0.36083984375 0.5199146514935988 0.00390625 0.034139402560455195
0 0.42236328125 0.5384068278805121 0.005859375 0.017069701280227598
0 0.44140625 0.6081081081081081 0.0068359375 0.09103840682788052
0 0.47900390625 0.49288762446657186 0.005859375 0.05405405405405406
0 0.54345703125 0.4672830725462304 0.005859375 0.03698435277382646
0 0.58740234375 0.5675675675675675 0.0078125 0.08108108108108109
0 0.71044921875 0.55049786628734 0.005859375 0.03556187766714083
0 0.71435546875 0.5 0.005859375 0.03698435277382646
0 0.73095703125 0.55049786628734 0.005859375 0.03556187766714083
0 0.64501953125 0.4644381223328592 0.005859375 0.03982930298719772
0 0.7685546875 0.5035561877667141 0.0068359375 0.032716927453769556
0 0.8017578125 0.46586059743954483 0.0068359375 0.07112375533428165
0 0.7861328125 0.5227596017069701 0.0126953125 0.12233285917496443
0 0.830078125 0.5455192034139402 0.0048828125 0.034139402560455195
0 0.86474609375 0.55049786628734 0.025390625 0.10668563300142248
