0 0.076171875 0.48862019914651494 0.0048828125 0.04836415362731152
0 0.0908203125 0.5170697012802276 0.0068359375 0.08250355618776671
0 0.1689453125 0.45376955903271693 0.0068359375 0.08392603129445235
0 0.2578125 0.4594594594594595 0.0068359375 0.10953058321479374
0 0.28271484375 0.5419630156472262 0.005859375 0.03556187766714083
0 0.294921875 0.5789473684210527 0.0048828125 0.05832147937411095
0 0.31396484375 0.47652916073968704 0.005859375 0.03840682788051209
0 0.4609375 0.4623044096728307 0.0068359375 0.08961593172119488
0 0.52197265625 0.612375533428165 0.009765625 0.15647226173541964
0 0.63916015625 0.5376955903271693 0.01171875 0.13229018492176386
0 0.81640625 0.5675675675675675 0.0087890625 0.08108108108108109
0 0.779296875 0.4914651493598862 0.0068359375 0.051209103840682786
0 0.67236328125 0.41109530583214793 0.005859375 0.05263157894736842
0 0.607421875 0.4480796586059744 0.0068359375 0.032716927453769556
