0 0.37109375 0.5334281650071123 0.0068359375 0.16642958748221906
0 0.49755859375 0.5106685633001422 0.005859375 0.06970128022759602
0 0.5068359375 0.4793741109530583 0.0048828125 0.07823613086770982
0 0.5146484375 0.4615931721194879 0.0048828125 0.06827880512091039
0 0.63916015625 0.4274537695590327 0.0078125 0.09672830725462304
0 0.77294921875 0.5597439544807966 0.009765625 0.12233285917496443
0 0.873046875 0.5391180654338549 0.0068359375 0.06970128022759602
0 0.34765625 0.542674253200569 0.0068359375 0.03698435277382646
0 0.4619140625 0.5469416785206259 0.0068359375 0.01991465149359886
0 0.47705078125 0.492176386913229 0.005859375 0.02702702702702703
0 0.4072265625 0.5099573257467994 0.0048828125 0.017069701280227598
0 0.537109375 0.5341394025604552 0.0107421875 0.017069701280227598
0 0.68212890625 0.5462304409672831 0.08984375 0.13229018492176386
0 0.595703125 0.585348506401138 0.0068359375 0.07965860597439545
