0 0.23074776785714285 0.5296436455376853 0.009300595238095233 0.05802585935036264
0 0.6967075892857144 0.511352885525071 0.009300595238095233 0.16272469252601698
0 0.8371465773809523 0.5296436455376853 0.007440476190476164 0.10596026490066225
0 0.87939453125 0.5463576158940397 0.0078125 0.04768211920529802
0 0.78662109375 0.5635761589403974 0.005859375 0.03708609271523179
0 0.62109375 0.4913907284768212 0.0068359375 0.054304635761589407
0 0.59814453125 0.5688741721854305 0.005859375 0.06357615894039735
0 0.55029296875 0.5960264900662252 0.005859375 0.06225165562913907
0 0.42919921875 0.5761589403973509 0.0234375 0.1629139072847682
0 0.3017578125 0.5721854304635762 0.0068359375 0.09933774834437085
0 0.134765625 0.5384105960264901 0.0068359375 0.031788079470198675
0 0.138671875 0.45761589403973507 0.0107421875 0.11920529801324503
0 0.07568359375 0.5735099337748344 0.005859375 0.022516556291390728
0 0.50048828125 0.5033112582781457 0.005859375 0.022516556291390728
0 0.75634765625 0.5655629139072847 0.005859375 0.08609271523178808
0 0.81884765625 0.44370860927152317 0.0078125 0.152317880794702
