0 0.09495907738095238 0.5245979186376538 0.009300595238095233 0.10596026490066225
0 0.19384765625 0.6384105960264901 0.0078125 0.19735099337748344
0 0.4833984375 0.48013245033112584 0.0068359375 0.07682119205298013
0 0.52392578125 0.562251655629139 0.005859375 0.05562913907284768
0 0.6494140625 0.571523178807947 0.0068359375 0.09006622516556291
0 0.7939453125 0.5682119205298013 0.0068359375 0.0913907284768212
0 0.837890625 0.6066225165562914 0.0068359375 0.16026490066225166
0 0.90087890625 0.5470198675496689 0.005859375 0.03576158940397351
0 0.6162109375 0.5741721854304636 0.0048828125 0.03443708609271523
0 0.779296875 0.47880794701986756 0.0048828125 0.031788079470198675
0 0.7421875 0.47549668874172185 0.0048828125 0.022516556291390728
0 0.2548828125 0.5437086092715232 0.0068359375 0.026490066225165563
0 0.22216796875 0.5933774834437087 0.05078125 0.07019867549668875
0 0.23388671875 0.495364238410596 0.08203125 0.04370860927152318
0 0.669921875 0.6026490066225165 0.0224609375 0.0728476821192053
