0 0.08113391984359726 0.48741721854304637 0.006842619745845552 0.13112582781456952
0 0.32404692082111436 0.49205298013245036 0.005865102639296188 0.04768211920529802
0 0.29521016617790813 0.571523178807947 0.004887585532746823 0.0423841059602649
0 0.31671554252199413 0.5774834437086093 0.006842619745845552 0.03576158940397351
0 0.44330400782013685 0.5655629139072847 0.007820136852394917 0.08609271523178808
0 0.4687194525904203 0.47549668874172185 0.007820136852394917 0.11258278145695365
0 0.6925708699902249 0.5827814569536424 0.005865102639296188 0.054304635761589407
0 0.7101661779081134 0.5072847682119205 0.015640273704789834 0.13642384105960265
0 0.5997067448680352 0.5662251655629139 0.007820136852394917 0.08741721854304636
0 0.6075268817204301 0.48013245033112584 0.011730205278592375 0.052980132450331126
0 0.6314760508308895 0.49337748344370863 0.016617790811339198 0.045033112582781455
0 0.543010752688172 0.5437086092715232 0.005865102639296188 0.03708609271523179
0 0.6881720430107527 0.47880794701986756 0.006842619745845552 0.045033112582781455
