0 0.1279296875 0.48013245033112584 0.0087890625 0.07152317880794702
0 0.55419921875 0.614569536423841 0.005859375 0.08079470198675497
0 0.482421875 0.5013245033112583 0.0048828125 0.018543046357615896
0 0.5263671875 0.4966887417218543 0.0068359375 0.030463576158940398
0 0.60546875 0.5788079470198676 0.0068359375 0.08609271523178808
0 0.693359375 0.5245033112582781 0.0068359375 0.11258278145695365
0 0.72900390625 0.5443708609271524 0.005859375 0.033112582781456956
0 0.83203125 0.5013245033112583 0.0048828125 0.031788079470198675
0 0.86962890625 0.6304635761589404 0.009765625 0.39602649006622515
0 0.35546875 0.5483443708609271 0.0068359375 0.046357615894039736
0 0.89208984375 0.5827814569536424 0.005859375 0.02781456953642384
