0 0.25439453125 0.48364153627311524 0.005859375 0.06970128022759602
0 0.3955078125 0.4786628733997155 0.0068359375 0.034139402560455195
0 0.5009765625 0.5519203413940256 0.0087890625 0.049786628733997154
0 0.55029296875 0.566145092460882 0.005859375 0.05547652916073969
0 0.5673828125 0.6379800853485064 0.0068359375 0.19914651493598862
0 0.62939453125 0.49644381223328593 0.0078125 0.04694167852062589
0 0.67333984375 0.4644381223328592 0.005859375 0.09957325746799431
0 0.12548828125 0.5263157894736842 0.0078125 0.17496443812233287
0 0.39501953125 0.5583214793741109 0.00390625 0.02844950213371266
0 0.36376953125 0.46088193456614507 0.005859375 0.05832147937411095
