0 0.08113391984359726 0.5364238410596026 0.008797653958944282 0.2370860927152318
0 0.09726295210166178 0.49205298013245036 0.005865102639296188 0.045033112582781455
0 0.35581622678396874 0.5417218543046357 0.004887585532746823 0.025165562913907286
0 0.3709677419354839 0.5390728476821192 0.007820136852394917 0.02781456953642384
0 0.44281524926686217 0.5602649006622517 0.006842619745845552 0.07549668874172186
0 0.4682306940371456 0.6324503311258278 0.010752688172043012 0.40264900662251657
0 0.6925708699902249 0.6 0.007820136852394917 0.08874172185430464
0 0.7101661779081134 0.49337748344370863 0.005865102639296188 0.07682119205298013
0 0.636852394916911 0.49403973509933774 0.03128054740957967 0.051655629139072845
0 0.5483870967741935 0.5086092715231788 0.0039100684261974585 0.02119205298013245
0 0.5493646138807429 0.5337748344370861 0.005865102639296188 0.018543046357615896
