0 0.1669921875 0.6264900662251656 0.0068359375 0.03576158940397351
0 0.3857421875 0.5821192052980132 0.0087890625 0.1827814569536424
0 0.5908203125 0.5304635761589404 0.0068359375 0.09006622516556291
0 0.75390625 0.5039735099337749 0.0107421875 0.06357615894039735
0 0.748046875 0.633112582781457 0.0048828125 0.04900662251655629
0 0.81884765625 0.6602649006622516 0.005859375 0.052980132450331126
0 0.2619047619047619 0.5788394828129927 0.008370535714285698 0.14380321665089882
0 0.2744140625 0.5821192052980132 0.0068359375 0.0423841059602649
0 0.48232886904761907 0.6015452538631347 0.008370535714285698 0.08830022075055183
0 0.43117559523809523 0.6185745821507411 0.008370535714285698 0.0845159255755282
