0 0.08935546875 0.515647226173542 0.009765625 0.11095305832147938
0 0.10595703125 0.5433854907539118 0.005859375 0.032716927453769556
0 0.0756706305309735 0.523288309268747 0.006049502212389382 0.13595337302836133
0 0.2509765625 0.47297297297297297 0.0068359375 0.10810810810810811
0 0.3154296875 0.4879089615931721 0.0087890625 0.11806543385490754
0 0.3740234375 0.5277382645803699 0.0107421875 0.10668563300142248
0 0.4267578125 0.577524893314367 0.0068359375 0.03556187766714083
0 0.52392578125 0.5924608819345661 0.015625 0.36415362731152207
0 0.595703125 0.5604551920341394 0.0068359375 0.06401137980085349
0 0.6083984375 0.5995732574679943 0.0048828125 0.05405405405405406
0 0.6640625 0.45305832147937414 0.0068359375 0.13086770981507823
0 0.6728515625 0.4466571834992888 0.0087890625 0.12375533428165007
0 0.69287109375 0.492176386913229 0.005859375 0.10099573257467995
0 0.72900390625 0.5 0.01171875 0.04267425320056899
0 0.7978515625 0.5291607396870555 0.0068359375 0.05832147937411095
