0 0.078125 0.5497866287339972 0.0068359375 0.267425320056899
0 0.12548828125 0.5789473684210527 0.0078125 0.10384068278805121
0 0.15478515625 0.484352773826458 0.0078125 0.15362731152204837
0 0.18701171875 0.5106685633001422 0.0078125 0.08677098150782361
0 0.19970703125 0.5490753911806543 0.009765625 0.13229018492176386
0 0.216796875 0.4672830725462304 0.0087890625 0.15362731152204837
0 0.2333984375 0.46372688477951635 0.0048828125 0.04694167852062589
0 0.25732421875 0.4907539118065434 0.005859375 0.05832147937411095
0 0.47900390625 0.4594594594594595 0.005859375 0.1465149359886202
0 0.56201171875 0.5419630156472262 0.005859375 0.06401137980085349
0 0.58984375 0.5256045519203414 0.0048828125 0.06258890469416785
0 0.60205078125 0.492176386913229 0.005859375 0.04694167852062589
0 0.67919921875 0.5512091038406828 0.009765625 0.05405405405405406
0 0.6806640625 0.4871977240398293 0.0068359375 0.03982930298719772
0 0.7177734375 0.5234708392603129 0.0068359375 0.06401137980085349
0 0.81494140625 0.5362731152204836 0.0078125 0.24324324324324326
0 0.86767578125 0.44594594594594594 0.005859375 0.05689900426742532
0 0.87646484375 0.492176386913229 0.005859375 0.032716927453769556
0 0.888671875 0.5384068278805121 0.0048828125 0.04551920341394026
0 0.79345703125 0.5440967283072546 0.005859375 0.03698435277382646
0 0.63623046875 0.5568990042674253 0.005859375 0.025604551920341393
0 0.3427734375 0.48862019914651494 0.0556640625 0.08819345661450925
