0 0.232421875 0.5456953642384106 0.0087890625 0.07549668874172186
0 0.09423828125 0.5503311258278145 0.005859375 0.03708609271523179
0 0.1923828125 0.5245033112582781 0.0087890625 0.022516556291390728
0 0.50927734375 0.543046357615894 0.005859375 0.0913907284768212
0 0.5966796875 0.5013245033112583 0.0068359375 0.039735099337748346
0 0.62841796875 0.4675496688741722 0.005859375 0.030463576158940398
0 0.65673828125 0.5410596026490067 0.005859375 0.0423841059602649
0 0.80322265625 0.5509933774834437 0.005859375 0.022516556291390728
0 0.88720703125 0.6072847682119206 0.0078125 0.039735099337748346
0 0.251953125 0.5046357615894039 0.0048828125 0.017218543046357615
