0 0.087890625 0.534850640113798 0.0068359375 0.021337126600284494
0 0.138671875 0.45376955903271693 0.0107421875 0.10099573257467995
0 0.2373046875 0.44096728307254623 0.0068359375 0.07539118065433854
0 0.4228515625 0.5462304409672831 0.0068359375 0.021337126600284494
0 0.42822265625 0.4751066856330014 0.01171875 0.06685633001422475
0 0.451171875 0.6685633001422475 0.0087890625 0.29160739687055476
0 0.505859375 0.686344238975818 0.0146484375 0.32432432432432434
0 0.56494140625 0.48079658605974396 0.005859375 0.06401137980085349
0 0.46484375 0.48079658605974396 0.0048828125 0.07254623044096728
0 0.61962890625 0.441678520625889 0.005859375 0.15362731152204837
0 0.6357421875 0.5732574679943101 0.0068359375 0.19772403982930298
0 0.60009765625 0.581081081081081 0.005859375 0.04836415362731152
0 0.67431640625 0.4523470839260313 0.005859375 0.08677098150782361
0 0.7275390625 0.4672830725462304 0.0068359375 0.07396870554765292
0 0.69873046875 0.5220483641536273 0.0078125 0.06401137980085349
0 0.81884765625 0.4772403982930299 0.009765625 0.19914651493598862
0 0.82666015625 0.44950213371266 0.009765625 0.14082503556187767
0 0.90234375 0.5248933143669986 0.0087890625 0.09246088193456614
