0 0.3040078201368524 0.5874172185430464 0.008797653958944282 0.1271523178807947
0 0.37145650048875856 0.6205298013245033 0.008797653958944282 0.5721854304635762
0 0.4359726295210166 0.42649006622516555 0.008797653958944282 0.09668874172185431
0 0.3998044965786901 0.49205298013245036 0.006842619745845552 0.05033112582781457
0 0.45992179863147603 0.5271523178807948 0.005865102639296188 0.08874172185430464
0 0.4858260019550342 0.49933774834437084 0.006842619745845552 0.04105960264900662
0 0.5948191593352884 0.43509933774834436 0.007820136852394917 0.06887417218543046
0 0.5869990224828935 0.5695364238410596 0.007820136852394917 0.0913907284768212
0 0.7150537634408602 0.5039735099337749 0.005865102639296188 0.026490066225165563
0 0.8250244379276638 0.4821192052980132 0.006842619745845552 0.0728476821192053
0 0.8284457478005866 0.5629139072847682 0.007820136852394917 0.04900662251655629
0 0.8807429130009775 0.543046357615894 0.04985337243401759 0.12582781456953643
