0 0.08447265625 0.6 0.009765625 0.20264900662251656
0 0.15185546875 0.5973509933774834 0.005859375 0.05695364238410596
0 0.17578125 0.5947019867549669 0.0126953125 0.16821192052980133
0 0.248046875 0.6377483443708609 0.0068359375 0.0423841059602649
0 0.3564453125 0.5231788079470199 0.0068359375 0.16026490066225166
0 0.38720703125 0.5437086092715232 0.0078125 0.03443708609271523
0 0.447265625 0.6291390728476821 0.0068359375 0.046357615894039736
0 0.54541015625 0.609271523178808 0.0078125 0.14172185430463577
0 0.697265625 0.5450331125827814 0.0068359375 0.06887417218543046
0 0.68408203125 0.6158940397350994 0.005859375 0.09403973509933775
0 0.8330078125 0.6006622516556291 0.0068359375 0.05033112582781457
0 0.8935546875 0.5655629139072847 0.0068359375 0.025165562913907286
0 0.77685546875 0.6377483443708609 0.013671875 0.06887417218543046
