0 0.11328125 0.5433854907539118 0.0068359375 0.03840682788051209
0 0.099609375 0.4438122332859175 0.0048828125 0.05832147937411095
0 0.111328125 0.47083926031294454 0.0087890625 0.08392603129445235
0 0.15625 0.492176386913229 0.0068359375 0.04694167852062589
0 0.20849609375 0.542674253200569 0.005859375 0.04267425320056899
0 0.49365234375 0.5533428165007113 0.005859375 0.05547652916073969
0 0.60595703125 0.5163584637268848 0.005859375 0.03556187766714083
0 0.62109375 0.49786628733997157 0.0068359375 0.08961593172119488
0 0.65869140625 0.46799431009957326 0.005859375 0.044096728307254626
0 0.19677734375 0.6088193456614509 0.0078125 0.03556187766714083
0 0.2177734375 0.6002844950213371 0.0322265625 0.049786628733997154
0 0.2294921875 0.48862019914651494 0.0654296875 0.051209103840682786
0 0.67236328125 0.6073968705547653 0.0234375 0.06685633001422475
