0 0.36412512218963833 0.5675496688741721 0.007820136852394917 0.07682119205298013
0 0.3870967741935484 0.5642384105960265 0.006842619745845552 0.0781456953642384
0 0.458455522971652 0.5251655629139073 0.006842619745845552 0.0847682119205298
0 0.47653958944281527 0.5304635761589404 0.007820136852394917 0.09271523178807947
0 0.5483870967741935 0.5662251655629139 0.006842619745845552 0.08741721854304636
0 0.581622678396872 0.4880794701986755 0.006842619745845552 0.05827814569536424
0 0.6285434995112414 0.47019867549668876 0.006842619745845552 0.0913907284768212
0 0.8020527859237536 0.5509933774834437 0.007820136852394917 0.04105960264900662
0 0.8382209188660802 0.5105960264900662 0.005865102639296188 0.013245033112582781
0 0.8963831867057673 0.5344370860927152 0.006842619745845552 0.02119205298013245
0 0.5625610948191594 0.5397350993377483 0.005865102639296188 0.02384105960264901
0 0.6886608015640274 0.5503311258278145 0.09970674486803519 0.1271523178807947
