0 0.076171875 0.5725462304409673 0.0068359375 0.09388335704125178
0 0.12451171875 0.5540540540540541 0.005859375 0.06543385490753911
0 0.185546875 0.4793741109530583 0.0048828125 0.06685633001422475
0 0.2021484375 0.4779516358463727 0.0068359375 0.22048364153627312
0 0.25732421875 0.5220483641536273 0.005859375 0.155049786628734
0 0.30908203125 0.4907539118065434 0.013671875 0.09246088193456614
0 0.37548828125 0.5597439544807966 0.005859375 0.07112375533428165
0 0.4677734375 0.48079658605974396 0.0068359375 0.11522048364153627
0 0.59326171875 0.4743954480796586 0.005859375 0.06827880512091039
0 0.68408203125 0.5128022759601707 0.009765625 0.09103840682788052
0 0.73828125 0.5526315789473685 0.0068359375 0.05689900426742532
0 0.8994140625 0.5199146514935988 0.0068359375 0.03982930298719772
0 0.34521484375 0.47083926031294454 0.052734375 0.08108108108108109
