0 0.45947265625 0.5455192034139402 0.005859375 0.04551920341394026
0 0.28466796875 0.561877667140825 0.005859375 0.06401137980085349
0 0.28369140625 0.49288762446657186 0.00390625 0.04551920341394026
0 0.53759765625 0.542674253200569 0.005859375 0.02844950213371266
0 0.6611328125 0.5746799431009957 0.0048828125 0.021337126600284494
0 0.7685546875 0.4694167852062589 0.0048828125 0.07539118065433854
0 0.828125 0.5490753911806543 0.0068359375 0.10668563300142248
0 0.8916015625 0.4388335704125178 0.0068359375 0.09103840682788052
0 0.87158203125 0.5298719772403983 0.03515625 0.09388335704125178
0 0.37158203125 0.5668563300142248 0.009765625 0.6799431009957326
