0 0.46826171875 0.5931721194879089 0.009765625 0.5732574679943101
0 0.271484375 0.5497866287339972 0.0048828125 0.03982930298719772
0 0.54345703125 0.5149359886201992 0.005859375 0.05832147937411095
0 0.55126953125 0.5035561877667141 0.0078125 0.08392603129445235
0 0.498046875 0.48577524893314367 0.0048828125 0.059743954480796585
0 0.693359375 0.5953058321479374 0.0068359375 0.09388335704125178
0 0.71044921875 0.5469416785206259 0.0078125 0.15362731152204837
0 0.37158203125 0.5405405405405406 0.005859375 0.01849217638691323
0 0.3935546875 0.5412517780938834 0.0048828125 0.017069701280227598
0 0.619140625 0.48364153627311524 0.0322265625 0.049786628733997154
0 0.60986328125 0.55049786628734 0.0234375 0.04694167852062589
0 0.2568359375 0.5497866287339972 0.0048828125 0.025604551920341393
0 0.2314453125 0.561877667140825 0.0048828125 0.02418207681365576
0 0.18603515625 0.49786628733997157 0.0029296875 0.03698435277382646
0 0.1865234375 0.5376955903271693 0.00390625 0.01422475106685633
