0 0.0888671875 0.49431009957325744 0.0048828125 0.059743954480796585
0 0.0986328125 0.47581792318634425 0.0068359375 0.08534850640113797
0 0.17138671875 0.45021337126600286 0.005859375 0.02275960170697013
0 0.2255859375 0.5832147937411095 0.0048828125 0.08961593172119488
0 0.234375 0.4800853485064011 0.0048828125 0.08250355618776671
0 0.2578125 0.4694167852062589 0.0048828125 0.04694167852062589
0 0.31494140625 0.5327169274537695 0.005859375 0.025604551920341393
0 0.37744140625 0.4566145092460882 0.005859375 0.05263157894736842
0 0.4228515625 0.5412517780938834 0.0068359375 0.06543385490753911
0 0.74560546875 0.492176386913229 0.005859375 0.029871977240398292
0 0.60888671875 0.48862019914651494 0.005859375 0.03698435277382646
