0 0.0859375 0.45519203413940257 0.0068359375 0.049786628733997154
0 0.16796875 0.5462304409672831 0.0068359375 0.14082503556187767
0 0.138671875 0.4971550497866287 0.0048828125 0.025604551920341393
0 0.26904296875 0.49857752489331436 0.005859375 0.11379800853485064
0 0.19677734375 0.5213371266002845 0.005859375 0.04267425320056899
0 0.34912109375 0.5298719772403983 0.013671875 0.06543385490753911
0 0.4345703125 0.561877667140825 0.0068359375 0.06401137980085349
0 0.54931640625 0.561877667140825 0.005859375 0.07539118065433854
0 0.57568359375 0.5170697012802276 0.0078125 0.09103840682788052
0 0.7158203125 0.6216216216216216 0.0087890625 0.2887624466571835
0 0.1240234375 0.484352773826458 0.0048828125 0.05405405405405406
0 0.5185546875 0.5590327169274538 0.0048828125 0.049786628733997154
0 0.8857421875 0.5021337126600285 0.0048828125 0.05263157894736842
0 0.81884765625 0.48577524893314367 0.005859375 0.04551920341394026
0 0.6591796875 0.46372688477951635 0.0048828125 0.044096728307254626
0 0.68359375 0.49359886201991465 0.0048828125 0.03556187766714083
