0 0.0654296875 0.5106685633001422 0.0068359375 0.03556187766714083
0 0.15576171875 0.5305832147937412 0.005859375 0.021337126600284494
0 0.220703125 0.5412517780938834 0.0048828125 0.01991465149359886
0 0.3154296875 0.5519203413940256 0.0068359375 0.029871977240398292
0 0.25 0.5405405405405406 0.0068359375 0.01849217638691323
0 0.3994140625 0.5675675675675675 0.0048828125 0.01849217638691323
0 0.43603515625 0.5839260312944523 0.0078125 0.04267425320056899
0 0.50732421875 0.47155049786628733 0.0078125 0.08534850640113797
0 0.52392578125 0.4992887624466572 0.005859375 0.032716927453769556
0 0.6669921875 0.49786628733997157 0.0068359375 0.09246088193456614
0 0.6103515625 0.5803698435277382 0.0048828125 0.04694167852062589
0 0.69189453125 0.5689900426742532 0.0078125 0.03840682788051209
0 0.7236328125 0.5085348506401138 0.0107421875 0.08534850640113797
0 0.75048828125 0.5568990042674253 0.005859375 0.14793741109530584
