0 0.0712890625 0.5476529160739687 0.0126953125 0.10099573257467995
0 0.08984375 0.4722617354196302 0.0068359375 0.18349928876244664
0 0.14892578125 0.5817923186344239 0.0078125 0.1806543385490754
0 0.20068359375 0.49857752489331436 0.015625 0.12233285917496443
0 0.2548828125 0.5931721194879089 0.0048828125 0.03556187766714083
0 0.263671875 0.5142247510668563 0.0029296875 0.011379800853485065
0 0.3037109375 0.5881934566145093 0.0048828125 0.051209103840682786
0 0.3251953125 0.5796586059743954 0.0068359375 0.07965860597439545
0 0.2890625 0.4694167852062589 0.0068359375 0.06116642958748222
0 0.3369140625 0.4779516358463727 0.0048828125 0.044096728307254626
0 0.39306640625 0.4217638691322902 0.005859375 0.08534850640113797
0 0.41552734375 0.5177809388335705 0.005859375 0.05547652916073969
0 0.4287109375 0.5078236130867709 0.0068359375 0.06970128022759602
0 0.4541015625 0.6059743954480796 0.0302734375 0.04694167852062589
0 0.48046875 0.5227596017069701 0.0048828125 0.01991465149359886
0 0.611328125 0.5398293029871978 0.0068359375 0.06827880512091039
0 0.62451171875 0.5263157894736842 0.005859375 0.049786628733997154
0 0.611328125 0.45021337126600286 0.0048828125 0.08250355618776671
0 0.69384765625 0.5305832147937412 0.005859375 0.044096728307254626
0 0.796875 0.4907539118065434 0.0048828125 0.044096728307254626
0 0.85009765625 0.5320056899004267 0.005859375 0.02702702702702703
0 0.89697265625 0.6130867709815079 0.0078125 0.05547652916073969
0 0.27962527654867264 0.539653067133272 0.009506360619469023 0.0881179269628268
0 0.150390625 0.47368421052631576 0.0302734375 0.049786628733997154
