0 0.10498046875 0.5455192034139402 0.005859375 0.017069701280227598
0 0.10595703125 0.4864864864864865 0.005859375 0.02702702702702703
0 0.1728515625 0.48862019914651494 0.0068359375 0.02844950213371266
0 0.1572265625 0.4992887624466572 0.0048828125 0.02418207681365576
0 0.1884765625 0.46372688477951635 0.0048828125 0.00995732574679943
0 0.3466796875 0.4779516358463727 0.0048828125 0.02418207681365576
0 0.31982421875 0.5761024182076814 0.00390625 0.02702702702702703
0 0.51220703125 0.5746799431009957 0.005859375 0.03840682788051209
0 0.5634765625 0.5056899004267426 0.0048828125 0.01991465149359886
0 0.6884765625 0.5405405405405406 0.0048828125 0.015647226173541962
0 0.79248046875 0.55049786628734 0.00390625 0.015647226173541962
0 0.8818359375 0.5035561877667141 0.0048828125 0.00995732574679943
