0 0.07575757575757576 0.5509933774834437 0.007820136852394917 0.038410596026490065
0 0.10312805474095797 0.5437086092715232 0.007820136852394917 0.039735099337748346
0 0.0967741935483871 0.48079470198675495 0.004887585532746823 0.038410596026490065
0 0.1217008797653959 0.5384105960264901 0.005865102639296188 0.026490066225165563
0 0.14516129032258066 0.5139072847682119 0.007820136852394917 0.03576158940397351
0 0.2883675464320626 0.5682119205298013 0.004887585532746823 0.04105960264900662
0 0.3592375366568915 0.452317880794702 0.005865102639296188 0.08741721854304636
0 0.3758553274682307 0.5059602649006623 0.007820136852394917 0.10198675496688742
0 0.4941348973607038 0.5046357615894039 0.007820136852394917 0.08874172185430464
0 0.5640273704789834 0.4324503311258278 0.006842619745845552 0.12980132450331125
0 0.7658846529814272 0.47880794701986756 0.009775171065493646 0.07682119205298013
0 0.7683284457478006 0.5496688741721855 0.008797653958944282 0.04105960264900662
0 0.7776148582600195 0.4947019867549669 0.007820136852394917 0.045033112582781455
0 0.8494623655913979 0.49205298013245036 0.008797653958944282 0.052980132450331126
0 0.8993157380254154 0.5509933774834437 0.008797653958944282 0.04105960264900662
0 0.30791788856304986 0.4688741721854305 0.008797653958944282 0.038410596026490065
0 0.33822091886608013 0.46357615894039733 0.04007820136852395 0.09933774834437085
