0 0.07958984375 0.4900426742532006 0.0078125 0.1678520625889047
0 0.076171875 0.5078236130867709 0.0107421875 0.07539118065433854
0 0.263671875 0.5561877667140825 0.0068359375 0.05547652916073969
0 0.32470703125 0.5369843527738265 0.005859375 0.04551920341394026
0 0.3369140625 0.49644381223328593 0.0087890625 0.112375533428165
0 0.39599609375 0.4914651493598862 0.009765625 0.1934566145092461
0 0.41796875 0.5590327169274538 0.0068359375 0.06116642958748222
0 0.48779296875 0.5412517780938834 0.005859375 0.05405405405405406
0 0.53173828125 0.45092460881934565 0.005859375 0.06401137980085349
0 0.66845703125 0.46870554765291605 0.005859375 0.03982930298719772
0 0.7119140625 0.4466571834992888 0.0048828125 0.05547652916073969
0 0.73486328125 0.5184921763869133 0.005859375 0.05405405405405406
0 0.7646484375 0.581081081081081 0.0068359375 0.07112375533428165
0 0.80712890625 0.5782361308677099 0.005859375 0.07965860597439545
0 0.87158203125 0.5768136557610242 0.005859375 0.06543385490753911
