0 0.3828125 0.5675675675675675 0.0068359375 0.08677098150782361
0 0.2724609375 0.5128022759601707 0.0087890625 0.051209103840682786
0 0.15869140625 0.4829302987197724 0.00390625 0.034139402560455195
0 0.32275390625 0.5042674253200569 0.00390625 0.02844950213371266
0 0.33544921875 0.465149359886202 0.005859375 0.06401137980085349
0 0.24267578125 0.4594594594594595 0.00390625 0.02418207681365576
0 0.47265625 0.5611664295874822 0.0068359375 0.06258890469416785
0 0.533203125 0.581081081081081 0.0048828125 0.08819345661450925
0 0.5 0.4822190611664296 0.0068359375 0.07254623044096728
0 0.55224609375 0.5149359886201992 0.0078125 0.06116642958748222
0 0.712890625 0.5049786628733998 0.0126953125 0.155049786628734
0 0.76025390625 0.5476529160739687 0.00390625 0.029871977240398292
0 0.84033203125 0.5462304409672831 0.005859375 0.03556187766714083
0 0.767578125 0.5049786628733998 0.0048828125 0.02418207681365576
