0 0.2646484375 0.5 0.0068359375 0.19630156472261737
0 0.2060546875 0.5469416785206259 0.0048828125 0.031294452347083924
0 0.37158203125 0.6066856330014224 0.005859375 0.45803698435277385
0 0.478515625 0.47581792318634425 0.0048828125 0.03982930298719772
0 0.54833984375 0.5142247510668563 0.005859375 0.02844950213371266
0 0.60009765625 0.5881934566145093 0.005859375 0.08534850640113797
0 0.73095703125 0.5405405405405406 0.005859375 0.02418207681365576
0 0.767578125 0.5362731152204836 0.0048828125 0.02418207681365576
0 0.78759765625 0.5924608819345661 0.005859375 0.05405405405405406
0 0.830078125 0.5490753911806543 0.0048828125 0.032716927453769556
0 0.89208984375 0.4615931721194879 0.005859375 0.059743954480796585
0 0.8720703125 0.5490753911806543 0.0439453125 0.12091038406827881
