0 0.25732421875 0.46799431009957326 0.005859375 0.07539118065433854
0 0.2099609375 0.534850640113798 0.0048828125 0.02418207681365576
0 0.3203125 0.5298719772403983 0.0146484375 0.09957325746799431
0 0.48486328125 0.492176386913229 0.005859375 0.05263157894736842
0 0.47265625 0.5512091038406828 0.0068359375 0.04551920341394026
0 0.43408203125 0.5725462304409673 0.005859375 0.04551920341394026
0 0.49365234375 0.5732574679943101 0.005859375 0.05547652916073969
0 0.51806640625 0.5839260312944523 0.005859375 0.04836415362731152
0 0.50732421875 0.49288762446657186 0.005859375 0.07965860597439545
0 0.53466796875 0.5945945945945946 0.005859375 0.1379800853485064
0 0.548828125 0.49359886201991465 0.0068359375 0.03840682788051209
0 0.58544921875 0.5355618776671408 0.005859375 0.04267425320056899
0 0.64501953125 0.5519203413940256 0.005859375 0.0953058321479374
0 0.79638671875 0.5725462304409673 0.005859375 0.04551920341394026
0 0.88623046875 0.6308677098150782 0.005859375 0.059743954480796585
0 0.8583984375 0.5021337126600285 0.0068359375 0.04694167852062589
0 0.6953125 0.5106685633001422 0.0048828125 0.03840682788051209
0 0.89794921875 0.5170697012802276 0.021484375 0.031294452347083924
