0 0.08251953125 0.5384068278805121 0.005859375 0.1166429587482219
0 0.1142578125 0.5881934566145093 0.0068359375 0.10241820768136557
0 0.21484375 0.5761024182076814 0.0068359375 0.10099573257467995
0 0.2900390625 0.5867709815078236 0.0087890625 0.13086770981507823
0 0.42529296875 0.5497866287339972 0.0078125 0.04836415362731152
0 0.42236328125 0.47155049786628733 0.005859375 0.09672830725462304
0 0.4609375 0.5746799431009957 0.0068359375 0.16642958748221906
0 0.6328125 0.4914651493598862 0.0068359375 0.08250355618776671
0 0.830078125 0.5526315789473685 0.0068359375 0.3129445234708393
0 0.80029296875 0.5462304409672831 0.005859375 0.1721194879089616
0 0.55029296875 0.531294452347084 0.005859375 0.06827880512091039
0 0.72265625 0.5490753911806543 0.0146484375 0.05547652916073969
0 0.642578125 0.5 0.005859375 0.06401137980085349
0 0.810546875 0.4850640113798009 0.0048828125 0.06116642958748222
0 0.3525390625 0.612375533428165 0.0048828125 0.06258890469416785
