0 0.16064453125 0.5462304409672831 0.005859375 0.04694167852062589
0 0.1904296875 0.4957325746799431 0.0048828125 0.03982930298719772
0 0.2294921875 0.5007112375533428 0.0068359375 0.03556187766714083
0 0.23876953125 0.561877667140825 0.00390625 0.03556187766714083
0 0.25341796875 0.5448079658605974 0.005859375 0.044096728307254626
0 0.4501953125 0.6372688477951636 0.0087890625 0.5362731152204836
0 0.708984375 0.604551920341394 0.0048828125 0.10384068278805121
0 0.72216796875 0.5398293029871978 0.005859375 0.07396870554765292
0 0.779296875 0.6002844950213371 0.0068359375 0.14935988620199148
0 0.82373046875 0.5483641536273115 0.005859375 0.03698435277382646
0 0.873046875 0.49857752489331436 0.0048828125 0.034139402560455195
0 0.8828125 0.46586059743954483 0.0146484375 0.10241820768136557
0 0.42822265625 0.5604551920341394 0.005859375 0.01849217638691323
