0 0.10498046875 0.5327169274537695 0.0078125 0.12233285917496443
0 0.20361328125 0.5071123755334281 0.009765625 0.04836415362731152
0 0.1708984375 0.5419630156472262 0.0048828125 0.02418207681365576
0 0.2421875 0.5917496443812233 0.0068359375 0.10384068278805121
0 0.23779296875 0.4907539118065434 0.005859375 0.02418207681365576
0 0.30029296875 0.5533428165007113 0.00390625 0.05263157894736842
0 0.34228515625 0.5462304409672831 0.005859375 0.02702702702702703
0 0.35546875 0.596728307254623 0.0068359375 0.08819345661450925
0 0.41455078125 0.45305832147937414 0.005859375 0.059743954480796585
0 0.44873046875 0.5128022759601707 0.005859375 0.01422475106685633
0 0.638671875 0.465149359886202 0.0048828125 0.10668563300142248
0 0.6669921875 0.566145092460882 0.0068359375 0.08392603129445235
0 0.767578125 0.4950213371266003 0.0048828125 0.041251778093883355
0 0.81201171875 0.4694167852062589 0.005859375 0.04694167852062589
0 0.85693359375 0.492176386913229 0.005859375 0.041251778093883355
0 0.8974609375 0.5917496443812233 0.0068359375 0.0953058321479374
