0 0.0908203125 0.580794701986755 0.0068359375 0.02913907284768212
0 0.1025390625 0.4741721854304636 0.0068359375 0.051655629139072845
0 0.17431640625 0.5437086092715232 0.009765625 0.14304635761589404
0 0.2587890625 0.5410596026490067 0.0048828125 0.010596026490066225
0 0.19873046875 0.5039735099337749 0.009765625 0.05562913907284768
0 0.35205078125 0.6483443708609271 0.0078125 0.29668874172185433
0 0.40576171875 0.5006622516556292 0.005859375 0.025165562913907286
0 0.603515625 0.5086092715231788 0.0068359375 0.051655629139072845
0 0.74169921875 0.5099337748344371 0.005859375 0.04370860927152318
0 0.23725818452380953 0.5403658152002523 0.007440476190476164 0.1274046042257963
0 0.6702008928571429 0.5384736676127404 0.006510416666666741 0.11352885525070956
