0 0.38720703125 0.5405405405405406 0.005859375 0.05547652916073969
0 0.43115234375 0.5320056899004267 0.005859375 0.02702702702702703
0 0.45703125 0.5376955903271693 0.0068359375 0.05263157894736842
0 0.5146484375 0.4423897581792319 0.0048828125 0.06685633001422475
0 0.54833984375 0.534850640113798 0.005859375 0.10099573257467995
0 0.619140625 0.5789473684210527 0.0068359375 0.11522048364153627
0 0.46240234375 0.4751066856330014 0.00390625 0.03840682788051209
0 0.3701171875 0.3762446657183499 0.0087890625 0.2503556187766714
0 0.859375 0.6102418207681366 0.0107421875 0.23186344238975817
0 0.67822265625 0.5533428165007113 0.078125 0.0953058321479374
