0 0.1241446725317693 0.5933774834437087 0.006842619745845552 0.13642384105960265
0 0.18377321603128055 0.5437086092715232 0.006842619745845552 0.039735099337748346
0 0.25317693059628543 0.4814569536423841 0.006842619745845552 0.07417218543046358
0 0.36314760508308896 0.4543046357615894 0.007820136852394917 0.08874172185430464
0 0.39345063538611924 0.5019867549668874 0.007820136852394917 0.02781456953642384
0 0.4750733137829912 0.5635761589403974 0.006842619745845552 0.0423841059602649
0 0.5664711632453568 0.6920529801324503 0.007820136852394917 0.28344370860927154
0 0.603128054740958 0.5350993377483444 0.010752688172043012 0.022516556291390728
0 0.6725317693059628 0.45761589403973507 0.006842619745845552 0.06887417218543046
0 0.6608015640273704 0.5390728476821192 0.008797653958944282 0.033112582781456956
0 0.7575757575757576 0.48410596026490066 0.006842619745845552 0.05827814569536424
0 0.7849462365591398 0.6013245033112583 0.020527859237536656 0.06754966887417219
0 0.820136852394917 0.5403973509933775 0.006842619745845552 0.01456953642384106
0 0.6275427081878696 0.6084831283506781 0.01024065540194573 0.3216650898770104
0 0.5512032770097287 0.5189214758751183 0.012102592747754064 0.1223588773257647
