0 0.36412512218963833 0.5655629139072847 0.007820136852394917 0.0781456953642384
0 0.3870967741935484 0.5649006622516556 0.006842619745845552 0.07947019867549669
0 0.458455522971652 0.523841059602649 0.006842619745845552 0.06887417218543046
0 0.47653958944281527 0.5317880794701987 0.007820136852394917 0.11655629139072848
0 0.5488758553274682 0.5609271523178808 0.005865102639296188 0.07682119205298013
0 0.5630498533724341 0.5417218543046357 0.006842619745845552 0.030463576158940398
0 0.5821114369501467 0.48741721854304637 0.007820136852394917 0.059602649006622516
0 0.6285434995112414 0.4688741721854305 0.006842619745845552 0.09403973509933775
0 0.8020527859237536 0.5516556291390728 0.007820136852394917 0.0423841059602649
0 0.8387096774193549 0.5099337748344371 0.006842619745845552 0.01456953642384106
0 0.8958944281524927 0.5337748344370861 0.005865102639296188 0.019867549668874173
0 0.6852394916911045 0.5496688741721855 0.093841642228739 0.1562913907284768
