0 0.1728515625 0.604635761589404 0.0146484375 0.24900662251655628
0 0.228515625 0.5993377483443708 0.0068359375 0.07417218543046358
0 0.34375 0.5602649006622517 0.0068359375 0.06490066225165562
0 0.35205078125 0.5556291390728477 0.005859375 0.06357615894039735
0 0.1123046875 0.5463576158940397 0.0068359375 0.03708609271523179
0 0.12744140625 0.5019867549668874 0.005859375 0.030463576158940398
0 0.32373046875 0.46688741721854304 0.005859375 0.02913907284768212
0 0.39599609375 0.4741721854304636 0.005859375 0.054304635761589407
0 0.35986328125 0.5039735099337749 0.005859375 0.026490066225165563
0 0.435546875 0.5377483443708609 0.0068359375 0.02781456953642384
0 0.4638671875 0.5370860927152318 0.0068359375 0.02913907284768212
0 0.49658203125 0.5377483443708609 0.005859375 0.022516556291390728
0 0.517578125 0.4947019867549669 0.0068359375 0.03443708609271523
0 0.5751953125 0.4642384105960265 0.0068359375 0.04768211920529802
0 0.5693359375 0.49337748344370863 0.0048828125 0.045033112582781455
0 0.67431640625 0.4596026490066225 0.03515625 0.11258278145695365
0 0.66796875 0.5556291390728477 0.0068359375 0.06357615894039735
0 0.650390625 0.5536423841059602 0.0048828125 0.04900662251655629
