0 0.17626953125 0.4735099337748344 0.005859375 0.039735099337748346
0 0.29345703125 0.5516556291390728 0.005859375 0.04768211920529802
0 0.1689453125 0.543046357615894 0.0048828125 0.02781456953642384
0 0.24169921875 0.4503311258278146 0.00390625 0.02781456953642384
0 0.31884765625 0.5629139072847682 0.005859375 0.04105960264900662
0 0.40234375 0.5291390728476821 0.0107421875 0.10596026490066225
0 0.47900390625 0.4913907284768212 0.009765625 0.019867549668874173
0 0.5859375 0.5298013245033113 0.0068359375 0.011920529801324504
0 0.712890625 0.5013245033112583 0.0087890625 0.08211920529801324
0 0.74072265625 0.5456953642384106 0.005859375 0.022516556291390728
0 0.7509765625 0.49403973509933774 0.0087890625 0.017218543046357615
0 0.79736328125 0.528476821192053 0.005859375 0.011920529801324504
0 0.88330078125 0.5344370860927152 0.0078125 0.02119205298013245
