0 0.0673828125 0.5443708609271524 0.0107421875 0.10463576158940398
0 0.0869140625 0.5105960264900662 0.0107421875 0.10066225165562914
0 0.17578125 0.6920529801324503 0.0087890625 0.423841059602649
0 0.1962890625 0.523841059602649 0.0126953125 0.18543046357615894
0 0.2783203125 0.5178807947019868 0.0087890625 0.12317880794701987
0 0.32373046875 0.5913907284768212 0.005859375 0.060927152317880796
0 0.2958984375 0.5072847682119205 0.0068359375 0.017218543046357615
0 0.41455078125 0.4602649006622517 0.0078125 0.07682119205298013
0 0.42578125 0.6013245033112583 0.0068359375 0.08344370860927153
0 0.45751953125 0.46688741721854304 0.005859375 0.03443708609271523
0 0.53857421875 0.6920529801324503 0.0078125 0.4291390728476821
0 0.51416015625 0.543046357615894 0.005859375 0.03576158940397351
0 0.62255859375 0.5006622516556292 0.005859375 0.03576158940397351
0 0.71630859375 0.4847682119205298 0.005859375 0.04900662251655629
0 0.81005859375 0.5629139072847682 0.0078125 0.05695364238410596
0 0.85107421875 0.5403973509933775 0.005859375 0.019867549668874173
0 0.87890625 0.5516556291390728 0.0068359375 0.02384105960264901
0 0.8720703125 0.5635761589403974 0.0068359375 0.07682119205298013
0 0.1494140625 0.47218543046357614 0.0322265625 0.045033112582781455
