0 0.091796875 0.5028449502133713 0.0068359375 0.08534850640113797
0 0.13525390625 0.5305832147937412 0.005859375 0.041251778093883355
0 0.22705078125 0.5917496443812233 0.0078125 0.11522048364153627
0 0.30712890625 0.5014224751066856 0.009765625 0.11095305832147938
0 0.34423828125 0.527027027027027 0.005859375 0.05405405405405406
0 0.42822265625 0.5519203413940256 0.005859375 0.03840682788051209
0 0.5029296875 0.5469416785206259 0.0068359375 0.051209103840682786
0 0.52490234375 0.4722617354196302 0.005859375 0.07539118065433854
0 0.525390625 0.5490753911806543 0.0048828125 0.05263157894736842
0 0.6142578125 0.6465149359886202 0.0087890625 0.4665718349928876
0 0.63623046875 0.5256045519203414 0.005859375 0.11095305832147938
0 0.708984375 0.6209103840682788 0.0068359375 0.19630156472261737
0 0.724609375 0.45519203413940257 0.0068359375 0.20056899004267426
0 0.74267578125 0.5405405405405406 0.005859375 0.08108108108108109
0 0.74951171875 0.4466571834992888 0.005859375 0.10384068278805121
0 0.77978515625 0.5995732574679943 0.009765625 0.3328591749644381
0 0.802734375 0.5476529160739687 0.0048828125 0.044096728307254626
0 0.8720703125 0.6294452347083926 0.0087890625 0.2759601706970128
