0 0.10459433040078202 0.5701986754966888 0.006842619745845552 0.04768211920529802
0 0.11290322580645161 0.5496688741721855 0.005865102639296188 0.017218543046357615
0 0.09579667644183773 0.47152317880794703 0.006842619745845552 0.059602649006622516
0 0.15689149560117302 0.48874172185430464 0.007820136852394917 0.16556291390728478
0 0.1652003910068426 0.5761589403973509 0.004887585532746823 0.06490066225165562
0 0.18328445747800587 0.5556291390728477 0.007820136852394917 0.06622516556291391
0 0.19550342130987292 0.5350993377483444 0.006842619745845552 0.022516556291390728
0 0.2179863147605083 0.5596026490066225 0.006842619745845552 0.07417218543046358
0 0.22287390029325513 0.495364238410596 0.006842619745845552 0.04370860927152318
0 0.2673509286412512 0.5529801324503312 0.005865102639296188 0.03708609271523179
0 0.29765395894428154 0.6913907284768211 0.007820136852394917 0.3350993377483444
0 0.4032258064516129 0.5655629139072847 0.007820136852394917 0.04900662251655629
0 0.43304007820136853 0.5158940397350993 0.008797653958944282 0.09801324503311258
0 0.48191593352883677 0.5490066225165563 0.008797653958944282 0.17218543046357615
0 0.4780058651026393 0.4503311258278146 0.010752688172043012 0.10728476821192053
0 0.4975562072336266 0.5205298013245033 0.008797653958944282 0.030463576158940398
0 0.5205278592375366 0.5397350993377483 0.005865102639296188 0.015894039735099338
0 0.5356793743890518 0.49337748344370863 0.006842619745845552 0.05033112582781457
0 0.5742913000977518 0.4682119205298013 0.007820136852394917 0.03443708609271523
0 0.5953079178885631 0.5536423841059602 0.008797653958944282 0.019867549668874173
0 0.655425219941349 0.5701986754966888 0.005865102639296188 0.05033112582781457
0 0.7512218963831867 0.4814569536423841 0.007820136852394917 0.07152317880794702
0 0.7717497556207233 0.5821192052980132 0.007820136852394917 0.07682119205298013
0 0.8040078201368523 0.6225165562913907 0.005865102639296188 0.030463576158940398
0 0.7971652003910068 0.5483443708609271 0.005865102639296188 0.038410596026490065
0 0.23886328725038405 0.5245979186376537 0.013033561420658176 0.055502995900346845
0 0.2882046269143044 0.5233364869126459 0.007447749383233339 0.23967202775149796
