0 0.10215053763440861 0.5529801324503312 0.005865102639296188 0.045033112582781455
0 0.12023460410557185 0.43443708609271525 0.006842619745845552 0.12847682119205298
0 0.23558162267839688 0.48543046357615893 0.006842619745845552 0.05827814569536424
0 0.2781036168132942 0.49801324503311256 0.005865102639296188 0.03576158940397351
0 0.30009775171065495 0.5701986754966888 0.006842619745845552 0.07947019867549669
0 0.3787878787878788 0.5377483443708609 0.009775171065493646 0.343046357615894
0 0.41300097751710657 0.4649006622516556 0.007820136852394917 0.038410596026490065
0 0.5327468230694037 0.5814569536423841 0.006842619745845552 0.0913907284768212
0 0.5772238514173998 0.5046357615894039 0.005865102639296188 0.022516556291390728
0 0.6564027370478983 0.5596026490066225 0.005865102639296188 0.05033112582781457
0 0.6945259042033236 0.49735099337748345 0.005865102639296188 0.031788079470198675
0 0.603128054740958 0.5377483443708609 0.006842619745845552 0.025165562913907286
0 0.8558162267839687 0.5516556291390728 0.007820136852394917 0.052980132450331126
0 0.8098729227761485 0.5649006622516556 0.005865102639296188 0.05562913907284768
0 0.8440860215053764 0.5801324503311258 0.005865102639296188 0.038410596026490065
0 0.4222873900293255 0.547682119205298 0.008797653958944282 0.026490066225165563
