0 0.07861328125 0.5225165562913907 0.0078125 0.05033112582781457
0 0.0859375 0.5556291390728477 0.0068359375 0.07417218543046358
0 0.07861328125 0.6225165562913907 0.005859375 0.025165562913907286
0 0.1669921875 0.6437086092715232 0.0068359375 0.08344370860927153
0 0.2685546875 0.6211920529801325 0.0087890625 0.13112582781456952
0 0.33740234375 0.547682119205298 0.01171875 0.09271523178807947
0 0.34130859375 0.6390728476821192 0.0078125 0.07152317880794702
0 0.34326171875 0.571523178807947 0.009765625 0.045033112582781455
0 0.40478515625 0.5662251655629139 0.005859375 0.060927152317880796
0 0.4736328125 0.5423841059602649 0.0068359375 0.060927152317880796
0 0.52880859375 0.6450331125827815 0.0078125 0.14437086092715232
0 0.74658203125 0.604635761589404 0.005859375 0.08741721854304636
0 0.76220703125 0.671523178807947 0.0078125 0.06225165562913907
0 0.82568359375 0.6225165562913907 0.005859375 0.030463576158940398
0 0.89453125 0.6291390728476821 0.0068359375 0.046357615894039736
