0 0.1689453125 0.5516556291390728 0.0068359375 0.045033112582781455
0 0.17626953125 0.4741721854304636 0.005859375 0.04105960264900662
0 0.24169921875 0.4556291390728477 0.00390625 0.025165562913907286
0 0.29345703125 0.5635761589403974 0.005859375 0.07682119205298013
0 0.31884765625 0.5662251655629139 0.005859375 0.045033112582781455
0 0.40185546875 0.5198675496688742 0.009765625 0.08741721854304636
0 0.5859375 0.5298013245033113 0.0068359375 0.011920529801324504
0 0.478515625 0.49735099337748345 0.0087890625 0.02384105960264901
0 0.71337890625 0.509271523178808 0.005859375 0.07682119205298013
0 0.75146484375 0.49403973509933774 0.009765625 0.017218543046357615
0 0.79736328125 0.5278145695364238 0.005859375 0.010596026490066225
0 0.8837890625 0.5271523178807948 0.0087890625 0.009271523178807948
