0 0.16748046875 0.5362731152204836 0.015625 0.16073968705547653
0 0.1962890625 0.4615931721194879 0.0068359375 0.07965860597439545
0 0.20556640625 0.5725462304409673 0.005859375 0.06258890469416785
0 0.3623046875 0.5113798008534851 0.0068359375 0.06827880512091039
0 0.3984375 0.5248933143669986 0.0068359375 0.06685633001422475
0 0.65673828125 0.5113798008534851 0.005859375 0.034139402560455195
0 0.4501953125 0.6244665718349929 0.0048828125 0.09815078236130868
0 0.75 0.5355618776671408 0.0068359375 0.07396870554765292
0 0.7880859375 0.4743954480796586 0.0068359375 0.07681365576102418
0 0.82861328125 0.4971550497866287 0.0078125 0.11379800853485064
0 0.8583984375 0.5078236130867709 0.0068359375 0.07254623044096728
0 0.68798828125 0.5576102418207681 0.005859375 0.05832147937411095
0 0.68798828125 0.48862019914651494 0.005859375 0.04836415362731152
0 0.5908203125 0.5668563300142248 0.0048828125 0.051209103840682786
0 0.63037109375 0.5099573257467994 0.02734375 0.06543385490753911
