0 0.4501953125 0.6209103840682788 0.0068359375 0.3584637268847795
0 0.50341796875 0.48079658605974396 0.005859375 0.05832147937411095
0 0.779296875 0.6429587482219061 0.0087890625 0.35988620199146515
0 0.82275390625 0.5483641536273115 0.005859375 0.04551920341394026
0 0.70849609375 0.5889046941678521 0.005859375 0.07823613086770982
0 0.1572265625 0.49644381223328593 0.0048828125 0.041251778093883355
0 0.2529296875 0.5014224751066856 0.0048828125 0.03698435277382646
0 0.42822265625 0.561877667140825 0.005859375 0.02418207681365576
0 0.734375 0.5341394025604552 0.0244140625 0.01991465149359886
0 0.78955078125 0.5633001422475107 0.005859375 0.02418207681365576
