0 0.08154296875 0.5519203413940256 0.005859375 0.032716927453769556
0 0.15283203125 0.5540540540540541 0.005859375 0.059743954480796585
0 0.2646484375 0.4829302987197724 0.0048828125 0.06543385490753911
0 0.28515625 0.5568990042674253 0.0048828125 0.034139402560455195
0 0.4384765625 0.5604551920341394 0.0087890625 0.06116642958748222
0 0.39892578125 0.5647226173541963 0.005859375 0.08108108108108109
0 0.5869140625 0.5689900426742532 0.0048828125 0.041251778093883355
0 0.59619140625 0.5604551920341394 0.00390625 0.032716927453769556
0 0.61083984375 0.5718349928876245 0.00390625 0.032716927453769556
0 0.62060546875 0.534850640113798 0.005859375 0.041251778093883355
0 0.6474609375 0.5469416785206259 0.0048828125 0.04267425320056899
0 0.66943359375 0.48150782361308675 0.0078125 0.07396870554765292
0 0.80224609375 0.5398293029871978 0.0078125 0.03698435277382646
0 0.302734375 0.5554765291607396 0.0107421875 0.08250355618776671
