0 0.10498046875 0.49857752489331436 0.005859375 0.07112375533428165
0 0.298828125 0.5732574679943101 0.0087890625 0.19772403982930298
0 0.48486328125 0.5227596017069701 0.005859375 0.04551920341394026
0 0.57861328125 0.5960170697012802 0.0078125 0.05832147937411095
0 0.58642578125 0.5448079658605974 0.005859375 0.012802275960170697
0 0.65625 0.5654338549075392 0.0048828125 0.034139402560455195
0 0.76416015625 0.5369843527738265 0.00390625 0.025604551920341393
0 0.79345703125 0.566145092460882 0.005859375 0.015647226173541962
0 0.7939453125 0.4971550497866287 0.0048828125 0.034139402560455195
0 0.83447265625 0.4800853485064011 0.005859375 0.07965860597439545
0 0.875 0.49359886201991465 0.0068359375 0.05832147937411095
