0 0.34765625 0.55049786628734 0.0068359375 0.08677098150782361
0 0.1953125 0.4914651493598862 0.0048828125 0.04551920341394026
0 0.23193359375 0.5014224751066856 0.005859375 0.03982930298719772
0 0.11962890625 0.48150782361308675 0.00390625 0.03982930298719772
0 0.15380859375 0.4850640113798009 0.00390625 0.041251778093883355
0 0.1845703125 0.48933143669985774 0.0048828125 0.029871977240398292
0 0.208984375 0.5042674253200569 0.0048828125 0.02844950213371266
0 0.2822265625 0.5682788051209103 0.0068359375 0.03982930298719772
0 0.44873046875 0.5768136557610242 0.005859375 0.11095305832147938
0 0.57568359375 0.55049786628734 0.005859375 0.06970128022759602
0 0.6103515625 0.4822190611664296 0.0068359375 0.06970128022759602
0 0.62841796875 0.5163584637268848 0.005859375 0.07539118065433854
0 0.7470703125 0.5163584637268848 0.0068359375 0.13229018492176386
0 0.7978515625 0.5177809388335705 0.0048828125 0.05547652916073969
0 0.84033203125 0.5732574679943101 0.005859375 0.10099573257467995
0 0.69873046875 0.47652916073968704 0.00390625 0.08677098150782361
0 0.58740234375 0.5 0.005859375 0.1507823613086771
0 0.60986328125 0.5071123755334281 0.005859375 0.11948790896159317
0 0.72216796875 0.6102418207681366 0.0224609375 0.16500711237553342
0 0.716796875 0.4879089615931721 0.0107421875 0.05547652916073969
0 0.41357421875 0.5590327169274538 0.0048828125 0.025604551920341393
0 0.7744140625 0.5462304409672831 0.00390625 0.01991465149359886
0 0.8681640625 0.5362731152204836 0.001953125 0.011379800853485065
0 0.8681640625 0.5889046941678521 0.00390625 0.05405405405405406
