0 0.1513671875 0.509271523178808 0.0068359375 0.07417218543046358
0 0.1943359375 0.6245033112582782 0.0087890625 0.07947019867549669
0 0.2724609375 0.5105960264900662 0.0068359375 0.10596026490066225
0 0.2099609375 0.590066225165563 0.0068359375 0.03708609271523179
0 0.35205078125 0.6185430463576159 0.005859375 0.05695364238410596
0 0.634765625 0.5218543046357615 0.0068359375 0.08079470198675497
0 0.80908203125 0.6556291390728477 0.009765625 0.44370860927152317
0 0.7568359375 0.6139072847682119 0.0068359375 0.08211920529801324
0 0.830078125 0.5847682119205299 0.0068359375 0.06887417218543046
0 0.39794921875 0.6026490066225165 0.0078125 0.025165562913907286
0 0.11774553571428573 0.5567644276253548 0.008370535714285698 0.06181015452538634
0 0.32470703125 0.5052980132450331 0.03125 0.05562913907284768
