0 0.36363636363636365 0.5748344370860927 0.008797653958944282 0.0913907284768212
0 0.3870967741935484 0.5682119205298013 0.006842619745845552 0.08874172185430464
0 0.4579667644183773 0.523841059602649 0.007820136852394917 0.09271523178807947
0 0.47653958944281527 0.5304635761589404 0.007820136852394917 0.11390728476821192
0 0.5488758553274682 0.5682119205298013 0.005865102639296188 0.0781456953642384
0 0.5630498533724341 0.5403973509933775 0.006842619745845552 0.02781456953642384
0 0.5821114369501467 0.48410596026490066 0.007820136852394917 0.06622516556291391
0 0.6285434995112414 0.4629139072847682 0.006842619745845552 0.10331125827814569
0 0.8020527859237536 0.5543046357615894 0.007820136852394917 0.04768211920529802
0 0.8387096774193549 0.509271523178808 0.006842619745845552 0.018543046357615896
0 0.6867057673509286 0.5536423841059602 0.09775171065493646 0.16026490066225166
