0 0.14306640625 0.6273115220483642 0.0078125 0.1806543385490754
0 0.2001953125 0.6991465149359887 0.0166015625 0.37268847795163584
0 0.26416015625 0.697724039829303 0.009765625 0.34992887624466573
0 0.30126953125 0.5170697012802276 0.005859375 0.01991465149359886
0 0.33544921875 0.6792318634423897 0.01171875 0.45519203413940257
0 0.3564453125 0.5604551920341394 0.0048828125 0.049786628733997154
0 0.27099609375 0.5497866287339972 0.01171875 0.059743954480796585
0 0.21435546875 0.4772403982930299 0.0078125 0.06827880512091039
0 0.55615234375 0.5497866287339972 0.0078125 0.04551920341394026
0 0.58447265625 0.4950213371266003 0.0078125 0.044096728307254626
0 0.76123046875 0.5213371266002845 0.005859375 0.08250355618776671
0 0.70947265625 0.5440967283072546 0.005859375 0.03698435277382646
0 0.70166015625 0.4971550497866287 0.00390625 0.034139402560455195
0 0.7470703125 0.46372688477951635 0.0048828125 0.029871977240398292
0 0.853515625 0.5149359886201992 0.0048828125 0.09246088193456614
0 0.8818359375 0.5135135135135135 0.0068359375 0.041251778093883355
0 0.87109375 0.5120910384068279 0.0048828125 0.06970128022759602
