0 0.1376953125 0.585348506401138 0.0068359375 0.12233285917496443
0 0.1337890625 0.4388335704125178 0.0087890625 0.09103840682788052
0 0.23974609375 0.48577524893314367 0.005859375 0.05689900426742532
0 0.29150390625 0.49359886201991465 0.005859375 0.03556187766714083
0 0.2197265625 0.5903271692745377 0.0048828125 0.10384068278805121
0 0.1689453125 0.5625889046941679 0.0068359375 0.07681365576102418
0 0.43408203125 0.566145092460882 0.005859375 0.08961593172119488
0 0.54833984375 0.5049786628733998 0.009765625 0.20625889046941678
0 0.7177734375 0.6337126600284495 0.0126953125 0.3584637268847795
0 0.81494140625 0.6223328591749644 0.0078125 0.5519203413940256
0 0.703125 0.4907539118065434 0.0087890625 0.16927453769559034
0 0.6845703125 0.4900426742532006 0.0048828125 0.05405405405405406
0 0.529296875 0.5889046941678521 0.0048828125 0.07823613086770982
0 0.78564453125 0.5028449502133713 0.0048828125 0.03556187766714083
0 0.78564453125 0.5440967283072546 0.0068359375 0.041251778093883355
0 0.51513671875 0.4644381223328592 0.0048828125 0.08108108108108109
0 0.25732421875 0.49288762446657186 0.0048828125 0.015647226173541962
0 0.2568359375 0.5597439544807966 0.005859375 0.05263157894736842
0 0.091796875 0.43314366998577525 0.001953125 0.012802275960170697
0 0.0908203125 0.4772403982930299 0.005859375 0.05547652916073969
