0 0.08740234375 0.4957325746799431 0.0078125 0.1251778093883357
0 0.1025390625 0.48577524893314367 0.0048828125 0.059743954480796585
0 0.1787109375 0.5369843527738265 0.0068359375 0.02275960170697013
0 0.2392578125 0.5184921763869133 0.0068359375 0.03698435277382646
0 0.34716796875 0.4907539118065434 0.005859375 0.05832147937411095
0 0.36376953125 0.32930298719772405 0.0078125 0.3840682788051209
0 0.3076171875 0.55049786628734 0.0048828125 0.05263157894736842
0 0.45458984375 0.5519203413940256 0.00390625 0.02418207681365576
0 0.44775390625 0.5490753911806543 0.005859375 0.021337126600284494
0 0.46826171875 0.5120910384068279 0.005859375 0.041251778093883355
0 0.5009765625 0.5554765291607396 0.0087890625 0.031294452347083924
0 0.6865234375 0.5490753911806543 0.0068359375 0.041251778093883355
0 0.7578125 0.4516358463726885 0.0068359375 0.20768136557610242
0 0.783203125 0.5995732574679943 0.0107421875 0.08250355618776671
0 0.82666015625 0.5078236130867709 0.005859375 0.032716927453769556
0 0.84228515625 0.6344238975817923 0.009765625 0.3627311522048364
0 0.900390625 0.5547652916073968 0.0048828125 0.05832147937411095
0 0.69444828539823 0.5931532370749883 0.007777931415929196 0.2983421241455708
