0 0.08064516129032258 0.5569536423841059 0.007820136852394917 0.2728476821192053
0 0.09775171065493646 0.48940397350993375 0.006842619745845552 0.052980132450331126
0 0.22434017595307917 0.4913907284768212 0.005865102639296188 0.04105960264900662
0 0.3563049853372434 0.5423841059602649 0.005865102639296188 0.026490066225165563
0 0.4687194525904203 0.49337748344370863 0.007820136852394917 0.05033112582781457
0 0.4423264907135875 0.5708609271523178 0.007820136852394917 0.09403973509933775
0 0.4687194525904203 0.7 0.007820136852394917 0.3337748344370861
0 0.6925708699902249 0.6019867549668875 0.007820136852394917 0.10331125827814569
0 0.7101661779081134 0.48874172185430464 0.005865102639296188 0.059602649006622516
0 0.5997067448680352 0.5701986754966888 0.007820136852394917 0.07682119205298013
0 0.6270772238514174 0.4847682119205298 0.05474095796676442 0.06754966887417219
