0 0.2451171875 0.4879089615931721 0.0068359375 0.1806543385490754
0 0.15283203125 0.5689900426742532 0.005859375 0.08677098150782361
0 0.3583984375 0.48150782361308675 0.0068359375 0.059743954480796585
0 0.5205078125 0.49644381223328593 0.0068359375 0.049786628733997154
0 0.5810546875 0.49857752489331436 0.0068359375 0.05405405405405406
0 0.86572265625 0.4800853485064011 0.005859375 0.08819345661450925
0 0.82861328125 0.5206258890469416 0.005859375 0.10099573257467995
0 0.72265625 0.5277382645803699 0.0107421875 0.04694167852062589
0 0.43408203125 0.5611664295874822 0.005859375 0.06827880512091039
0 0.35546875 0.5689900426742532 0.0087890625 0.04694167852062589
0 0.51123046875 0.5355618776671408 0.005859375 0.08250355618776671
0 0.52099609375 0.5547652916073968 0.00390625 0.05832147937411095
0 0.22314453125 0.5149359886201992 0.005859375 0.04694167852062589
0 0.64697265625 0.5028449502133713 0.005859375 0.05689900426742532
0 0.70263671875 0.492176386913229 0.005859375 0.029871977240398292
0 0.2890625 0.4950213371266003 0.0068359375 0.032716927453769556
0 0.62890625 0.5376955903271693 0.0185546875 0.06116642958748222
0 0.62109375 0.49288762446657186 0.0068359375 0.034139402560455195
0 0.7861328125 0.5540540540540541 0.0068359375 0.05405405405405406
