0 0.09521484375 0.4366998577524893 0.005859375 0.06401137980085349
0 0.10205078125 0.5227596017069701 0.0078125 0.02844950213371266
0 0.13623046875 0.5476529160739687 0.0078125 0.17496443812233287
0 0.23974609375 0.5056899004267426 0.005859375 0.04267425320056899
0 0.26513671875 0.46088193456614507 0.005859375 0.07823613086770982
0 0.4501953125 0.5974395448079659 0.0068359375 0.22048364153627312
0 0.50537109375 0.5625889046941679 0.005859375 0.025604551920341393
0 0.55322265625 0.46586059743954483 0.005859375 0.04836415362731152
0 0.8056640625 0.49857752489331436 0.0087890625 0.07396870554765292
0 0.82958984375 0.4516358463726885 0.005859375 0.06827880512091039
0 0.837890625 0.44950213371266 0.0048828125 0.04694167852062589
0 0.76611328125 0.5078236130867709 0.0078125 0.05832147937411095
