0 0.14892578125 0.48364153627311524 0.005859375 0.06685633001422475
0 0.080078125 0.5248933143669986 0.0048828125 0.03556187766714083
0 0.16845703125 0.5874822190611664 0.005859375 0.03840682788051209
0 0.1748046875 0.5455192034139402 0.0048828125 0.031294452347083924
0 0.14990234375 0.542674253200569 0.005859375 0.02275960170697013
0 0.2958984375 0.47297297297297297 0.0048828125 0.017069701280227598
0 0.31884765625 0.5547652916073968 0.005859375 0.05832147937411095
0 0.35302734375 0.49431009957325744 0.005859375 0.034139402560455195
0 0.345703125 0.6273115220483642 0.0068359375 0.20625889046941678
0 0.435546875 0.5796586059743954 0.0048828125 0.10810810810810811
0 0.48583984375 0.5277382645803699 0.00390625 0.00995732574679943
0 0.50634765625 0.5647226173541963 0.005859375 0.07539118065433854
0 0.63427734375 0.5419630156472262 0.005859375 0.032716927453769556
0 0.7490234375 0.5568990042674253 0.0068359375 0.01422475106685633
0 0.736328125 0.55049786628734 0.0048828125 0.05263157894736842
0 0.89599609375 0.5355618776671408 0.005859375 0.02275960170697013
0 0.13916015625 0.5462304409672831 0.005859375 0.03556187766714083
