0 0.12023460410557185 0.4370860927152318 0.006842619745845552 0.10993377483443709
0 0.3787878787878788 0.5562913907284768 0.007820136852394917 0.19735099337748344
0 0.23558162267839688 0.47086092715231787 0.004887585532746823 0.02119205298013245
0 0.30009775171065495 0.5761589403973509 0.006842619745845552 0.059602649006622516
0 0.4227761485826002 0.5456953642384106 0.009775171065493646 0.038410596026490065
0 0.41300097751710657 0.46688741721854304 0.005865102639296188 0.03443708609271523
0 0.5327468230694037 0.5708609271523178 0.006842619745845552 0.06754966887417219
0 0.5948191593352884 0.49072847682119203 0.005865102639296188 0.026490066225165563
0 0.6559139784946236 0.552317880794702 0.006842619745845552 0.054304635761589407
0 0.8558162267839687 0.5463576158940397 0.007820136852394917 0.045033112582781455
0 0.8093841642228738 0.5635761589403974 0.006842619745845552 0.0423841059602649
0 0.8435972629521017 0.5761589403973509 0.004887585532746823 0.05695364238410596
