0 0.091796875 0.4743954480796586 0.0087890625 0.2361308677098151
0 0.1787109375 0.5704125177809388 0.0068359375 0.06685633001422475
0 0.18017578125 0.4950213371266003 0.0078125 0.05832147937411095
0 0.26318359375 0.5170697012802276 0.0078125 0.1337126600284495
0 0.29541015625 0.47368421052631576 0.005859375 0.07254623044096728
0 0.32763671875 0.49359886201991465 0.005859375 0.08961593172119488
0 0.361328125 0.4615931721194879 0.0068359375 0.18776671408250356
0 0.3828125 0.5120910384068279 0.0068359375 0.08677098150782361
0 0.501953125 0.5056899004267426 0.0048828125 0.01991465149359886
0 0.5048828125 0.47652916073968704 0.0087890625 0.07539118065433854
0 0.4912109375 0.5825035561877667 0.0048828125 0.04551920341394026
0 0.59130859375 0.5355618776671408 0.0078125 0.1507823613086771
0 0.623046875 0.5419630156472262 0.0048828125 0.044096728307254626
0 0.65283203125 0.4487908961593172 0.005859375 0.07681365576102418
0 0.744140625 0.4800853485064011 0.0048828125 0.02844950213371266
0 0.74951171875 0.5682788051209103 0.005859375 0.04551920341394026
0 0.7783203125 0.4779516358463727 0.0048828125 0.02418207681365576
0 0.8955078125 0.46799431009957326 0.0068359375 0.09246088193456614
