0 0.17236328125 0.5668563300142248 0.005859375 0.07965860597439545
0 0.216796875 0.531294452347084 0.0048828125 0.034139402560455195
0 0.2333984375 0.5725462304409673 0.0048828125 0.04267425320056899
0 0.28173828125 0.5227596017069701 0.0078125 0.12233285917496443
0 0.3515625 0.4644381223328592 0.0068359375 0.10241820768136557
0 0.37890625 0.5056899004267426 0.0087890625 0.18776671408250356
0 0.40966796875 0.5533428165007113 0.005859375 0.05832147937411095
0 0.443359375 0.534850640113798 0.0048828125 0.06401137980085349
0 0.470703125 0.5220483641536273 0.0068359375 0.06401137980085349
0 0.54736328125 0.5398293029871978 0.005859375 0.13086770981507823
0 0.611328125 0.5633001422475107 0.0048828125 0.032716927453769556
0 0.712890625 0.5583214793741109 0.0048828125 0.04551920341394026
0 0.8203125 0.5092460881934566 0.0068359375 0.03556187766714083
0 0.88623046875 0.5846372688477952 0.005859375 0.06401137980085349
0 0.4261096515486726 0.5302118606729692 0.00691371681415931 0.10951799493951334
0 0.89599609375 0.5078236130867709 0.021484375 0.041251778093883355
