0 0.18994140625 0.5042674253200569 0.005859375 0.04267425320056899
0 0.205078125 0.49644381223328593 0.0048828125 0.044096728307254626
0 0.32080078125 0.47581792318634425 0.005859375 0.051209103840682786
0 0.27734375 0.5590327169274538 0.0048828125 0.02702702702702703
0 0.38134765625 0.4822190611664296 0.009765625 0.155049786628734
0 0.49267578125 0.5682788051209103 0.005859375 0.04551920341394026
0 0.4951171875 0.457325746799431 0.0087890625 0.12233285917496443
0 0.72900390625 0.5647226173541963 0.005859375 0.08392603129445235
0 0.83642578125 0.5391180654338549 0.005859375 0.02418207681365576
0 0.814453125 0.5035561877667141 0.0068359375 0.03556187766714083
0 0.3662109375 0.5974395448079659 0.0048828125 0.044096728307254626
0 0.4287109375 0.531294452347084 0.0048828125 0.034139402560455195
