0 0.11328125 0.552317880794702 0.0068359375 0.059602649006622516
0 0.17236328125 0.6086092715231788 0.015625 0.28344370860927154
0 0.22900390625 0.6225165562913907 0.0078125 0.1576158940397351
0 0.126953125 0.5026490066225165 0.0068359375 0.031788079470198675
0 0.34375 0.5609271523178808 0.0068359375 0.060927152317880796
0 0.35107421875 0.543046357615894 0.005859375 0.03576158940397351
0 0.37255859375 0.5675496688741721 0.00390625 0.031788079470198675
0 0.32421875 0.46556291390728477 0.0048828125 0.026490066225165563
0 0.3603515625 0.5052980132450331 0.0048828125 0.02119205298013245
0 0.39599609375 0.48940397350993375 0.00390625 0.018543046357615896
0 0.42138671875 0.4960264900662252 0.005859375 0.0423841059602649
0 0.435546875 0.5377483443708609 0.0068359375 0.025165562913907286
0 0.4638671875 0.5370860927152318 0.0068359375 0.026490066225165563
0 0.51806640625 0.495364238410596 0.005859375 0.025165562913907286
0 0.57177734375 0.4847682119205298 0.009765625 0.06225165562913907
0 0.56787109375 0.5456953642384106 0.0078125 0.04105960264900662
0 0.59912109375 0.5410596026490067 0.005859375 0.03443708609271523
0 0.66650390625 0.5682119205298013 0.009765625 0.0913907284768212
0 0.75634765625 0.5496688741721855 0.00390625 0.038410596026490065
0 0.83740234375 0.4821192052980132 0.00390625 0.03576158940397351
0 0.67431640625 0.45761589403973507 0.03515625 0.11125827814569536
