0 0.205078125 0.5071123755334281 0.0048828125 0.025604551920341393
0 0.30419921875 0.5064011379800853 0.005859375 0.02418207681365576
0 0.4267578125 0.5896159317211949 0.0048828125 0.09103840682788052
0 0.400390625 0.5440967283072546 0.0048828125 0.03698435277382646
0 0.49951171875 0.4772403982930299 0.005859375 0.07396870554765292
0 0.4501953125 0.5739687055476529 0.0048828125 0.01991465149359886
0 0.3115234375 0.5007112375533428 0.0048828125 0.02418207681365576
0 0.4169921875 0.5369843527738265 0.0048828125 0.02275960170697013
0 0.49853515625 0.5554765291607396 0.00390625 0.025604551920341393
0 0.556640625 0.49288762446657186 0.0068359375 0.14793741109530584
0 0.5859375 0.5597439544807966 0.0068359375 0.10810810810810811
0 0.66748046875 0.620199146514936 0.005859375 0.15220483641536273
0 0.6806640625 0.5462304409672831 0.0048828125 0.02418207681365576
0 0.72998046875 0.5568990042674253 0.005859375 0.03698435277382646
0 0.74853515625 0.47368421052631576 0.00390625 0.05263157894736842
0 0.78662109375 0.5832147937411095 0.005859375 0.09815078236130868
0 0.857421875 0.5547652916073968 0.0107421875 0.10953058321479374
0 0.8642578125 0.5547652916073968 0.0244140625 0.10953058321479374
