0 0.25634765625 0.5609271523178808 0.005859375 0.018543046357615896
0 0.33056640625 0.5298013245033113 0.0078125 0.09933774834437085
0 0.4384765625 0.6019867549668875 0.0068359375 0.09801324503311258
0 0.54638671875 0.4847682119205298 0.005859375 0.033112582781456956
0 0.5986328125 0.5271523178807948 0.0068359375 0.06490066225165562
0 0.58544921875 0.5781456953642384 0.005859375 0.07947019867549669
0 0.47509765625 0.4695364238410596 0.005859375 0.045033112582781455
0 0.705078125 0.5059602649006623 0.0048828125 0.03576158940397351
0 0.83740234375 0.5576158940397351 0.005859375 0.03576158940397351
0 0.87939453125 0.5576158940397351 0.046875 0.09403973509933775
